400	8.64194297791
400.292388916	-1.44742226601
400.58480835	-13.5612344742
400.877197266	-15.5365867615
401.169586182	-8.47263145447
401.461975098	-7.72752380371
401.754394531	-5.63992023468
402.046783447	-0.405799150467
402.339172363	3.30512857437
402.631591797	35.9339904785
402.923980713	14.6329565048
403.216369629	4.35218524933
403.508758545	-3.04040241241
403.801177979	-18.691324234
404.093566895	-21.3917732239
404.385955811	-8.98528957367
404.678375244	5.11842775345
404.97076416	6.94361305237
405.263153076	-4.00439453125
405.555541992	-13.7187595367
405.847961426	-11.7402868271
406.140350342	-9.33331394196
406.432739258	3.2130625248
406.725158691	11.1243963242
407.017547607	1.67419159412
407.309936523	4.14049053192
407.602325439	4.42197465897
407.894744873	-0.342228323221
408.187133789	3.73344564438
408.479522705	6.0986700058
408.771942139	-14.646490097
409.064331055	0.605209290981
409.356719971	11.7968502045
409.649108887	14.9640769958
409.94152832	19.7196483612
410.233917236	19.9007911682
410.526306152	22.3199710846
410.818725586	23.6851634979
411.111114502	14.4266080856
411.403503418	10.1138544083
411.695892334	25.9480724335
411.988311768	33.1526184082
412.280700684	20.8374252319
412.5730896	6.91798114777
412.865509033	7.2135925293
413.157897949	12.2196865082
413.450286865	11.8798332214
413.742675781	14.9127817154
414.035095215	20.7110786438
414.327484131	15.7149753571
414.619873047	4.20471191406
414.91229248	11.8623838425
415.204681396	33.9741897583
415.497070313	4.73443460464
415.789459229	12.4890632629
416.081878662	27.6345291138
416.374267578	47.5844688416
416.666656494	49.6830940247
416.959075928	35.0675697327
417.251464844	18.4586753845
417.54385376	20.3859119415
417.836242676	35.9598770142
418.128662109	43.4229698181
418.421051025	39.6912689209
418.713439941	20.3182125092
419.005859375	33.3391647339
419.298248291	44.2593231201
419.590637207	65.0596084595
419.883026123	50.9748802185
420.175445557	26.9340629578
420.467834473	26.416475296
420.760223389	55.8307723999
421.052642822	77.339515686
421.345031738	58.1454162598
421.637420654	37.1224594116
421.92980957	67.3629302979
422.222229004	16.5052185059
422.51461792	44.0928535461
422.807006836	53.9575920105
423.09942627	67.040802002
423.391815186	78.2951889038
423.684204102	85.9470291138
423.976593018	79.314453125
424.269012451	65.9413604736
424.561401367	63.1227493286
424.853790283	63.7853393555
425.146209717	58.5308990479
425.438598633	81.1524734497
425.730987549	66.2364501953
426.023406982	61.1421661377
426.315795898	70.9002151489
426.608184814	83.3633346558
426.90057373	84.7959442139
427.192993164	97.666267395
427.48538208	100.142326355
427.777770996	89.3427581787
428.07019043	102.90447998
428.362579346	78.7604293823
428.654968262	79.5245819092
428.947357178	92.3495254517
429.239776611	93.3316574097
429.532165527	99.9332122803
429.824554443	114.392425537
430.116973877	107.499320984
430.409362793	107.494911194
430.701751709	109.55569458
430.994140625	104.344261169
431.286560059	107.721168518
431.578948975	104.276580811
431.871337891	101.711387634
432.163757324	157.822433472
432.45614624	124.458648682
432.748535156	137.128311157
433.040924072	140.996231079
433.333343506	124.292327881
433.625732422	110.554031372
433.918121338	106.229316711
434.210540771	114.723655701
434.502929688	129.445327759
434.795318604	130.6953125
435.08770752	140.639160156
435.380126953	127.915725708
435.672515869	133.260681152
435.964904785	145.20111084
436.257324219	162.12538147
436.549713135	149.262817383
436.842102051	134.047973633
437.134490967	134.489364624
437.4269104	145.00982666
437.719299316	140.254455566
438.011688232	124.293502808
438.304107666	146.859619141
438.596496582	147.365463257
438.888885498	172.546127319
439.181274414	142.725799561
439.473693848	134.114181519
439.766082764	166.019454956
440.05847168	175.150543213
440.350891113	155.555770874
440.643280029	147.216903687
440.935668945	165.238372803
441.228057861	173.707351685
441.520477295	151.908248901
441.812866211	158.744903564
442.105255127	182.630386353
442.397674561	185.054412842
442.690063477	159.067840576
442.982452393	146.914260864
443.274841309	179.852249146
443.567260742	176.508453369
443.859649658	174.784805298
444.152038574	174.59387207
444.444458008	174.912445068
444.736846924	193.426834106
445.02923584	190.50177002
445.321624756	174.852355957
445.614044189	181.405044556
445.906433105	204.961425781
446.198822021	171.466796875
446.491241455	168.821243286
446.783630371	179.024841309
447.076019287	196.481140137
447.368408203	206.691329956
447.660827637	205.290649414
447.953216553	203.14390564
448.245605469	201.165390015
448.538024902	188.708557129
448.830413818	190.387252808
449.122802734	185.525192261
449.41519165	184.107696533
449.707611084	172.035629272
450	171.523910522
450.292388916	177.318572998
450.58480835	177.400558472
450.877197266	186.37272644
451.169586182	202.373931885
451.461975098	203.409805298
451.754394531	193.532562256
452.046783447	198.7840271
452.339172363	182.821121216
452.631591797	204.582550049
452.923980713	194.191680908
453.216369629	204.85597229
453.508758545	207.150146484
453.801177979	199.433074951
454.093566895	178.677444458
454.385955811	192.200378418
454.678375244	211.460357666
454.97076416	199.27772522
455.263153076	192.295043945
455.555541992	188.896850586
455.847961426	165.37361145
456.140350342	224.024475098
456.432739258	231.949768066
456.725158691	185.987319946
457.017547607	179.951416016
457.309936523	177.633773804
457.602325439	190.993637085
457.894744873	214.950866699
458.187133789	218.158615112
458.479522705	199.021652222
458.771942139	190.284057617
459.064331055	199.623153687
459.356719971	209.881942749
459.649108887	196.600189209
459.94152832	188.766159058
460.233917236	176.082565308
460.526306152	204.140411377
460.818725586	195.315414429
461.111114502	198.063446045
461.403503418	209.072723389
461.695892334	201.884963989
461.988311768	189.928375244
462.280700684	192.029937744
462.5730896	192.347793579
462.865509033	202.818695068
463.157897949	213.49105835
463.450286865	202.169509888
463.742675781	176.302307129
464.035095215	195.533218384
464.327484131	188.18800354
464.619873047	176.984619141
464.91229248	203.781936646
465.204681396	197.77192688
465.497070313	182.990905762
465.789459229	208.535324097
466.081878662	191.51210022
466.374267578	194.579956055
466.666656494	193.963241577
466.959075928	191.809646606
467.251464844	194.065246582
467.54385376	182.643112183
467.836242676	169.304244995
468.128662109	190.058105469
468.421051025	199.101791382
468.713439941	182.009262085
469.005859375	180.570739746
469.298248291	187.319015503
469.590637207	173.734283447
469.883026123	193.192779541
470.175445557	167.96446228
470.467834473	179.546722412
470.760223389	184.851165771
471.052642822	195.104537964
471.345031738	185.815216064
471.637420654	150.794708252
471.92980957	163.723892212
472.222229004	172.802459717
472.51461792	161.489715576
472.807006836	165.281448364
473.09942627	175.255523682
473.391815186	166.006973267
473.684204102	181.850723267
473.976593018	176.387329102
474.269012451	195.806228638
474.561401367	158.762527466
474.853790283	179.277648926
475.146209717	165.411636353
475.438598633	167.389419556
475.730987549	170.275878906
476.023406982	153.421096802
476.315795898	161.363235474
476.608184814	192.744812012
476.90057373	193.196456909
477.192993164	188.28503418
477.48538208	173.08996582
477.777770996	159.033798218
478.07019043	155.669494629
478.362579346	156.545471191
478.654968262	172.063034058
478.947357178	177.763946533
479.239776611	162.501708984
479.532165527	162.355697632
479.824554443	181.324676514
480.116973877	184.911804199
480.409362793	171.087814331
480.701751709	173.19229126
480.994140625	175.928619385
481.286560059	152.06993103
481.578948975	172.483001709
481.871337891	136.707855225
482.163757324	185.404586792
482.45614624	159.613311768
482.748535156	165.508560181
483.040924072	179.426528931
483.333343506	172.158416748
483.625732422	162.970413208
483.918121338	168.102005005
484.210540771	168.244537354
484.502929688	154.393692017
484.795318604	163.493057251
485.08770752	188.64831543
485.380126953	162.969070435
485.672515869	176.691238403
485.964904785	164.563537598
486.257324219	184.222915649
486.549713135	172.038085938
486.842102051	174.021240234
487.134490967	170.946517944
487.4269104	159.890075684
487.719299316	166.014831543
488.011688232	182.684738159
488.304107666	173.30456543
488.596496582	142.764526367
488.888885498	152.336532593
489.181274414	169.538909912
489.473693848	166.447570801
489.766082764	181.020065308
490.05847168	185.655303955
490.350891113	157.483627319
490.643280029	160.849838257
490.935668945	176.525360107
491.228057861	177.762908936
491.520477295	169.479660034
491.812866211	171.418121338
492.105255127	181.911758423
492.397674561	174.90977478
492.690063477	178.685150146
492.982452393	199.801345825
493.274841309	190.606033325
493.567260742	174.863555908
493.859649658	178.918960571
494.152038574	182.735855103
494.444458008	174.778778076
494.736846924	187.824661255
495.02923584	183.746047974
495.321624756	172.778503418
495.614044189	174.267959595
495.906433105	175.030395508
496.198822021	194.171264648
496.491241455	199.323318481
496.783630371	206.63458252
497.076019287	159.879455566
497.368408203	168.878952026
497.660827637	165.763671875
497.953216553	187.057373047
498.245605469	181.668197632
498.538024902	185.084899902
498.830413818	193.627868652
499.122802734	184.097824097
499.41519165	171.359527588
499.707611084	173.244735718
500	180.329208374
500.292388916	195.662689209
500.58480835	182.94682312
500.877197266	211.316696167
501.169586182	161.387237549
501.461975098	190.373794556
501.754394531	153.321029663
502.046783447	172.600067139
502.339172363	164.110549927
502.631591797	163.530685425
502.923980713	180.588043213
503.216369629	190.543838501
503.508758545	185.154678345
503.801177979	174.045013428
504.093566895	167.685379028
504.385955811	164.893386841
504.678375244	181.842559814
504.97076416	203.566421509
505.263153076	197.876220703
505.555541992	198.686767578
505.847961426	179.636184692
506.140350342	170.17010498
506.432739258	175.695495605
506.725158691	172.173477173
507.017547607	176.360229492
507.309936523	194.629760742
507.602325439	193.232040405
507.894744873	167.83380127
508.187133789	162.520080566
508.479522705	164.590133667
508.771942139	154.859375
509.064331055	137.41355896
509.356719971	152.927230835
509.649108887	163.009490967
509.94152832	170.617843628
510.233917236	169.129806519
510.526306152	153.54019165
510.818725586	145.06968689
511.111114502	152.546981812
511.403503418	153.034515381
511.695892334	152.178543091
511.988311768	166.050827026
512.280700684	150.345977783
512.573120117	143.416732788
512.865478516	142.498062134
513.157897949	117.519500732
513.450317383	133.81388855
513.742675781	149.240432739
514.035095215	146.654205322
514.327514648	140.60508728
514.619873047	132.470825195
514.91229248	122.43221283
515.204650879	121.220321655
515.497070313	130.862854004
515.789489746	149.29006958
516.081848145	163.25932312
516.374267578	141.029296875
516.666687012	119.7526474
516.95904541	146.362533569
517.251464844	148.37298584
517.543884277	141.599502563
517.836242676	138.6927948
518.128662109	152.51550293
518.421081543	152.84992981
518.713439941	157.296737671
519.005859375	133.588928223
519.298217773	128.895111084
519.590637207	135.142868042
519.883056641	124.509277344
520.175415039	120.09450531
520.467834473	105.844947815
520.760253906	109.998474121
521.052612305	114.187950134
521.345031738	117.629554749
521.637451172	112.485221863
521.92980957	118.099754333
522.222229004	121.47592926
522.514648438	112.850883484
522.807006836	119.355789185
523.09942627	111.365516663
523.391784668	102.316711426
523.684204102	90.2126617432
523.976623535	91.5231704712
524.268981934	110.782470703
524.561401367	103.062210083
524.853820801	103.371002197
525.146179199	100.075126648
525.438598633	102.138076782
525.731018066	116.954437256
526.023376465	82.4454269409
526.315795898	90.0628204346
526.608215332	102.184356689
526.90057373	106.050834656
527.192993164	85.4138259888
527.485351563	98.9614639282
527.777770996	112.591300964
528.07019043	93.1527786255
528.362548828	86.2570495605
528.654968262	101.734550476
528.947387695	83.8245925903
529.239746094	60.7218322754
529.532165527	79.350944519
529.824584961	72.0750198364
530.116943359	79.596282959
530.409362793	70.0308074951
530.701782227	69.40650177
530.994140625	39.9382629395
531.286560059	36.3930511475
531.578918457	53.6091423035
531.871337891	69.6830749512
532.163757324	72.8441619873
532.456115723	63.8624954224
532.748535156	54.5326194763
533.04095459	49.7191009521
533.333312988	44.3136062622
533.625732422	62.2334861755
533.918151855	106.472702026
534.210510254	73.1953811646
534.502929688	74.1836166382
534.795349121	52.6606254578
535.08770752	60.2160682678
535.380126953	70.1798934937
535.672485352	64.0273284912
535.964904785	64.3036499023
536.257324219	50.3968696594
536.549682617	33.9171600342
536.842102051	42.5015869141
537.134521484	52.4146308899
537.426879883	40.0945854187
537.719299316	36.7029418945
538.01171875	30.8471851349
538.304077148	34.5959892273
538.596496582	57.8752441406
538.888916016	44.0990753174
539.181274414	34.2446060181
539.473693848	45.6420249939
539.766052246	27.5011806488
540.05847168	24.2152481079
540.350891113	29.4410362244
540.643249512	41.8980903625
540.935668945	33.164894104
541.228088379	25.727350235
541.520446777	30.8933887482
541.812866211	14.9238643646
542.105285645	7.79125261307
542.397644043	4.15870761871
542.690063477	30.8610572815
542.98248291	26.3336696625
543.274841309	44.8046417236
543.567260742	15.5648527145
543.859619141	16.8265953064
544.152038574	0.847547769547
544.444458008	22.8958454132
544.736816406	18.0538272858
545.02923584	8.68806171417
545.321655273	5.55886793137
545.614013672	27.7805709839
545.906433105	33.6027946472
546.198852539	4.5187664032
546.491210938	25.2702541351
546.783630371	34.890083313
547.076049805	3.16811823845
547.368408203	9.82951927185
547.660827637	-11.8624191284
547.953186035	-7.41097927094
548.245605469	10.7586555481
548.538024902	31.8430843353
548.830383301	17.432220459
549.122802734	14.9785642624
549.415222168	3.30225133896
549.707580566	-14.2118854523
550	-26.2368297577
550.292419434	-17.5972251892
550.584777832	-6.68484830856
550.877197266	-6.96091461182
551.169616699	19.4179172516
551.461975098	24.0988235474
551.754394531	22.1395187378
552.046813965	20.9009189606
552.339172363	11.2778711319
552.631591797	22.937707901
552.923950195	-15.6391973495
553.216369629	-28.0323390961
553.508789063	-11.5434007645
553.801147461	2.1438536644
554.093566895	0.0336707830429
554.385986328	7.74868345261
554.678344727	-6.94296836853
554.97076416	-18.715259552
555.263183594	6.85473251343
555.555541992	12.611079216
555.847961426	-7.65803909302
556.140380859	-11.1871671677
556.432739258	10.0511131287
556.725158691	6.43751192093
557.01751709	6.3618273735
557.309936523	10.2836275101
557.602355957	-5.43031549454
557.894714355	6.57163667679
558.187133789	-6.51339960098
558.479553223	-8.22661018372
558.771911621	-3.73222613335
559.064331055	-14.0933856964
559.356750488	-15.5988321304
559.649108887	2.05912590027
559.94152832	2.34615969658
560.233947754	-20.9825286865
560.526306152	-29.8397083282
560.818725586	-32.4945678711
561.111083984	-19.0487689972
561.403503418	-16.6230621338
561.695922852	-4.46224927902
561.98828125	7.45889234543
562.280700684	-38.4283905029
562.573120117	-20.7131328583
562.865478516	15.5034179688
563.157897949	26.6278553009
563.450317383	27.0811481476
563.742675781	25.3077087402
564.035095215	26.1328296661
564.327514648	14.1517972946
564.619873047	-1.49468827248
564.91229248	-0.0621465854347
565.204650879	1.07066488266
565.497070313	-3.12447881699
565.789489746	-15.2705507278
566.081848145	28.464799881
566.374267578	7.43884563446
566.666687012	19.2734870911
566.95904541	11.2554197311
567.251464844	23.2680397034
567.543884277	11.8121538162
567.836242676	-7.23594284058
568.128662109	-2.06927037239
568.421081543	-1.39649426937
568.713439941	10.1733293533
569.005859375	17.8937129974
569.298217773	0.4198346138
569.590637207	-6.69523096085
569.883056641	13.9812068939
570.175415039	16.6274471283
570.467834473	-1.61945521832
570.760253906	-19.9923324585
571.052612305	18.3543453217
571.345031738	31.8537807465
571.637451172	8.30927276611
571.92980957	18.5072689056
572.222229004	32.2230148315
572.514648438	16.4966201782
572.807006836	17.7185440063
573.09942627	9.07637786865
573.391784668	9.16792964935
573.684204102	18.2066726685
573.976623535	27.9944400787
574.268981934	35.5720748901
574.561401367	28.0568637848
574.853820801	13.3465824127
575.146179199	26.1637210846
575.438598633	38.8726272583
575.731018066	9.18700695038
576.023376465	30.472650528
576.315795898	33.367351532
576.608215332	11.599697113
576.90057373	7.2205452919
577.192993164	25.7832145691
577.485351563	23.4611911774
577.777770996	53.0028648376
578.07019043	41.1006889343
578.362548828	41.6624565125
578.654968262	49.5093040466
578.947387695	47.1830558777
579.239746094	48.3473625183
579.532165527	40.0347862244
579.824584961	21.8972606659
580.116943359	36.7156181335
580.409362793	60.2712059021
580.701782227	53.4464263916
580.994140625	57.4478874207
581.286560059	44.7539672852
581.578918457	32.5044517517
581.871337891	41.3898773193
582.163757324	32.3553771973
582.456115723	45.6468811035
582.748535156	36.4199981689
583.04095459	40.8830566406
583.333312988	38.2551269531
583.625732422	52.1993865967
583.918151855	59.8042907715
584.210510254	44.7840270996
584.502929688	42.20753479
584.795349121	49.5490112305
585.08770752	37.8029174805
585.380126953	31.5233020782
585.672485352	23.9041595459
585.964904785	8.62332248688
586.257324219	63.7148017883
586.549682617	61.1620635986
586.842102051	48.0535888672
587.134521484	59.6323738098
587.426879883	45.7058563232
587.719299316	86.4867858887
588.01171875	70.9776763916
588.304077148	35.3221626282
588.596496582	52.5271644592
588.888916016	66.12084198
589.181274414	61.3288459778
589.473693848	51.4064064026
589.766052246	51.423740387
590.05847168	57.8736152649
590.350891113	48.4631385803
590.643249512	36.2348670959
590.935668945	38.4950447083
591.228088379	62.8970680237
591.520446777	50.7798805237
591.812866211	71.5434799194
592.105285645	49.0687942505
592.397644043	46.5309486389
592.690063477	41.7916183472
592.98248291	58.5886611938
593.274841309	72.8550186157
593.567260742	69.2484970093
593.859619141	56.4965438843
594.152038574	62.4315261841
594.444458008	64.0501022339
594.736816406	50.4414596558
595.02923584	58.2829360962
595.321655273	60.4769515991
595.614013672	41.1646957397
595.906433105	62.3865432739
596.198852539	73.4135665894
596.491210938	66.56224823
596.783630371	65.7323379517
597.076049805	67.0164413452
597.368408203	41.822593689
597.660827637	68.23462677
597.953186035	47.1923904419
598.245605469	54.9974937439
598.538024902	81.3208999634
598.830383301	43.3467788696
599.122802734	53.5105247498
599.415222168	58.8463859558
599.707580566	56.5612297058
600	46.3897666931
600.292419434	48.4380302429
600.584777832	58.0542411804
600.877197266	58.0558738708
601.169616699	68.9620513916
601.461975098	76.7230377197
601.754394531	56.9478111267
602.046813965	66.8805999756
602.339172363	68.3691253662
602.631591797	77.337310791
602.923950195	57.4032249451
603.216369629	59.1292228699
603.508789063	67.568359375
603.801147461	65.3044433594
604.093566895	55.8404998779
604.385986328	58.1233825684
604.678344727	58.7906188965
604.97076416	57.8659820557
605.263183594	61.3070678711
605.555541992	65.6012573242
605.847961426	53.7830657959
606.140380859	42.7793273926
606.432739258	40.2270812988
606.725158691	37.0146026611
607.01751709	41.4052276611
607.309936523	33.4029541016
607.602355957	37.7937469482
607.894714355	35.1580047607
608.187133789	54.5231628418
608.479553223	46.5995063782
608.771911621	32.4447174072
609.064331055	49.0557289124
609.356750488	38.6779670715
609.649108887	18.9301624298
609.94152832	28.0587501526
610.233947754	41.4773750305
610.526306152	46.837726593
610.818725586	4.89819717407
611.111083984	4.7956571579
611.403503418	7.68059110641
611.695922852	4.64999818802
611.98828125	36.0586891174
612.280700684	53.329120636
612.573120117	34.9144935608
612.865478516	36.5289955139
613.157897949	47.5684700012
613.450317383	40.3928604126
613.742675781	31.0469112396
614.035095215	35.2968330383
614.327514648	29.1173152924
614.619873047	16.6632137299
614.91229248	34.6279830933
615.204650879	51.8806648254
615.497070313	24.7304439545
615.789489746	30.7750473022
616.081848145	26.1988735199
616.374267578	22.4600296021
616.666687012	36.1862716675
616.95904541	26.7719650269
617.251464844	19.9908828735
617.543884277	19.0171756744
617.836242676	21.7727890015
618.128662109	35.4614334106
618.421081543	32.9708786011
618.713439941	25.8922653198
619.005859375	32.8555679321
619.298217773	13.6368188858
619.590637207	33.9204330444
619.883056641	12.2003879547
620.175415039	26.5499973297
620.467834473	-15.6278133392
620.760253906	10.9939374924
621.052612305	19.0908603668
621.345031738	34.0898094177
621.637451172	26.3756217957
621.92980957	17.6707859039
622.222229004	-6.80829238892
622.514648438	-6.89577007294
622.807006836	-4.44020462036
623.09942627	-19.2999000549
623.391784668	-18.9300270081
623.684204102	10.7049074173
623.976623535	27.6723613739
624.268981934	20.2321739197
624.561401367	19.19181633
624.853820801	20.3326091766
625.146179199	20.1802654266
625.438598633	14.6350231171
625.731018066	10.5311880112
626.023376465	10.7211284637
626.315795898	19.8607006073
626.608215332	-1.93942284584
626.90057373	17.2637004852
627.192993164	4.95259046555
627.485351563	-15.1587381363
627.777770996	6.34084606171
628.07019043	-13.7608098984
628.362548828	14.3615560532
628.654968262	9.5189332962
628.947387695	6.15336084366
629.239746094	10.0997009277
629.532165527	13.3635234833
629.824584961	15.3558616638
630.116943359	-0.784223735332
630.409362793	-10.8224029541
630.701782227	-3.33177423477
630.994140625	-11.0221529007
631.286560059	-4.61941385269
631.578918457	-19.6462173462
631.871337891	-19.5703830719
632.163757324	-9.54996967316
632.456115723	28.3451004028
632.748535156	30.3550167084
633.04095459	4.644718647
633.333312988	-11.1882381439
633.625732422	14.9217758179
633.918151855	4.14262962341
634.210510254	14.3643608093
634.502929688	-7.10472679138
634.795349121	-10.8484725952
635.08770752	5.72652959824
635.380126953	6.73937559128
635.672485352	0.306321382523
635.964904785	8.87654018402
636.257324219	16.274394989
636.549682617	7.96414470673
636.842102051	0.0929572060704
637.134521484	3.81771707535
637.426879883	12.5746040344
637.719299316	16.930223465
638.01171875	16.3783721924
638.304077148	24.541021347
638.596496582	-0.622890591621
638.888916016	-19.6300640106
639.181274414	-17.1536941528
639.473693848	8.42384815216
639.766052246	12.3714094162
640.05847168	19.625711441
640.350891113	7.08899593353
640.643249512	11.1368989944
640.935668945	10.4449110031
641.228088379	-0.329352706671
641.520446777	-10.7531290054
641.812866211	7.82392549515
642.105285645	23.4642124176
642.397644043	9.72256469727
642.690063477	6.75127983093
642.98248291	25.9735984802
643.274841309	32.2097320557
643.567260742	17.0367889404
643.859619141	3.61960363388
644.152038574	5.44885587692
644.444458008	8.95340061188
644.736816406	10.1739110947
645.02923584	5.79369068146
645.321655273	-8.64610004425
645.614013672	-14.7759313583
645.906433105	27.2298336029
646.198852539	15.3464393616
646.491210938	-17.4362239838
646.783630371	15.3874130249
647.076049805	22.5789699554
647.368408203	21.1346855164
647.660827637	0.531808495522
647.953186035	-0.13586473465
648.245605469	-3.91696405411
648.538024902	-3.90192103386
648.830383301	4.99656772614
649.122802734	0.0619039200246
649.415222168	-13.3878965378
649.707580566	-6.6583533287
650	8.51074314117
650.292419434	10.0399456024
650.584777832	4.79927492142
650.877197266	-0.557996630669
651.169616699	2.68971252441
651.461975098	13.2224788666
651.754394531	26.3915748596
652.046813965	56.4100341797
652.339172363	11.185965538
652.631591797	35.2652168274
652.923950195	36.7220573425
653.216369629	16.7932529449
653.508789063	-5.03789615631
653.801147461	1.28124690056
654.093566895	22.3265628815
654.385986328	-1.51410627365
654.678344727	35.9285736084
654.97076416	25.1230583191
655.263183594	31.2750644684
655.555541992	13.2636413574
655.847961426	33.2078819275
656.140380859	32.341091156
656.432739258	15.42537117
656.725158691	12.5427083969
657.01751709	18.5732784271
657.309936523	16.4706459045
657.602355957	1.61166477203
657.894714355	8.2821264267
658.187133789	32.5422859192
658.479553223	37.2377510071
658.771911621	10.7568435669
659.064331055	32.7560195923
659.356750488	44.2190589905
659.649108887	36.9896202087
659.94152832	52.1555404663
660.233947754	49.3492927551
660.526306152	38.0641899109
660.818725586	35.5286941528
661.111083984	35.2025756836
661.403503418	36.9991111755
661.695922852	25.9150352478
661.98828125	28.2627410889
662.280700684	62.8388214111
662.573120117	50.0069389343
662.865478516	39.7804298401
663.157897949	40.7803344727
663.450317383	39.0026550293
663.742675781	49.7329292297
664.035095215	45.3224372864
664.327514648	28.8841094971
664.619873047	50.6375770569
664.91229248	72.6391906738
665.204650879	51.3824081421
665.497070313	38.6899337769
665.789489746	58.4127388
666.081848145	45.2350578308
666.374267578	43.8274917603
666.666687012	46.8735427856
666.95904541	58.2813072205
667.251464844	60.8549461365
667.543884277	38.6007003784
667.836242676	54.5690155029
668.128662109	66.3335723877
668.421081543	62.4042739868
668.713439941	32.0925598145
669.005859375	65.4183959961
669.298217773	59.0102424622
669.590637207	62.5560455322
669.883056641	56.885055542
670.175415039	45.2239723206
670.467834473	49.4958534241
670.760253906	38.7230529785
671.052612305	36.4538192749
671.345031738	44.1534309387
671.637451172	59.9966011047
671.92980957	62.8115921021
672.222229004	52.4011001587
672.514648438	57.5904579163
672.807006836	59.8810348511
673.09942627	75.4077987671
673.391784668	62.480846405
673.684204102	63.171672821
673.976623535	60.653755188
674.268981934	65.9702148438
674.561401367	69.9566955566
674.853820801	50.3469810486
675.146179199	69.6705169678
675.438598633	54.6848297119
675.731018066	43.183757782
676.023376465	67.2233581543
676.315795898	53.4664306641
676.608215332	62.0659484863
676.90057373	42.7386054993
677.192993164	57.8012542725
677.485351563	51.472694397
677.777770996	56.5924720764
678.07019043	57.3016090393
678.362548828	53.7445297241
678.654968262	53.0186080933
678.947387695	37.3034248352
679.239746094	47.5246696472
679.532165527	62.7623672485
679.824584961	66.8716506958
680.116943359	52.4681358337
680.409362793	43.1755638123
680.701782227	59.6705856323
680.994140625	64.2389984131
681.286560059	52.9591178894
681.578918457	56.4181518555
681.871337891	69.1370544434
682.163757324	53.3708457947
682.456115723	57.1140632629
682.748535156	71.8520050049
683.04095459	65.7845306396
683.333312988	63.4420509338
683.625732422	63.7664222717
683.918151855	65.191619873
684.210510254	66.0744857788
684.502929688	66.5277633667
684.795349121	52.181476593
685.08770752	71.2325515747
685.380126953	63.4097061157
685.672485352	72.1328964233
685.964904785	55.7092208862
686.257324219	37.4027328491
686.549682617	48.1720695496
686.842102051	66.5032730103
687.134521484	75.0065994263
687.426879883	77.2407836914
687.719299316	56.6464500427
688.01171875	41.5220909119
688.304077148	50.3175506592
688.596496582	52.2429962158
688.888916016	45.5942192078
689.181274414	55.3284034729
689.473693848	46.5809936523
689.766052246	33.1196174622
690.05847168	54.7538032532
690.350891113	48.8374481201
690.643249512	64.9310073853
690.935668945	48.6088905334
691.228088379	40.4586524963
691.520446777	36.837852478
691.812866211	15.8372716904
692.105285645	48.9421577454
692.397644043	62.7486076355
692.690063477	58.2077407837
692.98248291	57.0242996216
693.274841309	53.694026947
693.567260742	53.6038475037
693.859619141	66.633682251
694.152038574	43.4326591492
694.444458008	21.6500968933
694.736816406	24.2194843292
695.02923584	70.0116271973
695.321655273	69.9861450195
695.614013672	49.0023078918
695.906433105	45.26612854
696.198852539	38.8488006592
696.491210938	61.4416236877
696.783630371	55.2874794006
697.076049805	48.4267883301
697.368408203	47.1602401733
697.660827637	23.2526741028
697.953186035	37.9697685242
698.245605469	45.5983352661
698.538024902	52.9417457581
698.830383301	65.0724105835
699.122802734	57.7278366089
699.415222168	41.6459579468
699.707580566	37.1770133972
700	38.923992157
700.292419434	35.3794631958
700.584777832	39.9671630859
700.877197266	46.575466156
701.169616699	34.9020347595
701.461975098	38.4899749756
701.754394531	55.8814849854
702.046813965	45.1509208679
702.339172363	45.7151832581
702.631591797	40.7895507813
702.923950195	50.9045906067
703.216369629	46.4206123352
703.508789063	11.0948352814
703.801147461	37.6522598267
704.093566895	43.0523109436
704.385986328	12.3793668747
704.678344727	43.3906478882
704.97076416	25.0931911469
705.263183594	46.3199043274
705.555541992	56.2176628113
705.847961426	45.1018447876
706.140380859	48.7331008911
706.432739258	36.3002891541
706.725158691	25.1502933502
707.01751709	39.5492706299
707.309936523	47.6585502625
707.602355957	50.399181366
707.894714355	53.2356567383
708.187133789	37.4313659668
708.479553223	29.5030498505
708.771911621	26.5416755676
709.064331055	19.1922149658
709.356750488	35.5607757568
709.649108887	39.9949073792
709.94152832	52.5780677795
710.233947754	26.147064209
710.526306152	50.1051254272
710.818725586	2.63945412636
711.111083984	29.1868686676
711.403503418	37.4296951294
711.695922852	49.982334137
711.98828125	46.2194480896
712.280700684	33.530632019
712.573120117	17.5752182007
712.865478516	24.6167736053
713.157897949	27.4909477234
713.450317383	36.842414856
713.742675781	39.440612793
714.035095215	45.0398826599
714.327514648	50.0700645447
714.619873047	37.6316375732
714.91229248	35.5353546143
715.204650879	40.2019081116
715.497070313	23.3097248077
715.789489746	19.9761352539
716.081848145	48.1942024231
716.374267578	49.6394233704
716.666687012	55.1739959717
716.95904541	42.3224868774
717.251464844	36.4342079163
717.543884277	25.3733253479
717.836242676	62.840171814
718.128662109	51.5751876831
718.421081543	44.2552680969
718.713439941	30.9911594391
719.005859375	50.3301773071
719.298217773	54.3773498535
719.590637207	22.8284263611
719.883056641	53.0902938843
720.175415039	32.4389801025
720.467834473	28.3744335175
720.760253906	40.0340080261
721.052612305	39.5469970703
721.345031738	44.1665344238
721.637451172	35.2748374939
721.92980957	27.5600452423
722.222229004	30.7037506104
722.514648438	34.0422821045
722.807006836	43.7281227112
723.09942627	29.7988300323
723.391784668	22.1812057495
723.684204102	37.2013778687
723.976623535	53.0921516418
724.268981934	24.7447910309
724.561401367	18.1236038208
724.853820801	42.6322975159
725.146179199	35.2798118591
725.438598633	51.3392868042
725.731018066	32.2686386108
726.023376465	22.1497936249
726.315795898	9.06107616425
726.608215332	30.9882278442
726.90057373	42.6149902344
727.192993164	37.7081565857
727.485351563	62.6501045227
727.777770996	37.6968841553
728.07019043	42.0034332275
728.362548828	32.1362953186
728.654968262	39.6882019043
728.947387695	33.4378662109
729.239746094	30.5814723969
729.532165527	43.118976593
729.824584961	42.0871429443
730.116943359	42.3098526001
730.409362793	43.2108802795
730.701782227	28.440279007
730.994140625	19.1485824585
731.286560059	24.5691432953
731.578918457	28.0176811218
731.871337891	25.5036716461
732.163757324	32.1883926392
732.456115723	75.312713623
732.748535156	30.1988487244
733.04095459	44.8423080444
733.333312988	29.0508575439
733.625732422	19.2079906464
733.918151855	38.8477897644
734.210510254	65.4130249023
734.502929688	32.6895446777
734.795349121	16.8210411072
735.08770752	31.4150867462
735.380126953	23.6386260986
735.672485352	45.7631912231
735.964904785	37.8900489807
736.257324219	41.5701332092
736.549682617	31.3663253784
736.842102051	32.0305404663
737.134521484	27.6471443176
737.426879883	35.6406021118
737.719299316	49.813117981
738.01171875	48.4660987854
738.304077148	55.0518455505
738.596496582	57.7216720581
738.888916016	57.8133773804
739.181274414	55.1310539246
739.473693848	20.1856479645
739.766052246	46.8346252441
740.05847168	42.1567993164
740.350891113	24.3984031677
740.643249512	47.5168647766
740.935668945	32.4169158936
741.228088379	24.1924571991
741.520446777	36.0999794006
741.812866211	30.2002277374
742.105285645	77.3793334961
742.397644043	47.1882209778
742.690063477	32.3851509094
742.98248291	52.0037078857
743.274841309	35.5740737915
743.567260742	49.0183143616
743.859619141	29.3821353912
744.152038574	43.0617294312
744.444458008	38.3968429565
744.736816406	15.3226737976
745.02923584	15.2664279938
745.321655273	40.5810317993
745.614013672	46.2969017029
745.906433105	47.0023765564
746.198852539	30.6363162994
746.491210938	12.7652740479
746.783630371	31.4285106659
747.076049805	51.8476066589
747.368408203	59.4072265625
747.660827637	52.4230041504
747.953186035	37.1044502258
748.245605469	54.8502082825
748.538024902	57.6748199463
748.830383301	30.5205745697
749.122802734	27.8710670471
749.415222168	45.2323036194
749.707580566	26.0607223511
750	35.3667793274
750.292419434	31.9155158997
750.584777832	25.1003818512
750.877197266	37.3029251099
751.169616699	70.4554214478
751.461975098	48.1131858826
751.754394531	47.8662643433
752.046813965	63.8478622437
752.339172363	60.510509491
752.631591797	68.234046936
752.923950195	53.787322998
753.216369629	52.5355224609
753.508789063	53.4077415466
753.801147461	54.6138496399
754.093566895	64.7685394287
754.385986328	55.9061393738
754.678344727	63.0016517639
754.97076416	52.070892334
755.263183594	41.1306152344
755.555541992	63.8301277161
755.847961426	71.5795440674
756.140380859	50.370223999
756.432739258	33.6036758423
756.725158691	37.1140785217
757.01751709	37.8341026306
757.309936523	62.4504623413
757.602355957	68.8275680542
757.894714355	42.0363578796
758.187133789	21.5775241852
758.479553223	33.3318252563
758.771911621	33.4156150818
759.064331055	19.7836875916
759.356750488	93.128074646
759.649108887	25.8002471924
759.94152832	52.1653862
760.233947754	55.7434196472
760.526306152	48.8069458008
760.818725586	42.640838623
761.111083984	53.7612495422
761.403503418	44.3182868958
761.695922852	43.9424591064
761.98828125	4.11072397232
762.280700684	29.5156593323
762.573120117	38.936466217
762.865478516	36.7675704956
763.157897949	49.9102973938
763.450317383	48.9314460754
763.742675781	48.635597229
764.035095215	24.4184646606
764.327514648	14.8019151688
764.619873047	29.385219574
764.91229248	28.3619308472
765.204650879	28.15275383
765.497070313	40.3750724792
765.789489746	29.9194126129
766.081848145	4.12356615067
766.374267578	8.57879447937
766.666687012	35.564540863
766.95904541	33.9183502197
767.251464844	-0.109573513269
767.543884277	9.51753044128
767.836242676	26.4487342834
768.128662109	40.546295166
768.421081543	14.1367788315
768.713439941	15.7303361893
769.005859375	22.0454292297
769.298217773	49.7713088989
769.590637207	15.3654546738
769.883056641	3.78064393997
770.175415039	42.746761322
770.467834473	19.0535507202
770.760253906	22.6852931976
771.052612305	-13.1110420227
771.345031738	23.2816867828
771.637451172	15.8140640259
771.92980957	28.8795452118
772.222229004	27.8340415955
772.514648438	18.2611942291
772.807006836	26.8337554932
773.09942627	21.8385448456
773.391784668	19.998506546
773.684204102	12.394654274
773.976623535	13.7705373764
774.268981934	25.4534492493
774.561401367	25.1845569611
774.853820801	22.3932037354
775.146179199	13.9589290619
775.438598633	11.0457496643
775.731018066	7.01440620422
776.023376465	5.24639081955
776.315795898	2.62422704697
776.608215332	8.09605693817
776.90057373	42.6410293579
777.192993164	25.7766799927
777.485351563	8.71716022491
777.777770996	6.16046476364
778.07019043	-23.9879398346
778.362548828	0.251202642918
778.654968262	19.8855133057
778.947387695	43.8665046692
779.239746094	41.3363571167
779.532165527	9.11153793335
779.824584961	3.45043802261
780.116943359	-14.4471387863
780.409362793	9.35245513916
780.701782227	11.4054670334
780.994140625	1.42561495304
781.286560059	-5.0694694519
781.578918457	6.50121593475
781.871337891	2.11550688744
782.163757324	9.29010009766
782.456115723	23.1984329224
782.748535156	7.39646339417
783.04095459	9.86719989777
783.333312988	-1.87998628616
783.625732422	0.474538952112
783.918151855	4.85128116608
784.210510254	12.1443786621
784.502929688	-4.24621343613
784.795349121	4.25113391876
785.08770752	-11.2211494446
785.380126953	1.57624673843
785.672485352	-6.19828271866
785.964904785	4.47850799561
786.257324219	0.487818419933
786.549682617	-17.2251873016
786.842102051	-3.55596518517
787.134521484	13.7736577988
787.426879883	8.35337638855
787.719299316	2.32386827469
788.01171875	3.38127422333
788.304077148	-1.01141929626
788.596496582	5.29378938675
788.888916016	12.1446523666
789.181274414	22.091802597
789.473693848	24.3110733032
789.766052246	16.2076873779
790.05847168	11.0778369904
790.350891113	-0.0395612642169
790.643249512	21.2110557556
790.935668945	31.4193401337
791.228088379	33.2907104492
791.520446777	9.5620803833
791.812866211	10.2718305588
792.105285645	67.0943756104
792.397644043	24.4941596985
792.690063477	15.9338903427
792.98248291	57.4705429077
793.274841309	62.4977722168
793.567260742	27.0910682678
793.859619141	29.6937351227
794.152038574	24.1366386414
794.444458008	53.5185089111
794.736816406	27.027425766
795.02923584	-9.45471858978
795.321655273	53.6761741638
795.614013672	19.9826984406
795.906433105	19.5242366791
796.198852539	19.0657730103
796.491210938	36.39012146
796.783630371	32.8376617432
797.076049805	15.7341804504
797.368408203	21.4779605865
797.660827637	25.8642253876
797.953186035	14.9297828674
798.245605469	20.695930481
798.538024902	16.1559238434
798.830383301	26.2100067139
799.122802734	29.7513008118
799.415222168	8.82042503357
799.707580566	12.5290498734
800	25.8701477051
800.292419434	14.1375141144
800.584777832	11.048043251
800.877197266	22.6703910828
801.169616699	21.6328258514
801.461975098	31.0155239105
801.754394531	51.9252243042
802.046813965	30.6557254791
802.339172363	4.80575704575
802.631591797	31.8970985413
802.923950195	25.6921482086
803.216369629	38.8518486023
803.508789063	45.2886505127
803.801147461	36.6193466187
804.093566895	40.9291915894
804.385986328	35.8205833435
804.678344727	42.3072853088
804.97076416	59.4728431702
805.263183594	47.6164321899
805.555541992	29.2386322021
805.847961426	65.1666412354
806.140380859	59.736743927
806.432739258	39.1443443298
806.725158691	49.5152282715
807.01751709	42.7758522034
807.309936523	60.3923416138
807.602355957	22.4023838043
807.894714355	40.1063690186
808.187133789	20.6513252258
808.479553223	28.0097560883
808.771911621	44.2977256775
809.064331055	37.7130432129
809.356750488	33.5260658264
809.649108887	51.3057327271
809.94152832	32.0325737
810.233947754	41.8377838135
810.526306152	54.8669624329
810.818725586	55.7297897339
811.111083984	41.3336791992
811.403503418	77.1801452637
811.695922852	61.7387733459
811.98828125	61.3045768738
812.280700684	75.5944061279
812.573120117	44.6938018799
812.865478516	39.5970077515
813.157897949	55.8985557556
813.450317383	49.0033226013
813.742675781	57.0259132385
814.035095215	61.4495315552
814.327514648	37.4424819946
814.619873047	22.84715271
814.91229248	44.6250190735
815.204650879	59.7308578491
815.497070313	53.2157554626
815.789489746	60.7204284668
816.081848145	57.7845191956
816.374267578	42.0701980591
816.666687012	42.4820976257
816.95904541	40.4900398254
817.251464844	39.6524238586
817.543884277	44.7564620972
817.836242676	54.3903808594
818.128662109	44.1477355957
818.421081543	46.5889320374
818.713439941	53.2599601746
819.005859375	55.6457328796
819.298217773	75.8028488159
819.590637207	45.4476547241
819.883056641	52.1769332886
820.175415039	47.0005493164
820.467834473	30.549654007
820.760253906	46.9693641663
821.052612305	45.3086051941
821.345031738	34.5330047607
821.637451172	70.7793731689
821.92980957	58.8442001343
822.222229004	64.5136642456
822.514648438	59.3574485779
822.807006836	63.6896095276
823.09942627	60.796333313
823.391784668	47.3203887939
823.684204102	36.8089447021
823.976623535	79.6353912354
824.268981934	45.6787376404
824.561401367	70.5933227539
824.853820801	69.2942810059
825.146179199	76.6598892212
825.438598633	59.560798645
825.731018066	54.3569755554
826.023376465	62.7111091614
826.315795898	79.9762802124
826.608215332	70.6425704956
826.90057373	54.2718505859
827.192993164	61.4256896973
827.485351563	70.876991272
827.777770996	29.7078361511
828.07019043	63.839214325
828.362548828	71.8657150269
828.654968262	62.8393783569
828.947387695	64.6340866089
829.239746094	44.8168334961
829.532165527	62.1786842346
829.824584961	64.0891189575
830.116943359	48.5760612488
830.409362793	68.6688690186
830.701782227	48.7646064758
830.994140625	32.7119979858
831.286560059	36.0836143494
831.578918457	36.8996620178
831.871337891	37.2356300354
832.163757324	48.7603225708
832.456115723	45.3578643799
832.748535156	50.3097991943
833.04095459	39.0825386047
833.333312988	44.9864768982
833.625732422	68.3383178711
833.918151855	60.0597839355
834.210510254	41.5831069946
834.502929688	41.0426139832
834.795349121	55.978679657
835.08770752	68.0801239014
835.380126953	66.4192733765
835.672485352	52.5819969177
835.964904785	43.4555664063
836.257324219	36.8916358948
836.549682617	46.0130996704
836.842102051	64.8134307861
837.134521484	55.7424163818
837.426879883	43.6138801575
837.719299316	52.6351547241
838.01171875	44.8497886658
838.304077148	16.9885883331
838.596496582	18.5396461487
838.888916016	35.4854812622
839.181274414	35.4607086182
839.473693848	29.7612762451
839.766052246	57.2057418823
840.05847168	26.6034793854
840.350891113	25.6503868103
840.643249512	34.1632118225
840.935668945	43.4122695923
841.228088379	33.642036438
841.520446777	56.8216094971
841.812866211	58.5440559387
842.105285645	50.7733345032
842.397644043	23.036403656
842.690063477	46.5227661133
842.98248291	50.6106872559
843.274841309	48.7084732056
843.567260742	53.5664176941
843.859619141	36.4854888916
844.152038574	36.1124763489
844.444458008	28.3371200562
844.736816406	37.6524353027
845.02923584	59.0755615234
845.321655273	31.3199806213
845.614013672	28.6970615387
845.906433105	21.5696525574
846.198852539	43.8482513428
846.491210938	10.5475978851
846.783630371	1.70290482044
847.076049805	44.3030357361
847.368408203	64.8170776367
847.660827637	30.0317134857
847.953186035	63.8057670593
848.245605469	34.8111724854
848.538024902	41.6586151123
848.830383301	63.4343795776
849.122802734	33.4866600037
849.415222168	34.5941123962
849.707580566	30.3542518616
850	68.6089248657
850.292419434	60.6597366333
850.584777832	33.9540557861
850.877197266	23.212146759
851.169616699	38.0156478882
851.461975098	28.2062034607
851.754394531	29.8739624023
852.046813965	33.887424469
852.339172363	29.1116733551
852.631591797	29.1239128113
852.923950195	11.1213560104
853.216369629	27.1597194672
853.508789063	18.9971542358
853.801147461	46.3293151855
854.093566895	35.9375
854.385986328	37.9160499573
854.678344727	42.433757782
854.97076416	24.0048351288
855.263183594	20.7048187256
855.555541992	28.0709152222
855.847961426	36.9840316772
856.140380859	39.6234703064
856.432739258	32.1807289124
856.725158691	14.4705562592
857.01751709	2.13645648956
857.309936523	11.1955718994
857.602355957	15.7612781525
857.894714355	15.3812799454
858.187133789	7.8073387146
858.479553223	28.7587871552
858.771911621	34.5091590881
859.064331055	3.79068756104
859.356750488	16.5761203766
859.649108887	21.0293750763
859.94152832	29.0923957825
860.233947754	14.1693334579
860.526306152	-6.1252155304
860.818725586	0.169983267784
861.111083984	29.6190872192
861.403503418	35.4887466431
861.695922852	20.2968864441
861.98828125	8.5362739563
862.280700684	9.88200950623
862.573120117	7.68111467361
862.865478516	21.133392334
863.157897949	11.9664325714
863.450317383	17.7904396057
863.742675781	30.087688446
864.035095215	29.558423996
864.327514648	25.2691516876
864.619873047	2.24413299561
864.91229248	16.2680912018
865.204650879	25.1881427765
865.497070313	-4.49346542358
865.789489746	-12.9499750137
866.081848145	-5.24818611145
866.374267578	4.80287218094
866.666687012	15.2408466339
866.95904541	7.05238723755
867.251464844	4.99220228195
867.543884277	11.7706403732
867.836242676	19.5304222107
868.128662109	28.9240951538
868.421081543	33.090473175
868.713439941	16.1461544037
869.005859375	6.62234687805
869.298217773	-5.02192354202
869.590637207	-3.9424598217
869.883056641	10.9604902267
870.175415039	12.5298433304
870.467834473	9.3051071167
870.760253906	-1.02460849285
871.052612305	12.3621273041
871.345031738	20.3563861847
871.637451172	6.88921833038
871.92980957	21.392408371
872.222229004	30.8273410797
872.514648438	33.8635940552
872.807006836	38.556968689
873.09942627	21.9506416321
873.391784668	12.7626695633
873.684204102	1.47811985016
873.976623535	25.3139305115
874.268981934	13.1782054901
874.561401367	-12.0675258636
874.853820801	-5.33889198303
875.146179199	1.96678876877
875.438598633	3.84166264534
875.731018066	10.327132225
876.023376465	9.37011814117
876.315795898	9.59728622437
876.608215332	4.73973846436
876.90057373	-3.98583054543
877.192993164	8.81165027618
877.485351563	9.08803462982
877.777770996	9.72999858856
878.07019043	8.09413051605
878.362548828	-2.69247412682
878.654968262	6.00173568726
878.947387695	-7.04062700272
879.239746094	-14.0618505478
879.532165527	18.5432491302
879.824584961	1.1637275219
880.116943359	10.3339099884
880.409362793	9.08988761902
880.701782227	21.4418125153
880.994140625	15.8146314621
881.286560059	5.08550214767
881.578918457	-3.38689351082
881.871337891	-8.25664806366
882.163757324	-26.5365600586
882.456115723	-26.4549999237
882.748535156	1.14057707787
883.04095459	5.42853689194
883.333312988	15.3040418625
883.625732422	10.8234472275
883.918151855	9.51423931122
884.210510254	6.27524185181
884.502929688	7.52731323242
884.795349121	21.8621482849
885.08770752	1.52549481392
885.380126953	16.4897251129
885.672485352	1.05517065525
885.964904785	-11.7074069977
886.257324219	-10.6897106171
886.549682617	14.8000526428
886.842102051	1.46887159348
887.134521484	17.6645469666
887.426879883	13.158703804
887.719299316	-6.53111982346
888.01171875	-4.82397031784
888.304077148	-0.79563331604
888.596496582	6.89003181458
888.888916016	-0.225084751844
889.181274414	24.5757141113
889.473693848	39.8934593201
889.766052246	3.29752779007
890.05847168	3.51224541664
890.350891113	28.1412696838
890.643249512	27.2279567719
890.935668945	-5.46406412125
891.228088379	23.43009758
891.520446777	8.05316066742
891.812866211	22.7400455475
892.105285645	9.14763450623
892.397644043	25.9948196411
892.690063477	19.0842933655
892.98248291	9.38934230804
893.274841309	34.1010284424
893.567260742	24.1814689636
893.859619141	40.0721130371
894.152038574	38.148891449
894.444458008	23.4185390472
894.736816406	-7.44033098221
895.02923584	0.436740040779
895.321655273	10.1507253647
895.614013672	18.9273529053
895.906433105	11.3854789734
896.198852539	6.30771636963
896.491210938	27.0150089264
896.783630371	14.5764055252
897.076049805	15.0049905777
897.368408203	29.2122821808
897.660827637	40.03515625
897.953186035	46.0153961182
898.245605469	-13.0276985168
898.538024902	-7.49681901932
898.830383301	23.715845108
899.122802734	35.000629425
899.415222168	27.6225738525
899.707580566	10.3457355499
900	25.274564743
900.292419434	41.0498275757
900.584777832	39.3755302429
900.877197266	24.3898086548
901.169616699	38.7715187073
901.461975098	38.8220710754
901.754394531	26.3610076904
902.046813965	25.456829071
902.339172363	19.1126079559
902.631591797	12.059258461
902.923950195	46.1574211121
903.216369629	72.0369338989
903.508789063	44.4108314514
903.801147461	43.1635322571
904.093566895	58.9539337158
904.385986328	31.2892570496
904.678344727	22.0048503876
904.97076416	28.8096542358
905.263183594	44.6303291321
905.555541992	37.0871353149
905.847961426	28.9659137726
906.140380859	25.3827800751
906.432739258	20.0458831787
906.725158691	36.3660697937
907.01751709	37.1243858337
907.309936523	24.6645431519
907.602355957	28.7225227356
907.894714355	38.48645401
908.187133789	25.1665058136
908.479553223	38.3738975525
908.771911621	57.5824127197
909.064331055	42.0739860535
909.356750488	47.545539856
909.649108887	43.4911117554
909.94152832	42.3596382141
910.233947754	32.8846588135
910.526306152	44.0597229004
910.818725586	44.5198020935
911.111083984	53.5112762451
911.403503418	39.6898612976
911.695922852	27.1909542084
911.98828125	44.3062057495
912.280700684	40.0463142395
912.573120117	42.5266571045
912.865478516	54.4258422852
913.157897949	61.0805015564
913.450317383	49.9468307495
913.742675781	40.1756057739
914.035095215	41.1027259827
914.327514648	36.5217895508
914.619873047	28.6778144836
914.91229248	18.5741710663
915.204650879	24.2731628418
915.497070313	48.886806488
915.789489746	58.0246200562
916.081848145	45.5566177368
916.374267578	50.2955055237
916.666687012	51.9814147949
916.95904541	37.5839729309
917.251464844	31.6866283417
917.543884277	45.0668754578
917.836242676	64.9006271362
918.128662109	60.4500656128
918.421081543	46.7197151184
918.713439941	37.8574256897
919.005859375	46.8822021484
919.298217773	54.9198188782
919.590637207	48.6269645691
919.883056641	45.4554519653
920.175415039	45.0785179138
920.467834473	39.8200912476
920.760253906	44.7503852844
921.052612305	35.4837989807
921.345031738	40.4797668457
921.637451172	51.6778831482
921.92980957	58.4520683289
922.222229004	56.289100647
922.514648438	74.0594863892
922.807006836	77.4486618042
923.09942627	60.1824226379
923.391784668	34.470035553
923.684204102	47.4884643555
923.976623535	63.6602134705
924.268981934	68.8882598877
924.561401367	56.5143508911
924.853820801	58.2835121155
925.146179199	57.4881210327
925.438598633	45.0814971924
925.731018066	34.9114494324
926.023376465	39.9883728027
926.315795898	49.0819969177
926.608215332	55.2359237671
926.90057373	59.1468276978
927.192993164	55.207736969
927.485351563	46.7280158997
927.777770996	45.2076263428
928.07019043	49.0268363953
928.362548828	58.8610839844
928.654968262	42.4742393494
928.947387695	69.4758224487
929.239746094	39.6794509888
929.532165527	48.1683387756
929.824584961	60.7531738281
930.116943359	39.7351226807
930.409362793	62.5438346863
930.701782227	34.1989822388
930.994140625	45.1753196716
931.286560059	46.1590805054
931.578918457	42.3190078735
931.871337891	51.8323097229
932.163757324	42.2352600098
932.456115723	49.8651580811
932.748535156	44.0874443054
933.04095459	64.155921936
933.333312988	22.9074039459
933.625732422	47.1191902161
933.918151855	41.6649627686
934.210510254	41.8698158264
934.502929688	55.0176391602
934.795349121	37.8414878845
935.08770752	58.0658683777
935.380126953	42.9531936646
935.672485352	8.33309268951
935.964904785	33.2694892883
936.257324219	39.0984649658
936.549682617	32.0643043518
936.842102051	40.1813659668
937.134521484	37.9851951599
937.426879883	44.0601615906
937.719299316	43.7570571899
938.01171875	27.9676246643
938.304077148	26.4361457825
938.596496582	36.5622406006
938.888916016	17.1219291687
939.181274414	9.39538383484
939.473693848	46.8757247925
939.766052246	39.5874137878
940.05847168	44.6761550903
940.350891113	25.5612812042
940.643249512	35.9084663391
940.935668945	39.6270904541
941.228088379	45.7385368347
941.520446777	69.0473937988
941.812866211	45.4300765991
942.105285645	33.2492866516
942.397644043	54.4192276001
942.690063477	31.4610919952
942.98248291	20.2881145477
943.274841309	20.812789917
943.567260742	31.8207206726
943.859619141	34.8866539001
944.152038574	11.9473199844
944.444458008	35.5831794739
944.736816406	31.1823177338
945.02923584	29.4224262238
945.321655273	39.1161460876
945.614013672	41.6493682861
945.906433105	40.9004631042
946.198852539	5.29657649994
946.491210938	34.0497665405
946.783630371	28.5667304993
947.076049805	29.3490753174
947.368408203	30.506319046
947.660827637	25.3099040985
947.953186035	11.4625082016
948.245605469	31.9181919098
948.538024902	21.998632431
948.830383301	20.5230636597
949.122802734	39.2578010559
949.415222168	9.5601644516
949.707580566	20.2843036652
950	8.46581745148
950.292419434	6.86779069901
950.584777832	1.74671375751
950.877197266	8.23267173767
951.169616699	23.2860126495
951.461975098	16.766254425
951.754394531	31.6562652588
952.046813965	33.0633659363
952.339172363	3.75820589066
952.631591797	0.0222398396581
952.923950195	16.3425693512
953.216369629	29.7338008881
953.508789063	-4.37521219254
953.801147461	8.04838848114
954.093566895	18.6705760956
954.385986328	14.4182529449
954.678344727	2.18462753296
954.97076416	33.8925094604
955.263183594	41.6116218567
955.555541992	13.6839036942
955.847961426	10.7033090591
956.140380859	16.5505943298
956.432739258	30.5637950897
956.725158691	10.1686496735
957.01751709	20.5885887146
957.309936523	-5.64322710037
957.602355957	-4.89750385284
957.894714355	11.4697008133
958.187133789	32.1045837402
958.479553223	-6.12308120728
958.771911621	13.1479320526
959.064331055	25.278421402
959.356750488	31.0300045013
959.649108887	1.5436924696
959.94152832	3.4100215435
960.233947754	-8.62574958801
960.526306152	13.2612304688
960.818725586	19.5452098846
961.111083984	27.4509754181
961.403503418	6.69271993637
961.695922852	14.9727935791
961.98828125	5.90687990189
962.280700684	-8.29913043976
962.573120117	-3.04591202736
962.865478516	6.01463890076
963.157897949	0.863560378551
963.450317383	7.89046049118
963.742675781	31.5640487671
964.035095215	-29.0792179108
964.327514648	6.04436206818
964.619873047	25.6647281647
964.91229248	9.89084625244
965.204650879	14.2004203796
965.497070313	-31.0043697357
965.789489746	-12.8690710068
966.081848145	-17.5748767853
966.374267578	-4.00598526001
966.666687012	-16.9964199066
966.95904541	-8.32063388824
967.251464844	-0.450472086668
967.543884277	14.2607536316
967.836242676	4.25416612625
968.128662109	-21.6881713867
968.421081543	6.75279045105
968.713439941	26.3924427032
969.005859375	-32.7691345215
969.298217773	-26.1321659088
969.590637207	-23.1811943054
969.883056641	21.5688495636
970.175415039	-34.5324630737
970.467834473	-22.9184055328
970.760253906	-15.0167503357
971.052612305	-20.3419418335
971.345031738	-26.6443881989
971.637451172	-16.0200748444
971.92980957	3.54145216942
972.222229004	9.40453338623
972.514648438	-12.7040643692
972.807006836	-19.4501533508
973.09942627	11.3015995026
973.391784668	-42.9083557129
973.684204102	-38.8760871887
973.976623535	3.34539365768
974.268981934	-15.1973266602
974.561401367	-26.4016284943
974.853820801	0.350613713264
975.146179199	-13.7389822006
975.438598633	-14.7140350342
975.731018066	-22.3175067902
976.023376465	-20.3248271942
976.315795898	-22.4395275116
976.608215332	-20.4321594238
976.90057373	-26.7319602966
977.192993164	-16.2075004578
977.485351563	-50.1764907837
977.777770996	-30.3280582428
978.07019043	-10.6995954514
978.362548828	-4.10193538666
978.654968262	-15.6353387833
978.947387695	-39.4580459595
979.239746094	-11.6975460052
979.532165527	-2.78978633881
979.824584961	-15.1754837036
980.116943359	-29.879825592
980.409362793	-40.2923774719
980.701782227	-27.1578121185
980.994140625	1.14541387558
981.286560059	4.72626876831
981.578918457	-22.2129364014
981.871337891	-21.2631835938
982.163757324	-10.9709033966
982.456115723	-35.2995147705
982.748535156	-40.5516662598
983.04095459	-27.2689056396
983.333312988	-25.7693901062
983.625732422	-28.0064067841
983.918151855	-27.8720855713
984.210510254	-0.259287834167
984.502929688	-15.2272605896
984.795349121	-41.7015800476
985.08770752	-39.7975234985
985.380126953	-29.071893692
985.672485352	-23.1063137054
985.964904785	-34.3064651489
986.257324219	-19.5974369049
986.549682617	-9.05666065216
986.842102051	-27.6952877045
987.134521484	-39.5382614136
987.426879883	-42.3527107239
987.719299316	-39.6678504944
988.01171875	-40.0223007202
988.304077148	-5.04988288879
988.596496582	-34.0195655823
988.888916016	-55.8928108215
989.181274414	-31.2053070068
989.473693848	-14.1476459503
989.766052246	-25.0014019012
990.05847168	-45.4698638916
990.350891113	-33.6221618652
990.643249512	-22.5838279724
990.935668945	-16.4172801971
991.228088379	-16.0363750458
991.520446777	-4.19286584854
991.812866211	-11.2572746277
992.105285645	-17.2064476013
992.397644043	-27.9901351929
992.690063477	-44.4893608093
992.98248291	-51.2993736267
993.274841309	-34.293510437
993.567260742	-29.4536209106
993.859619141	-21.7807655334
994.152038574	-13.5739345551
994.444458008	-12.5589971542
994.736816406	1.54842865467
995.02923584	-33.6859016418
995.321655273	-31.6091976166
995.614013672	-12.3049936295
995.906433105	-42.3611030579
996.198852539	-11.5383033752
996.491210938	-5.09103345871
996.783630371	1.65022182465
997.076049805	13.8507061005
997.368408203	-42.7381591797
997.660827637	-1.57453870773
997.953186035	-34.9544181824
998.245605469	-31.1987571716
998.538024902	-21.0768871307
998.830383301	-15.6403598785
999.122802734	9.30719470978
999.415222168	-33.2130241394
999.707580566	-16.7183914185
1000	-6.74935293198
1000.29241943	-19.6494541168
1000.58477783	-17.1067256927
1000.87719727	-8.42333221436
1001.1696167	-32.9750442505
1001.4619751	-28.858587265
1001.75439453	-18.8841762543
1002.04681396	-31.4002456665
1002.33917236	-16.9280738831
1002.6315918	-19.2747077942
1002.9239502	-9.45805454254
1003.21636963	5.09472465515
1003.50878906	-38.9594306946
1003.80114746	-16.1918487549
1004.09356689	-12.1903381348
1004.38598633	1.78114163876
1004.67834473	-16.8438549042
1004.97076416	-5.12798976898
1005.26318359	-13.6267242432
1005.55554199	-29.0500602722
1005.84796143	-27.5138835907
1006.14038086	2.10481405258
1006.43273926	2.6988120079
1006.72515869	-20.2684288025
1007.01751709	-19.3965988159
1007.30993652	-4.9978723526
1007.60235596	-33.0420188904
1007.89471436	-23.8889369965
1008.18713379	-3.19528889656
1008.47955322	-17.9337692261
1008.77191162	-3.27971315384
1009.06433105	-0.721563100815
1009.35675049	2.00187015533
1009.64910889	-15.1814756393
1009.94152832	1.57906711102
1010.23394775	12.4030866623
1010.52630615	-4.2985701561
1010.81872559	-5.1598534584
1011.11108398	-21.1896343231
1011.40350342	-5.99989318848
1011.69592285	-15.2017526627
1011.98828125	6.17959880829
1012.28070068	-1.57084488869
1012.57312012	-13.0632314682
1012.86547852	-17.8901329041
1013.15789795	-1.06123030186
1013.45031738	-3.62124443054
1013.74267578	-9.67397499084
1014.03509521	-36.3592338562
1014.32751465	-21.7188072205
1014.61987305	-13.8875045776
1014.91229248	10.247549057
1015.20465088	17.1760196686
1015.49707031	-21.5043544769
1015.78948975	-15.038734436
1016.08184814	-16.6949806213
1016.37426758	-11.1160783768
1016.66668701	-23.1817073822
1016.95904541	31.95794487
1017.25146484	-11.1372261047
1017.54388428	-37.7179908752
1017.83624268	20.042755127
1018.12866211	-40.0577850342
1018.42108154	-7.1409945488
1018.71343994	-6.77062892914
1019.00585938	-2.89997911453
1019.29821777	29.7723884583
1019.59063721	4.89377069473
1019.88305664	21.571062088
1020.17541504	-8.79392528534
1020.46783447	-0.302913665771
1020.76025391	28.3331165314
1021.0526123	16.0880031586
1021.34503174	-14.9046268463
1021.63745117	-13.4199638367
1021.92980957	-9.30540370941
1022.222229	2.77200603485
1022.51464844	25.8779811859
1022.80700684	-2.26603293419
1023.09942627	-14.8707523346
1023.39178467	4.4998831749
1023.6842041	-1.12314653397
1023.97662354	-5.81453561783
1024.26904297	11.7001304626
1024.56140137	10.5741834641
1024.85375977	12.5844669342
1025.14624023	42.7224121094
1025.43859863	14.1372356415
1025.73095703	1.58013653755
1026.0234375	15.0835599899
1026.3157959	6.24325704575
1026.6081543	-2.83117628098
1026.90063477	-9.97033119202
1027.19299316	19.1297950745
1027.48535156	18.735294342
1027.77783203	-6.0356965065
1028.07019043	12.8490982056
1028.36254883	3.98731160164
1028.6550293	25.6689567566
1028.9473877	59.4629325867
1029.23974609	13.6468000412
1029.53210449	22.8230991364
1029.82458496	20.4368743896
1030.11694336	36.4874420166
1030.40930176	50.6610527039
1030.70178223	21.5995349884
1030.99414063	19.5309619904
1031.28649902	-7.29981946945
1031.57897949	35.6432991028
1031.87133789	17.838886261
1032.16369629	13.0205574036
1032.45617676	51.752494812
1032.74853516	62.3926620483
1033.04089355	44.5006027222
1033.33337402	47.4654502869
1033.62573242	40.1939964294
1033.91809082	47.8519859314
1034.21057129	66.171081543
1034.50292969	30.5465984344
1034.79528809	45.7919883728
1035.08776855	54.3671913147
1035.38012695	79.0500793457
1035.67248535	83.0950317383
1035.96496582	91.7591018677
1036.25732422	117.885108948
1036.54968262	84.2684402466
1036.84216309	71.6458816528
1037.13452148	97.4139785767
1037.42687988	117.801216125
1037.71923828	111.287574768
1038.01171875	104.755844116
1038.30407715	136.607925415
1038.59643555	170.04838562
1038.88891602	159.16947937
1039.18127441	176.851150513
1039.47363281	169.423446655
1039.76611328	183.269638062
1040.05847168	202.161270142
1040.35083008	236.119796753
1040.64331055	296.060241699
1040.93566895	309.133026123
1041.22802734	328.832763672
1041.52050781	356.629150391
1041.81286621	387.865997314
1042.10522461	393.66583252
1042.39770508	438.468078613
1042.69006348	486.09262085
1042.98242188	482.318725586
1043.27490234	508.474975586
1043.56726074	567.145385742
1043.85961914	614.064880371
1044.15209961	646.373962402
1044.44445801	698.725585938
1044.73681641	736.29296875
1045.02929688	761.176269531
1045.32165527	828.997619629
1045.61401367	858.519104004
1045.90637207	890.677368164
1046.19885254	896.337524414
1046.49121094	906.224731445
1046.78356934	934.465515137
1047.0760498	919.230651855
1047.3684082	941.446960449
1047.6607666	901.228271484
1047.95324707	884.034912109
1048.24560547	889.664306641
1048.53796387	809.509094238
1048.83044434	797.26348877
1049.12280273	774.75958252
1049.41516113	729.62878418
1049.7076416	690.629760742
1050	659.815307617
1050.2923584	609.938903809
1050.58483887	551.91595459
1050.87719727	521.83392334
1051.16955566	492.322265625
1051.46203613	446.379394531
1051.75439453	394.659210205
1052.04675293	374.208557129
1052.3392334	363.347229004
1052.6315918	315.205169678
1052.9239502	275.180297852
1053.21643066	241.973266602
1053.50878906	223.8253479
1053.80114746	239.958679199
1054.09362793	211.454284668
1054.38598633	195.904022217
1054.67834473	171.774169922
1054.97070313	151.251739502
1055.26318359	151.856246948
1055.55554199	142.346511841
1055.84790039	131.968597412
1056.14038086	78.8221282959
1056.43273926	101.270401001
1056.72509766	114.270423889
1057.01757813	86.0580291748
1057.30993652	69.9833526611
1057.60229492	85.5829925537
1057.89477539	64.8608322144
1058.18713379	54.1655464172
1058.47949219	56.9395027161
1058.77197266	35.3745651245
1059.06433105	67.4185409546
1059.35668945	62.3306770325
1059.64916992	47.2139854431
1059.94152832	45.2701644897
1060.23388672	18.7975387573
1060.52636719	18.9059429169
1060.81872559	24.3639812469
1061.11108398	1.76733028889
1061.40356445	-9.2536611557
1061.69592285	16.640411377
1061.98828125	24.8557739258
1062.28076172	0.564762890339
1062.57312012	11.7122535706
1062.86547852	34.3450965881
1063.15783691	31.1283283234
1063.45031738	22.3392715454
1063.74267578	5.52826499939
1064.03503418	19.6449947357
1064.32751465	24.3832798004
1064.61987305	15.977060318
1064.91223145	18.3872451782
1065.20471191	39.3545341492
1065.49707031	19.0318107605
1065.78942871	17.0474662781
1066.08190918	4.4610452652
1066.37426758	0.252090662718
1066.66662598	-19.6555938721
1066.95910645	23.2516365051
1067.25146484	14.496295929
1067.54382324	19.6013050079
1067.83630371	-9.30054473877
1068.12866211	-21.117898941
1068.42102051	16.3669948578
1068.71350098	8.31182384491
1069.00585938	-15.7828731537
1069.29821777	-12.648566246
1069.59069824	-8.10705661774
1069.88305664	26.8983440399
1070.17541504	17.7899742126
1070.46789551	-10.8281841278
1070.76025391	0.230439186096
1071.0526123	-3.0185546875
1071.3449707	-20.6175327301
1071.63745117	3.75036764145
1071.92980957	25.6841049194
1072.22216797	25.7696971893
1072.51464844	-3.6568365097
1072.80700684	-29.7309131622
1073.09936523	-4.52373790741
1073.3918457	9.8627166748
1073.6842041	-0.0619446486235
1073.9765625	-21.5705909729
1074.26904297	-13.1494674683
1074.56140137	-7.51065254211
1074.85375977	12.0314826965
1075.14624023	-18.1343078613
1075.43859863	25.7999172211
1075.73095703	21.5324821472
1076.0234375	-22.1787204742
1076.3157959	9.81702899933
1076.6081543	-11.2897615433
1076.90063477	-22.8027210236
1077.19299316	-31.7781639099
1077.48535156	48.3025436401
1077.77783203	20.4184932709
1078.07019043	-20.8220863342
1078.36254883	-5.12321329117
1078.6550293	18.3623638153
1078.9473877	22.1579151154
1079.23974609	22.559425354
1079.53210449	34.0844726563
1079.82458496	12.410867691
1080.11694336	-0.522094428539
1080.40930176	0.378927409649
1080.70178223	20.0739765167
1080.99414063	15.8822250366
1081.28649902	14.4643993378
1081.57897949	9.02468204498
1081.87133789	-4.96931552887
1082.16369629	1.38873779774
1082.45617676	6.98710727692
1082.74853516	20.8646907806
1083.04089355	-4.49747037888
1083.33337402	12.1941604614
1083.62573242	17.3925457001
1083.91809082	6.04893875122
1084.21057129	5.84066724777
1084.50292969	-7.25586938858
1084.79528809	8.21888256073
1085.08776855	63.2947921753
1085.38012695	-10.0922727585
1085.67248535	14.9464445114
1085.96496582	-8.99864292145
1086.25732422	-3.78121519089
1086.54968262	14.5309391022
1086.84216309	21.7880001068
1087.13452148	17.2617759705
1087.42687988	3.97822737694
1087.71923828	6.56577253342
1088.01171875	9.34627056122
1088.30407715	24.223367691
1088.59643555	5.37927150726
1088.88891602	-0.955952882767
1089.18127441	5.01635789871
1089.47363281	-13.6602563858
1089.76611328	0.296022593975
1090.05847168	1.75368511677
1090.35083008	0.482343614101
1090.64331055	9.35952186584
1090.93566895	-5.95234727859
1091.22802734	4.43256139755
1091.52050781	0.615891516209
1091.81286621	-16.9928531647
1092.10522461	1.07223212719
1092.39770508	11.9079065323
1092.69006348	5.1033616066
1092.98242188	-28.7504997253
1093.27490234	-44.0403137207
1093.56726074	15.1688785553
1093.85961914	2.98692512512
1094.15209961	24.032201767
1094.44445801	10.520658493
1094.73681641	30.7664394379
1095.02929688	15.9870080948
1095.32165527	-32.6480712891
1095.61401367	7.44878530502
1095.90637207	11.2043323517
1096.19885254	5.35117101669
1096.49121094	4.40896368027
1096.78356934	1.34810435772
1097.0760498	34.9148635864
1097.3684082	-2.21386575699
1097.6607666	-18.4802913666
1097.95324707	7.29203510284
1098.24560547	27.2848873138
1098.53796387	8.92080497742
1098.83044434	17.5197925568
1099.12280273	28.7416477203
1099.41516113	27.8868427277
1099.7076416	-2.93067455292
1100	30.4913768768
1100.2923584	34.4148902893
1100.58483887	36.3024520874
1100.87719727	22.8910083771
1101.16955566	-0.137137040496
1101.46203613	21.4515953064
1101.75439453	29.9971828461
1102.04675293	11.2253847122
1102.3392334	16.3102111816
1102.6315918	0.645836770535
1102.9239502	25.8413257599
1103.21643066	26.7181434631
1103.50878906	-6.88812541962
1103.80114746	12.370839119
1104.09362793	34.5728530884
1104.38598633	21.0007629395
1104.67834473	12.338341713
1104.97070313	20.6285572052
1105.26318359	7.63330507278
1105.55554199	-0.820132374763
1105.84790039	-9.25843334198
1106.14038086	-20.5486068726
1106.43273926	-8.85360622406
1106.72509766	3.79305362701
1107.01757813	11.8041496277
1107.30993652	13.4928026199
1107.60229492	14.7688570023
1107.89477539	7.78776597977
1108.18713379	41.112159729
1108.47949219	-12.521941185
1108.77197266	-17.6441459656
1109.06433105	-37.566822052
1109.35668945	31.3049354553
1109.64916992	-7.31726837158
1109.94152832	-2.98213148117
1110.23388672	-2.56301045418
1110.52636719	7.08480453491
1110.81872559	27.213886261
1111.11108398	5.41279268265
1111.40356445	-1.0560914278
1111.69592285	-16.0261306763
1111.98828125	-4.52693128586
1112.28076172	18.4856300354
1112.57312012	5.13961410522
1112.86547852	-2.95347189903
1113.15783691	5.62580537796
1113.45031738	-3.64874267578
1113.74267578	9.22692108154
1114.03503418	-11.7797393799
1114.32751465	4.32950210571
1114.61987305	-7.43252944946
1114.91223145	11.4362983704
1115.20471191	6.91956329346
1115.49707031	-0.457702606916
1115.78942871	9.65135955811
1116.08190918	4.78208494186
1116.37426758	26.3579444885
1116.66662598	-15.4509620667
1116.95910645	26.1709747314
1117.25146484	-14.3815841675
1117.54382324	11.5536499023
1117.83630371	32.9070320129
1118.12866211	16.8032035828
1118.42102051	10.8678321838
1118.71350098	14.2524633408
1119.00585938	15.6178741455
1119.29821777	17.9881668091
1119.59069824	-1.35376429558
1119.88305664	-2.27985811234
1120.17541504	-9.88173294067
1120.46789551	12.3056325912
1120.76025391	25.4708480835
1121.0526123	5.82795667648
1121.3449707	9.61182403564
1121.63745117	-2.79114222527
1121.92980957	16.5791511536
1122.22216797	2.44651389122
1122.51464844	11.3106374741
1122.80700684	-24.3019790649
1123.09936523	18.4164581299
1123.3918457	39.030582428
1123.6842041	-19.5717811584
1123.9765625	-22.3289299011
1124.26904297	-0.781212806702
1124.56140137	10.1437673569
1124.85375977	16.2586898804
1125.14624023	6.07105541229
1125.43859863	11.4047269821
1125.73095703	18.6280479431
1126.0234375	-9.65528964996
1126.3157959	-2.10091495514
1126.6081543	3.5638115406
1126.90063477	13.0846738815
1127.19299316	28.3753757477
1127.48535156	11.6646146774
1127.77783203	15.242606163
1128.07019043	18.7637767792
1128.36254883	30.0495986938
1128.6550293	-23.8294429779
1128.9473877	22.7117481232
1129.23974609	37.4506950378
1129.53210449	22.4972572327
1129.82458496	17.6772975922
1130.11694336	-18.3440113068
1130.40930176	15.1507940292
1130.70178223	5.56618738174
1130.99414063	10.4501523972
1131.28649902	-8.43883228302
1131.57897949	-0.798829615116
1131.87133789	-12.5735559464
1132.16369629	-5.90638828278
1132.45617676	-8.75320243835
1132.74853516	-10.9009752274
1133.04089355	20.2715625763
1133.33337402	28.4208431244
1133.62573242	38.6090087891
1133.91809082	22.0769557953
1134.21057129	10.5235996246
1134.50292969	-10.3424358368
1134.79528809	-11.5702867508
1135.08776855	-0.401964128017
1135.38012695	0.862371742725
1135.67248535	7.19004821777
1135.96496582	11.7132806778
1136.25732422	22.9220256805
1136.54968262	-11.2090730667
1136.84216309	8.30390548706
1137.13452148	-0.423384517431
1137.42687988	5.36299705505
1137.71923828	-12.1401720047
1138.01171875	-15.8937950134
1138.30407715	0.166024059057
1138.59643555	23.1516246796
1138.88891602	2.05132198334
1139.18127441	-2.09003090858
1139.47363281	1.66314744949
1139.76611328	-1.53725230694
1140.05847168	-6.32313632965
1140.35083008	-5.59437227249
1140.64331055	12.7481966019
1140.93566895	-7.92196464539
1141.22802734	4.61832284927
1141.52050781	9.33491516113
1141.81286621	-7.94071531296
1142.10522461	30.3520145416
1142.39770508	-9.2482881546
1142.69006348	-26.3505783081
1142.98242188	13.0149040222
1143.27490234	5.47270774841
1143.56726074	6.19854211807
1143.85961914	-14.8417367935
1144.15209961	-4.20766353607
1144.44445801	8.28037834167
1144.73681641	-10.746717453
1145.02929688	-17.4588356018
1145.32165527	-7.5850520134
1145.61401367	-1.34945166111
1145.90637207	-9.20564842224
1146.19885254	-15.9089775085
1146.49121094	-4.57718610764
1146.78356934	14.0182771683
1147.0760498	-4.64989614487
1147.3684082	-10.187245369
1147.6607666	-15.3071136475
1147.95324707	-27.0319271088
1148.24560547	10.8999614716
1148.53796387	23.6541156769
1148.83044434	-8.7108335495
1149.12280273	-12.6334371567
1149.41516113	-2.64539527893
1149.7076416	-17.5191345215
1150	6.02701187134
1150.2923584	-7.91658687592
1150.58483887	-21.2771434784
1150.87719727	-15.5488672256
1151.16955566	10.8547019958
1151.46203613	-4.21288537979
1151.75439453	3.76246094704
1152.04675293	3.08448696136
1152.3392334	7.27422380447
1152.6315918	5.29156208038
1152.9239502	4.29767036438
1153.21643066	-1.03310060501
1153.50878906	-2.13832068443
1153.80114746	9.91661548615
1154.09362793	19.1170940399
1154.38598633	6.15005779266
1154.67834473	9.35050201416
1154.97070313	-13.4212217331
1155.26318359	-10.8008213043
1155.55554199	-7.03299427032
1155.84790039	-8.82962036133
1156.14038086	-3.41673946381
1156.43273926	12.3266735077
1156.72509766	25.4216480255
1157.01757813	1.54546737671
1157.30993652	20.518371582
1157.60229492	38.2027015686
1157.89477539	16.4656829834
1158.18713379	9.80382156372
1158.47949219	9.82067108154
1158.77197266	-15.160490036
1159.06433105	9.29971981049
1159.35668945	2.99723386765
1159.64916992	-14.5322675705
1159.94152832	-5.86698007584
1160.23388672	15.6796550751
1160.52636719	0.876716554165
1160.81872559	-0.523913681507
1161.11108398	-1.76975882053
1161.40356445	-13.222111702
1161.69592285	2.82061743736
1161.98828125	-15.3925132751
1162.28076172	-4.3248462677
1162.57312012	23.9268665314
1162.86547852	12.6229162216
1163.15783691	-9.43396377563
1163.45031738	-22.1592655182
1163.74267578	-4.25520849228
1164.03503418	-6.35749912262
1164.32751465	-10.1540899277
1164.61987305	0.180142655969
1164.91223145	-1.3650188446
1165.20471191	7.8794054985
1165.49707031	6.50221252441
1165.78942871	-20.5781059265
1166.08190918	-5.50848531723
1166.37426758	3.36773991585
1166.66662598	5.86115264893
1166.95910645	-2.06092691422
1167.25146484	-16.8824558258
1167.54382324	-6.29431629181
1167.83630371	2.4335064888
1168.12866211	-5.20833492279
1168.42102051	5.37101554871
1168.71350098	22.0085067749
1169.00585938	10.8471336365
1169.29821777	-3.37136769295
1169.59069824	-2.41649389267
1169.88305664	-19.2585296631
1170.17541504	0.546405613422
1170.46789551	17.7283306122
1170.76025391	7.2090473175
1171.0526123	14.862616539
1171.3449707	-4.27727174759
1171.63745117	-9.18274974823
1171.92980957	3.7496278286
1172.22216797	19.8524150848
1172.51464844	21.7003555298
1172.80700684	8.17472553253
1173.09936523	5.20427083969
1173.3918457	5.2123670578
1173.6842041	10.875213623
1173.9765625	11.3744850159
1174.26904297	0.531507492065
1174.56140137	6.28810358047
1174.85375977	15.6164770126
1175.14624023	17.4902954102
1175.43859863	-14.1466617584
1175.73095703	19.0542697906
1176.0234375	3.46422243118
1176.3157959	3.85249423981
1176.6081543	7.87943840027
1176.90063477	-19.3819961548
1177.19299316	24.4032478333
1177.48535156	16.0376148224
1177.77783203	3.93682384491
1178.07019043	36.1502914429
1178.36254883	29.1640510559
1178.6550293	1.19167923927
1178.9473877	8.11950206757
1179.23974609	22.310508728
1179.53210449	34.8447761536
1179.82458496	10.1932048798
1180.11694336	14.4955396652
1180.40930176	18.8799057007
1180.70178223	0.286439359188
1180.99414063	12.9217815399
1181.28649902	12.3603467941
1181.57897949	12.2751817703
1181.87133789	13.5364999771
1182.16369629	-2.00979804993
1182.45617676	-0.89525604248
1182.74853516	18.8655738831
1183.04089355	12.2807016373
1183.33337402	49.7116508484
1183.62573242	11.6096878052
1183.91809082	29.062412262
1184.21057129	31.8673839569
1184.50292969	29.2444267273
1184.79528809	44.9315261841
1185.08776855	27.365404129
1185.38012695	43.0232086182
1185.67248535	30.292339325
1185.96496582	13.6754350662
1186.25732422	10.9172229767
1186.54968262	24.9241466522
1186.84216309	22.4439620972
1187.13452148	24.6505947113
1187.42687988	20.3518543243
1187.71923828	47.0648345947
1188.01171875	8.31755828857
1188.30407715	1.82936573029
1188.59643555	2.79527449608
1188.88891602	24.1466331482
1189.18127441	28.26927948
1189.47363281	-2.45865917206
1189.76611328	0.760863184929
1190.05847168	34.2150535583
1190.35083008	4.32500457764
1190.64331055	44.5401344299
1190.93566895	33.616394043
1191.22802734	21.7732200623
1191.52050781	31.9346370697
1191.81286621	27.362947464
1192.10522461	43.2199707031
1192.39770508	32.7661514282
1192.69006348	12.0919237137
1192.98242188	20.1999225616
1193.27490234	22.2236442566
1193.56726074	20.2530288696
1193.85961914	18.1549739838
1194.15209961	-8.59083652496
1194.44445801	8.07429122925
1194.73681641	37.7648086548
1195.02929688	76.2660675049
1195.32165527	-7.06294345856
1195.61401367	-2.05162453651
1195.90637207	18.2858657837
1196.19885254	39.9839057922
1196.49121094	36.6187591553
1196.78356934	0.524120092392
1197.0760498	36.8481330872
1197.3684082	17.505449295
1197.6607666	53.5914764404
1197.95324707	48.8881454468
1198.24560547	23.7588405609
1198.53796387	56.1368598938
1198.83044434	56.4555015564
1199.12280273	44.1801986694
1199.41516113	36.2916145325
1199.7076416	41.0272521973
1200	30.4799766541
1200.2923584	16.3804550171
1200.58483887	10.7332792282
1200.87719727	5.88082838058
1201.16955566	47.876033783
1201.46203613	13.7469234467
1201.75439453	54.7455482483
1202.04675293	34.8594055176
1202.3392334	14.6316614151
1202.6315918	32.7396583557
1202.9239502	63.9975624084
1203.21643066	34.8777275085
1203.50878906	33.3382644653
1203.80114746	32.0859107971
1204.09362793	18.6257476807
1204.38598633	29.1976127625
1204.67834473	52.2323684692
1204.97070313	34.642124176
1205.26318359	33.5813751221
1205.55554199	34.8827323914
1205.84790039	27.4902439117
1206.14038086	27.6155281067
1206.43273926	46.7113189697
1206.72509766	16.407207489
1207.01757813	-4.1354765892
1207.30993652	62.0682258606
1207.60229492	35.6107940674
1207.89477539	-0.227301001549
1208.18713379	29.3089199066
1208.47949219	31.6952381134
1208.77197266	26.5373191833
1209.06433105	26.1067447662
1209.35668945	38.3187484741
1209.64916992	11.032409668
1209.94152832	11.9704866409
1210.23388672	30.8157901764
1210.52636719	28.5914649963
1210.81872559	13.9167480469
1211.11108398	36.5301170349
1211.40356445	51.260383606
1211.69592285	13.6774625778
1211.98828125	28.4978637695
1212.28076172	2.27451515198
1212.57312012	1.07050192356
1212.86547852	65.8293762207
1213.15783691	2.85876464844
1213.45031738	36.9796524048
1213.74267578	13.0114812851
1214.03503418	39.6097145081
1214.32751465	33.7286491394
1214.61987305	6.66868019104
1214.91223145	9.92072200775
1215.20471191	32.6822357178
1215.49707031	14.775097847
1215.78942871	13.5266513824
1216.08190918	20.5386543274
1216.37426758	33.7023162842
1216.66662598	41.0402946472
1216.95910645	34.643119812
1217.25146484	38.0177192688
1217.54382324	30.0715179443
1217.83630371	3.98147034645
1218.12866211	-12.7284021378
1218.42102051	19.8659248352
1218.71350098	-0.293947637081
1219.00585938	33.9761619568
1219.29821777	5.5587682724
1219.59069824	9.97116184235
1219.88305664	2.23150396347
1220.17541504	-4.68100547791
1220.46789551	20.5228919983
1220.76025391	30.4761047363
1221.0526123	5.27648687363
1221.3449707	-0.38846385479
1221.63745117	21.6665077209
1221.92980957	20.6211853027
1222.22216797	-21.8406391144
1222.51464844	0.681128799915
1222.80700684	20.9048500061
1223.09936523	21.1886291504
1223.3918457	5.58539819717
1223.6842041	-21.3031845093
1223.9765625	20.257938385
1224.26904297	31.2049999237
1224.56140137	-9.38329029083
1224.85375977	17.2286148071
1225.14624023	28.0580005646
1225.43859863	15.8481273651
1225.73095703	-13.1607198715
1226.0234375	1.08849072456
1226.3157959	2.49821972847
1226.6081543	-14.715098381
1226.90063477	-3.92926669121
1227.19299316	0.18602861464
1227.48535156	10.4087457657
1227.77783203	-9.33520793915
1228.07019043	12.0501070023
1228.36254883	7.01647663116
1228.6550293	32.5088500977
1228.9473877	-20.5125713348
1229.23974609	-19.6384887695
1229.53210449	0.120850414038
1229.82458496	19.1044368744
1230.11694336	5.41553211212
1230.40930176	9.00836658478
1230.70178223	15.8869714737
1230.99414063	23.7918167114
1231.28649902	7.68348026276
1231.57897949	3.13630390167
1231.87133789	3.63099384308
1232.16369629	0.383496075869
1232.45617676	-20.0923900604
1232.74853516	11.1425333023
1233.04089355	10.3042154312
1233.33337402	5.67598438263
1233.62573242	-8.69407176971
1233.91809082	-16.463054657
1234.21057129	-14.5444097519
1234.50292969	-5.88223934174
1234.79528809	10.2516107559
1235.08776855	-5.07730388641
1235.38012695	15.546292305
1235.67248535	25.4638328552
1235.96496582	-3.32699489594
1236.25732422	-22.2336730957
1236.54968262	-18.144744873
1236.84216309	-12.0713148117
1237.13452148	-7.6625623703
1237.42687988	14.3628892899
1237.71923828	2.49576234818
1238.01171875	-2.43080830574
1238.30407715	13.0682764053
1238.59643555	-4.79982709885
1238.88891602	-10.5960264206
1239.18127441	-16.1360054016
1239.47363281	-17.2028388977
1239.76611328	14.7880716324
1240.05847168	-4.90180921555
1240.35083008	1.12071275711
1240.64331055	8.90800952911
1240.93566895	24.2684211731
1241.22802734	10.4091072083
1241.52050781	4.91564226151
1241.81286621	7.25945329666
1242.10522461	-13.9914627075
1242.39770508	-25.5645179749
1242.69006348	-7.53125333786
1242.98242188	-15.920841217
1243.27490234	-22.4348144531
1243.56726074	-0.598815441132
1243.85961914	10.2322998047
1244.15209961	-18.1825523376
1244.44445801	6.5181927681
1244.73681641	7.25165224075
1245.02929688	-1.45421540737
1245.32165527	7.92377519608
1245.61401367	1.96045720577
1245.90637207	-13.6542282104
1246.19885254	-19.995349884
1246.49121094	-7.92546415329
1246.78356934	-16.1080207825
1247.0760498	15.9873809814
1247.3684082	-22.0731048584
1247.6607666	21.904006958
1247.95324707	-7.48643064499
1248.24560547	-25.2266044617
1248.53796387	-14.2558403015
1248.83044434	-4.82743024826
1249.12280273	-27.7297134399
1249.41516113	-24.2609024048
1249.7076416	-17.8271217346
1250	-20.2826271057
1250.2923584	-10.3572731018
1250.58483887	-23.8048400879
1250.87719727	2.42520165443
1251.16955566	-26.5122375488
1251.46203613	-33.9407615662
1251.75439453	-31.481716156
1252.04675293	-18.6115379333
1252.3392334	-11.6118392944
1252.6315918	-14.8642196655
1252.9239502	-5.75038909912
1253.21643066	10.3054618835
1253.50878906	-22.0987739563
1253.80114746	-34.3457832336
1254.09362793	-34.3910064697
1254.38598633	-13.9861602783
1254.67834473	-7.87770080566
1254.97070313	-7.19209289551
1255.26318359	-20.8496208191
1255.55554199	-27.7509269714
1255.84790039	10.3502082825
1256.14038086	-4.35370635986
1256.43273926	0.511588990688
1256.72509766	-12.7188186646
1257.01757813	9.65880966187
1257.30993652	-52.598941803
1257.60229492	0.0700643360615
1257.89477539	8.62445068359
1258.18713379	-6.5126953125
1258.47949219	-13.1185913086
1258.77197266	-32.3019981384
1259.06433105	-42.5060386658
1259.35668945	-24.1978721619
1259.64916992	-19.8910446167
1259.94152832	-15.1273117065
1260.23388672	-8.27519989014
1260.52636719	-19.0069465637
1260.81872559	-11.2217292786
1261.11108398	-37.0034065247
1261.40356445	-14.6033172607
1261.69592285	-0.61058062315
1261.98828125	-16.4850311279
1262.28076172	-23.4106254578
1262.57312012	-31.3075370789
1262.86547852	-17.4070854187
1263.15783691	-9.05497360229
1263.45031738	25.4300765991
1263.74267578	-6.25443315506
1264.03503418	-39.3041763306
1264.32751465	-4.42752504349
1264.61987305	5.40456724167
1264.91223145	-13.5538682938
1265.20471191	-25.3031921387
1265.49707031	0.610442698002
1265.78942871	14.4259328842
1266.08190918	-12.0743675232
1266.37426758	7.22696256638
1266.66662598	29.4926490784
1266.95910645	-19.3098983765
1267.25146484	-9.31862640381
1267.54382324	12.5076055527
1267.83630371	2.18113303185
1268.12866211	-15.0546455383
1268.42102051	-18.2030220032
1268.71350098	-16.275100708
1269.00585938	-9.23548984528
1269.29821777	-1.92244017124
1269.59069824	-19.0384635925
1269.88305664	-15.4988527298
1270.17541504	24.495349884
1270.46789551	-8.7427444458
1270.76025391	27.8618087769
1271.0526123	-17.7470169067
1271.3449707	11.9478673935
1271.63745117	-6.70673036575
1271.92980957	-1.84241175652
1272.22216797	1.51262962818
1272.51464844	3.13098096848
1272.80700684	-5.93731737137
1273.09936523	3.36108326912
1273.3918457	-34.1294517517
1273.6842041	-34.3881797791
1273.9765625	-25.3046226501
1274.26904297	7.10718488693
1274.56140137	-8.315117836
1274.85375977	9.51843929291
1275.14624023	-7.39738893509
1275.43859863	11.1558942795
1275.73095703	0.610056936741
1276.0234375	-9.8370218277
1276.3157959	-3.56889414787
1276.6081543	5.59718227386
1276.90063477	-13.441693306
1277.19299316	-15.2296619415
1277.48535156	6.22331857681
1277.77783203	11.380156517
1278.07019043	-21.1981124878
1278.36254883	-30.479019165
1278.6550293	-9.89981842041
1278.9473877	27.4437866211
1279.23974609	-21.3405380249
1279.53210449	20.8712310791
1279.82458496	27.6115646362
1280.11694336	11.1407175064
1280.40930176	-14.2480993271
1280.70178223	-26.7772960663
1280.99414063	-41.1128883362
1281.28649902	-22.988035202
1281.57897949	-17.9439907074
1281.87133789	-20.5579051971
1282.16369629	28.317440033
1282.45617676	16.0445899963
1282.74853516	-11.9716682434
1283.04089355	36.5692024231
1283.33337402	9.32418441772
1283.62573242	8.57355213165
1283.91809082	-5.58479595184
1284.21057129	1.94508874416
1284.50292969	35.9722862244
1284.79528809	24.3813228607
1285.08776855	14.9116954803
1285.38012695	7.17375802994
1285.67248535	18.4265422821
1285.96496582	8.47254085541
1286.25732422	33.6389007568
1286.54968262	-11.6761856079
1286.84216309	6.17987060547
1287.13452148	-4.40230512619
1287.42687988	-36.2774505615
1287.71923828	0.314202189445
1288.01171875	-14.6236867905
1288.30407715	-2.82646799088
1288.59643555	-6.91108512878
1288.88891602	-27.5052242279
1289.18127441	-31.6943340302
1289.47363281	-18.3116664886
1289.76611328	-5.70658588409
1290.05847168	14.5930738449
1290.35083008	31.9513282776
1290.64331055	-7.43968582153
1290.93566895	-23.9881706238
1291.22802734	-8.36819839478
1291.52050781	8.35455799103
1291.81286621	2.67130756378
1292.10522461	6.44118261337
1292.39770508	-13.0489521027
1292.69006348	-4.02761268616
1292.98242188	-15.4095935822
1293.27490234	-15.0310754776
1293.56726074	-27.734834671
1293.85961914	-13.6763849258
1294.15209961	-13.8559732437
1294.44445801	48.9676132202
1294.73681641	-19.797668457
1295.02929688	17.3093643188
1295.32165527	-16.8328704834
1295.61401367	-15.1699285507
1295.90637207	32.0125427246
1296.19885254	23.8046360016
1296.49121094	8.42070198059
1296.78356934	-4.59262657166
1297.0760498	3.10278558731
1297.3684082	-3.88564038277
1297.6607666	7.07466411591
1297.95324707	-5.65375185013
1298.24560547	-19.3741111755
1298.53796387	-8.31810379028
1298.83044434	21.1131477356
1299.12280273	-4.41141080856
1299.41516113	7.49615907669
1299.7076416	20.1403026581
1300	29.5317592621
1300.2923584	31.0223369598
1300.58483887	16.1635494232
1300.87719727	2.41438126564
1301.16955566	12.4147253036
1301.46203613	22.2165813446
1301.75439453	1.74524605274
1302.04675293	31.2294769287
1302.3392334	13.4327011108
1302.6315918	5.25677490234
1302.9239502	-12.8942489624
1303.21643066	17.9642486572
1303.50878906	20.552482605
1303.80114746	15.4668893814
1304.09362793	22.251657486
1304.38598633	18.30327034
1304.67834473	11.716211319
1304.97070313	-5.06323003769
1305.26318359	4.46763086319
1305.55554199	19.9269580841
1305.84790039	56.221736908
1306.14038086	10.7540626526
1306.43273926	18.7812614441
1306.72509766	18.3694953918
1307.01757813	3.19039583206
1307.30993652	-16.1715660095
1307.60229492	-2.85628032684
1307.89477539	2.6936237812
1308.18713379	0.908322930336
1308.47949219	1.26267039776
1308.77197266	-13.5770740509
1309.06433105	2.58293771744
1309.35668945	-7.26583957672
1309.64916992	-18.4810714722
1309.94152832	1.16136109829
1310.23388672	40.3028182983
1310.52636719	3.27264404297
1310.81872559	-3.91988348961
1311.11108398	-18.6548919678
1311.40356445	-1.25488960743
1311.69592285	27.3475055695
1311.98828125	36.7995071411
1312.28076172	27.9661121368
1312.57312012	-1.68832957745
1312.86547852	9.32519721985
1313.15783691	17.0687046051
1313.45031738	1.18892192841
1313.74267578	9.09990978241
1314.03503418	5.361972332
1314.32751465	-20.0788459778
1314.61987305	-4.03895187378
1314.91223145	-1.3784519434
1315.20471191	16.5186195374
1315.49707031	17.1395702362
1315.78942871	27.0217494965
1316.08190918	3.46032500267
1316.37426758	-7.28981971741
1316.66662598	21.8931407928
1316.95910645	6.33074045181
1317.25146484	6.0615530014
1317.54382324	44.9569168091
1317.83630371	26.216293335
1318.12866211	19.2400741577
1318.42102051	20.6935424805
1318.71350098	6.22000932693
1319.00585938	0.799942612648
1319.29821777	-14.9921941757
1319.59069824	7.28622531891
1319.88305664	-1.7778840065
1320.17541504	17.3362293243
1320.46789551	-10.5958003998
1320.76025391	-24.2746562958
1321.0526123	-44.0711860657
1321.3449707	38.0229072571
1321.63745117	-17.022403717
1321.92980957	-10.3936424255
1322.22216797	5.25513839722
1322.51464844	-6.2364616394
1322.80700684	15.6012840271
1323.09936523	6.04547548294
1323.3918457	-5.05012798309
1323.6842041	-17.7861118317
1323.9765625	-21.9488544464
1324.26904297	11.1557369232
1324.56140137	-15.4078845978
1324.85375977	19.2374782562
1325.14624023	5.24832057953
1325.43859863	-13.6800470352
1325.73095703	15.850569725
1326.0234375	16.1475448608
1326.3157959	21.4022827148
1326.6081543	-1.49385809898
1326.90063477	-34.9019622803
1327.19299316	-23.5007400513
1327.48535156	26.0982379913
1327.77783203	-48.6267623901
1328.07019043	13.4097156525
1328.36254883	18.8036136627
1328.6550293	-6.37011480331
1328.9473877	-21.5924282074
1329.23974609	-14.7219667435
1329.53210449	15.6475172043
1329.82458496	12.9278907776
1330.11694336	20.7192497253
1330.40930176	24.0833625793
1330.70178223	0.0151028186083
1330.99414063	-3.57293248177
1331.28649902	3.79459857941
1331.57897949	51.1745796204
1331.87133789	15.5992412567
1332.16369629	-9.71389198303
1332.45617676	-5.5643787384
1332.74853516	-20.8799533844
1333.04089355	-11.3615427017
1333.33337402	17.4744949341
1333.62573242	21.5861663818
1333.91809082	31.8619003296
1334.21057129	-12.1858520508
1334.50292969	-23.4086532593
1334.79528809	34.1283111572
1335.08776855	2.49413394928
1335.38012695	7.23373508453
1335.67248535	-20.2083034515
1335.96496582	-15.9748058319
1336.25732422	6.68520545959
1336.54968262	14.1230487823
1336.84216309	-11.4686479568
1337.13452148	-7.09135150909
1337.42687988	28.7874107361
1337.71923828	48.9303321838
1338.01171875	3.42847800255
1338.30407715	-9.56092453003
1338.59643555	-5.41116666794
1338.88891602	14.733464241
1339.18127441	22.7240428925
1339.47363281	26.9314174652
1339.76611328	17.0174541473
1340.05847168	12.3888912201
1340.35083008	-9.58494758606
1340.64331055	12.4240255356
1340.93566895	23.123790741
1341.22802734	17.1873283386
1341.52050781	28.9990348816
1341.81286621	47.8111076355
1342.10522461	24.119758606
1342.39770508	13.2971887589
1342.69006348	2.66931867599
1342.98242188	18.1815853119
1343.27490234	1.4288392067
1343.56726074	-6.16436338425
1343.85961914	24.1042499542
1344.15209961	19.7396888733
1344.44445801	7.76953315735
1344.73681641	-0.0331421121955
1345.02929688	-11.9401845932
1345.32165527	-0.841492593288
1345.61401367	15.6688203812
1345.90637207	5.01702451706
1346.19885254	3.87463021278
1346.49121094	22.0133609772
1346.78356934	-1.30396223068
1347.0760498	7.29631948471
1347.3684082	-4.86328935623
1347.6607666	24.3823757172
1347.95324707	-11.6135339737
1348.24560547	20.4270515442
1348.53796387	-0.422497779131
1348.83044434	15.6450691223
1349.12280273	13.1251087189
1349.41516113	4.37516784668
1349.7076416	11.0721292496
1350	44.3505096436
1350.2923584	12.6430482864
1350.58483887	7.41471719742
1350.87719727	-1.63942289352
1351.16955566	8.80350780487
1351.46203613	29.9233207703
1351.75439453	0.355996847153
1352.04675293	2.29697394371
1352.3392334	22.3464736938
1352.6315918	29.7464351654
1352.9239502	35.3563575745
1353.21643066	16.7496089935
1353.50878906	0.0802347064018
1353.80114746	48.737033844
1354.09362793	17.8661231995
1354.38598633	5.44870138168
1354.67834473	6.97659254074
1354.97070313	4.5093665123
1355.26318359	33.865020752
1355.55554199	37.4959373474
1355.84790039	-0.728123784065
1356.14038086	16.4971580505
1356.43273926	2.38930702209
1356.72509766	5.68379974365
1357.01757813	7.44130802155
1357.30993652	28.5307235718
1357.60229492	43.3261909485
1357.89477539	-5.43583059311
1358.18713379	29.3630561829
1358.47949219	9.62337017059
1358.77197266	28.4809761047
1359.06433105	26.3623828888
1359.35668945	7.46986341476
1359.64916992	25.6350860596
1359.94152832	12.3387594223
1360.23388672	13.9564943314
1360.52636719	3.72279167175
1360.81872559	-0.246875703335
1361.11108398	4.58374977112
1361.40356445	17.2348136902
1361.69592285	13.5947351456
1361.98828125	17.1470413208
1362.28076172	20.1731033325
1362.57312012	9.4456243515
1362.86547852	39.6488075256
1363.15783691	24.8925189972
1363.45031738	-18.4222373962
1363.74267578	14.4454975128
1364.03503418	-19.3762207031
1364.32751465	11.6444711685
1364.61987305	18.3017578125
1364.91223145	-4.19916057587
1365.20471191	25.064207077
1365.49707031	20.5969810486
1365.78942871	20.3304386139
1366.08190918	0.498591810465
1366.37426758	24.3990421295
1366.66662598	2.16326117516
1366.95910645	2.72887468338
1367.25146484	1.79924654961
1367.54382324	1.94383704662
1367.83630371	14.1871852875
1368.12866211	10.2990608215
1368.42102051	35.6506843567
1368.71350098	22.7275276184
1369.00585938	48.9775848389
1369.29821777	20.5035247803
1369.59069824	1.73075890541
1369.88305664	23.5032787323
1370.17541504	23.5663261414
1370.46789551	38.2461967468
1370.76025391	66.0069961548
1371.0526123	37.9235610962
1371.3449707	1.99002826214
1371.63745117	6.38425540924
1371.92980957	35.5107803345
1372.22216797	-1.42812621593
1372.51464844	-9.28682899475
1372.80700684	27.5047340393
1373.09936523	-10.2027263641
1373.3918457	4.18222379684
1373.6842041	16.5392169952
1373.9765625	27.9269714355
1374.26904297	27.966217041
1374.56140137	12.3935232162
1374.85375977	32.3550071716
1375.14624023	11.4176921844
1375.43859863	11.366481781
1375.73095703	19.0223026276
1376.0234375	35.2719993591
1376.3157959	34.0391464233
1376.6081543	18.9205551147
1376.90063477	12.9168319702
1377.19299316	5.37880563736
1377.48535156	31.4164619446
1377.77783203	42.5445747375
1378.07019043	33.8073310852
1378.36254883	49.4060211182
1378.6550293	2.14595270157
1378.9473877	10.196305275
1379.23974609	32.5918731689
1379.53210449	42.0489616394
1379.82458496	21.5183849335
1380.11694336	21.7235221863
1380.40930176	12.4989719391
1380.70178223	11.8643903732
1380.99414063	19.5807590485
1381.28649902	6.15747785568
1381.57897949	-8.71636199951
1381.87133789	27.658208847
1382.16369629	-12.5648756027
1382.45617676	21.0681209564
1382.74853516	4.72149991989
1383.04089355	-4.33703422546
1383.33337402	13.7822904587
1383.62573242	34.4971923828
1383.91809082	38.3414916992
1384.21057129	-36.2764892578
1384.50292969	12.7435894012
1384.79528809	-55.8413124084
1385.08776855	15.0748872757
1385.38012695	23.7844200134
1385.67248535	-13.9567317963
1385.96496582	-6.53564977646
1386.25732422	23.6289596558
1386.54968262	-7.38953542709
1386.84216309	10.0974655151
1387.13452148	-3.09827637672
1387.42687988	36.0897712708
1387.71923828	5.29832649231
1388.01171875	12.6964597702
1388.30407715	17.3752307892
1388.59643555	16.9958953857
1388.88891602	11.681137085
1389.18127441	5.79691934586
1389.47363281	10.061627388
1389.76611328	23.4978466034
1390.05847168	30.92710495
1390.35083008	44.3485488892
1390.64331055	22.2330112457
1390.93566895	-7.77815914154
1391.22802734	12.78586483
1391.52050781	15.6351699829
1391.81286621	-13.633813858
1392.10522461	-35.8398094177
1392.39770508	6.06760120392
1392.69006348	28.1716651917
1392.98242188	38.2371520996
1393.27490234	-29.2382488251
1393.56726074	13.8682556152
1393.85961914	-30.6546344757
1394.15209961	-16.6788635254
1394.44445801	-12.7295856476
1394.73681641	12.764125824
1395.02929688	9.26382160187
1395.32165527	-21.4973506927
1395.61401367	10.2224359512
1395.90637207	17.638999939
1396.19885254	3.5361559391
1396.49121094	-8.56437110901
1396.78356934	26.7696723938
1397.0760498	20.4593105316
1397.3684082	7.74843168259
1397.6607666	15.9853076935
1397.95324707	5.92054986954
1398.24560547	10.8229532242
1398.53796387	-32.8854827881
1398.83044434	-12.1533660889
1399.12280273	-37.3954963684
1399.41516113	24.249584198
1399.7076416	7.50025653839
1400	-4.8492937088
