500	-40.3400001526
500.289398193	-42.0089988708
500.578765869	-48.5230522156
500.868164063	-24.121006012
501.157562256	-26.041223526
501.446960449	-38.6320953369
501.736328125	-32.0436134338
502.025726318	-23.2323856354
502.315124512	-15.2473306656
502.604492188	-46.8824806213
502.893890381	-40.7533798218
503.183288574	-10.7026519775
503.47265625	-8.20523262024
503.762054443	-26.9928836823
504.051452637	-13.48097229
504.34085083	-16.3125667572
504.630218506	-14.8400506973
504.919616699	0.713608205318
505.209014893	5.16643667221
505.498382568	-4.42989349365
505.787780762	-27.334487915
506.077178955	-21.3665218353
506.366546631	8.47147369385
506.655944824	15.7485208511
506.945343018	18.0990543365
507.234741211	-3.37414216995
507.524108887	2.59398055077
507.81350708	20.437921524
508.102905273	9.26550674438
508.392272949	-12.6516246796
508.681671143	-14.526432991
508.971069336	-15.4769248962
509.260437012	19.7165393829
509.549835205	-7.82892274857
509.839233398	0.11414026469
510.128631592	17.5552501678
510.417999268	7.42400741577
510.707397461	-2.87023425102
510.996795654	8.60993766785
511.28616333	-1.81329679489
511.575561523	-10.8602237701
511.864959717	3.26350283623
512.15435791	7.41603851318
512.443725586	21.8966121674
512.733093262	12.4101448059
513.022521973	-6.49118804932
513.311889648	12.4051570892
513.601257324	22.7460823059
513.890686035	40.1899642944
514.180053711	25.1929988861
514.469482422	3.01456713676
514.758850098	15.5381097794
515.048217773	26.2437820435
515.337646484	12.6424970627
515.62701416	20.6953372955
515.916381836	21.0538406372
516.205810547	17.9127616882
516.495178223	13.3435306549
516.784545898	-1.46251666546
517.073974609	12.1371269226
517.363342285	22.8484134674
517.652709961	23.9154129028
517.942138672	14.7496757507
518.231506348	6.17434167862
518.520874023	8.47669315338
518.810302734	23.1588554382
519.09967041	35.057888031
519.389038086	18.8297214508
519.678466797	30.6017284393
519.967834473	39.136013031
520.257263184	24.4143676758
520.546630859	37.7701835632
520.835998535	10.198513031
521.125427246	-14.364440918
521.414794922	9.57560539246
521.704162598	33.1299095154
521.993591309	17.9531860352
522.282958984	-11.3882608414
522.57232666	-25.6535377502
522.861755371	-6.49212551117
523.151123047	20.3478240967
523.440490723	14.9216585159
523.729919434	-22.5538921356
524.019287109	11.5770711899
524.308654785	18.8720989227
524.598083496	14.2039203644
524.887451172	14.8717498779
525.176818848	30.8493938446
525.466247559	29.4121723175
525.755615234	3.59172081947
526.045043945	2.62813210487
526.334411621	-0.106137759984
526.623779297	20.2662811279
526.913208008	19.6169013977
527.202575684	18.7058734894
527.491943359	-5.0091085434
527.78137207	18.7709560394
528.070739746	8.08063030243
528.360107422	-2.33991861343
528.649536133	-20.3545322418
528.938903809	-19.9037437439
529.228271484	4.93620491028
529.517700195	0.307821214199
529.807067871	18.6670570374
530.096435547	9.38835334778
530.385864258	-13.4077548981
530.675231934	23.6255531311
530.964660645	-16.1915512085
531.25402832	-38.9485244751
531.543395996	-6.2150220871
531.832824707	16.2173843384
532.122192383	4.75655269623
532.411560059	8.63898181915
532.70098877	1.00229775906
532.990356445	-46.8811416626
533.279724121	-17.1952457428
533.569152832	-30.4496059418
533.858520508	-28.2529678345
534.147888184	3.70221543312
534.437316895	-5.61757469177
534.72668457	-31.1726455688
535.016052246	-4.66643667221
535.305480957	4.25425195694
535.594848633	-8.94461727142
535.884216309	-14.9887018204
536.17364502	10.075053215
536.463012695	29.6625614166
536.752441406	-8.55859661102
537.041809082	5.96006345749
537.331176758	-1.25638413429
537.620605469	-19.1171894073
537.909973145	-2.04848098755
538.19934082	-33.6467628479
538.488769531	-39.8044433594
538.778137207	-11.2215766907
539.067504883	-9.57108020782
539.356933594	-9.9543466568
539.64630127	8.79234027863
539.935668945	18.6339988708
540.225097656	5.7292470932
540.514465332	-14.9122495651
540.803833008	-10.7073106766
541.093261719	25.6520996094
541.382629395	6.95054388046
541.67199707	-12.2668800354
541.961425781	-28.7875976563
542.250793457	-1.17006099224
542.540222168	8.80189704895
542.829589844	18.7685546875
543.11895752	-6.82948446274
543.40838623	-31.9075756073
543.697753906	-3.77954030037
543.987121582	-2.32386875153
544.276550293	0.392962306738
544.565917969	3.6213388443
544.855285645	3.42954945564
545.144714355	21.3192329407
545.434082031	9.3325214386
545.723449707	15.5965423584
546.012878418	-13.3780326843
546.302246094	-24.4047832489
546.59161377	-18.8187408447
546.88104248	-8.73374557495
547.170410156	19.1003437042
547.459777832	33.2422943115
547.749206543	-4.88706541061
548.038574219	16.4013690948
548.32800293	-10.9342889786
548.617370605	-21.3589897156
548.906738281	-4.08886432648
549.196166992	-3.05587077141
549.485534668	-5.44150781631
549.774902344	9.39917373657
550.064331055	11.1780166626
550.35369873	10.7740688324
550.643066406	7.50806045532
550.932495117	-11.5229110718
551.221862793	-22.4664096832
551.511230469	-2.24657773972
551.80065918	13.453163147
552.090026855	30.864156723
552.379394531	9.79314422607
552.668823242	22.1444034576
552.958190918	12.8358325958
553.247558594	-8.79378414154
553.536987305	-8.42055225372
553.82635498	-13.7987041473
554.115783691	-3.29339194298
554.405151367	-3.27334976196
554.694519043	-15.4493532181
554.983947754	3.39995312691
555.27331543	2.86359858513
555.562683105	6.89804506302
555.852111816	0.843054056168
556.141479492	29.0581645966
556.430847168	5.16389989853
556.720275879	25.8620834351
557.009643555	18.6616649628
557.29901123	8.05426597595
557.588439941	4.54175567627
557.877807617	-16.7341003418
558.167175293	-25.1535110474
558.456604004	-4.24072933197
558.74597168	10.9348306656
559.035339355	22.6946182251
559.324768066	16.143289566
559.614135742	4.69336080551
559.903564453	-27.1758384705
560.192932129	-13.3984727859
560.482299805	-9.14845085144
560.771728516	15.9760017395
561.061096191	-11.9771003723
561.350463867	-18.9519309998
561.639892578	-5.57430505753
561.929260254	1.06268000603
562.21862793	-5.16239500046
562.508056641	-8.22959327698
562.797424316	15.2125682831
563.086791992	22.4904232025
563.376220703	-5.22399234772
563.665588379	36.4342346191
563.954956055	-15.3015842438
564.244384766	7.72789764404
564.533752441	11.6207427979
564.823181152	19.0865039825
565.112548828	8.31601810455
565.401916504	12.8883066177
565.691345215	11.6301898956
565.980712891	1.04403114319
566.270080566	1.13170003891
566.559509277	1.99687516689
566.848876953	18.4190158844
567.138244629	11.3592243195
567.42767334	38.8010597229
567.717041016	30.7439537048
568.006408691	23.2744941711
568.295837402	12.6931352615
568.585205078	6.07743549347
568.874572754	38.4273109436
569.164001465	39.4724197388
569.453369141	18.8623332977
569.742736816	6.0208029747
570.032165527	5.80443477631
570.321533203	6.33595132828
570.610961914	-8.09110927582
570.90032959	3.44235992432
571.189697266	4.04052686691
571.479125977	22.4027729034
571.768493652	-10.5871953964
572.057861328	19.1723480225
572.347290039	10.7701892853
572.636657715	4.37201881409
572.926025391	19.9579792023
573.215454102	50.7652931213
573.504821777	48.4904136658
573.794189453	36.1171455383
574.083618164	37.617816925
574.37298584	15.6559257507
574.662353516	3.56805753708
574.951782227	30.7545223236
575.241149902	49.1500511169
575.530517578	47.275806427
575.819946289	45.1280441284
576.109313965	31.149061203
576.398742676	22.8145294189
576.688110352	38.7220230103
576.977478027	40.6256103516
577.266906738	25.7324829102
577.556274414	22.347984314
577.84564209	37.5406341553
578.135070801	33.9705047607
578.424438477	14.3460168839
578.713806152	51.3941345215
579.003234863	53.759311676
579.292602539	22.5161685944
579.581970215	44.8098907471
579.871398926	25.7756538391
580.160766602	34.8037528992
580.450134277	26.2869281769
580.739562988	34.7443885803
581.028930664	44.1601829529
581.31829834	57.6946296692
581.607727051	51.3569221497
581.897094727	40.0268669128
582.186523438	50.7570343018
582.475891113	49.5529556274
582.765258789	29.2582988739
583.0546875	21.9389038086
583.344055176	17.5597763062
583.633422852	26.8461742401
583.922851563	65.4982147217
584.212219238	61.2894973755
584.501586914	49.5863952637
584.791015625	39.8126525879
585.080383301	58.5128707886
585.369750977	72.1779327393
585.659179688	65.8443756104
585.948547363	52.8634414673
586.237915039	54.848815918
586.52734375	77.7471923828
586.816711426	88.0809555054
587.106079102	76.5770721436
587.395507813	52.7825813293
587.684875488	42.0543327332
587.974304199	83.9141387939
588.263671875	28.5389156342
588.553039551	46.1436729431
588.842468262	50.4041137695
589.131835938	57.8023300171
589.421203613	60.5367240906
589.710632324	63.1804656982
590	57.9219436646
590.289367676	53.703704834
590.578796387	75.1357727051
590.868164063	90.0088424683
591.157531738	72.8513946533
591.446960449	93.0659332275
591.736328125	71.4819717407
592.025695801	62.1953735352
592.315124512	47.5441932678
592.604492188	38.1157455444
592.893920898	45.9482078552
593.183288574	59.5339241028
593.47265625	63.7150993347
593.762084961	79.3905792236
594.051452637	80.5807876587
594.340820313	64.6415939331
594.630249023	67.3324584961
594.919616699	75.4406356812
595.208984375	61.6777153015
595.498413086	55.9022674561
595.787780762	92.8700637817
596.077148438	78.1156921387
596.366577148	53.0370178223
596.655944824	64.9867477417
596.9453125	61.7772979736
597.234741211	64.1915435791
597.524108887	58.7831192017
597.813476563	66.2338256836
598.102905273	69.1436767578
598.392272949	57.0934066772
598.68170166	55.8877830505
598.971069336	67.4012298584
599.260437012	62.6475906372
599.549865723	55.6013908386
599.839233398	47.4400367737
600.128601074	30.157831192
600.418029785	61.3709068298
600.707397461	61.8308906555
600.996765137	59.2654838562
601.286193848	78.9177703857
601.575561523	81.1131057739
601.864929199	78.2762145996
602.15435791	88.9167785645
602.443725586	80.4021530151
602.733093262	67.3499298096
603.022521973	67.5537261963
603.311889648	64.8332901001
603.601257324	69.6973266602
603.890686035	67.7041015625
604.180053711	51.1406478882
604.469482422	61.423789978
604.758850098	45.9523773193
605.048217773	50.6911697388
605.337646484	19.6432590485
605.62701416	52.6899147034
605.916381836	59.0143966675
606.205810547	43.0375328064
606.495178223	55.0688056946
606.784545898	73.1786880493
607.073974609	64.6107635498
607.363342285	53.3842201233
607.652709961	52.9794578552
607.942138672	47.7005882263
608.231506348	69.2611618042
608.520874023	68.2050323486
608.810302734	64.6466217041
609.09967041	27.6783809662
609.389038086	73.2872924805
609.678466797	41.6258544922
609.967834473	49.8324203491
610.257263184	64.8389511108
610.546630859	63.6551361084
610.835998535	36.6937332153
611.125427246	38.0225296021
611.414794922	57.9261169434
611.704162598	54.6016769409
611.993591309	43.9304771423
612.282958984	42.6006660461
612.57232666	28.6128940582
612.861755371	33.6081962585
613.151123047	31.2383460999
613.440490723	16.3003787994
613.729919434	39.364528656
614.019287109	30.1057624817
614.308654785	27.8985099792
614.598083496	43.9565544128
614.887451172	56.2717628479
615.176818848	58.0149497986
615.466247559	36.400390625
615.755615234	16.0302944183
616.045043945	10.9626083374
616.334411621	25.7485198975
616.623779297	49.52759552
616.913208008	48.546333313
617.202575684	46.7236022949
617.491943359	32.7978439331
617.78137207	41.3561325073
618.070739746	-4.93534708023
618.360107422	44.9023208618
618.649536133	73.8070449829
618.938903809	32.245059967
619.228271484	38.9040145874
619.517700195	25.9591331482
619.807067871	16.6727790833
620.096435547	22.8917942047
620.385864258	22.2110710144
620.675231934	35.6012306213
620.964660645	48.4900894165
621.25402832	28.2435283661
621.543395996	28.7777309418
621.832824707	24.7271347046
622.122192383	18.9561595917
622.411560059	16.801153183
622.70098877	6.27130889893
622.990356445	1.84164381027
623.279724121	14.8331212997
623.569152832	38.4902877808
623.858520508	19.6992950439
624.147888184	15.168800354
624.437316895	7.3611240387
624.72668457	5.57061910629
625.016052246	17.603843689
625.305480957	42.6032981873
625.594848633	46.3020515442
625.884216309	17.1892795563
626.17364502	18.7475700378
626.463012695	24.8591651917
626.752441406	16.9369869232
627.041809082	-17.2446327209
627.331176758	8.04469680786
627.620605469	9.7248134613
627.909973145	39.0900688171
628.19934082	-0.257075130939
628.488769531	12.5023870468
628.778137207	27.1403484344
629.067504883	25.0212306976
629.356933594	-3.48712921143
629.64630127	-13.0242156982
629.935668945	0.485833078623
630.225097656	10.6620960236
630.514465332	24.6302852631
630.803833008	38.8767967224
631.093261719	32.5332832336
631.382629395	15.7233963013
631.67199707	27.6251792908
631.961425781	3.52971410751
632.250793457	-18.2848110199
632.540222168	11.10019207
632.829589844	-8.72922611237
633.11895752	-0.0466808341444
633.40838623	-12.5952711105
633.697753906	-7.27112483978
633.987121582	-3.15913653374
634.276550293	11.296667099
634.565917969	19.7887821198
634.855285645	18.3104400635
635.144714355	16.1800613403
635.434082031	10.6870698929
635.723449707	22.0661468506
636.012878418	18.2502231598
636.302246094	17.6114788055
636.59161377	22.0369434357
636.88104248	-3.61223244667
637.170410156	17.5610351563
637.459777832	3.20793581009
637.749206543	5.20695257187
638.038574219	-5.28262138367
638.32800293	-3.53360486031
638.617370605	-7.07054233551
638.906738281	-18.708065033
639.196166992	-0.633120954037
639.485534668	5.0606546402
639.774902344	0.0984243005514
640.064331055	18.6911907196
640.35369873	17.8141651154
640.643066406	4.84412288666
640.932495117	-3.76184082031
641.221862793	-5.3124499321
641.511230469	9.80930423737
641.80065918	-8.86965751648
642.090026855	-18.0975131989
642.379394531	12.4322004318
642.668823242	-2.65716195107
642.958190918	-13.4643630981
643.247558594	-3.43196439743
643.536987305	12.2218370438
643.82635498	-1.49478745461
644.115783691	-2.7318546772
644.405151367	2.35205769539
644.694519043	-2.13287782669
644.983947754	10.6447038651
645.27331543	36.2232437134
645.562683105	45.0805931091
645.852111816	22.805929184
646.141479492	-22.3638210297
646.430847168	-1.02844321728
646.720275879	-20.5411453247
647.009643555	26.0959892273
647.29901123	6.91745090485
647.588439941	-9.31400108337
647.877807617	-10.2049427032
648.167175293	3.14654803276
648.456604004	7.4324297905
648.74597168	-5.61940002441
649.035339355	-2.62142515182
649.324768066	-0.455904573202
649.614135742	0.669267475605
649.903564453	11.8059797287
650.192932129	20.6999511719
650.482299805	22.9147224426
650.771728516	3.77018404007
651.061096191	-4.76382350922
651.350463867	-17.9594516754
651.639892578	4.71925210953
651.929260254	14.0365629196
652.21862793	18.1873703003
652.508056641	2.78062438965
652.797424316	3.92190980911
653.086791992	10.5334100723
653.376220703	19.0241260529
653.665588379	22.3665828705
653.954956055	30.1619205475
654.244384766	10.8245124817
654.533752441	4.18137359619
654.823181152	14.6855173111
655.112548828	2.65517187119
655.401916504	-2.03288865089
655.691345215	16.2769184113
655.980712891	13.4392004013
656.270080566	18.4188652039
656.559509277	31.648349762
656.848876953	6.52278995514
657.138244629	26.2434215546
657.42767334	-2.42186903954
657.717041016	21.5319156647
658.006408691	34.1832122803
658.295837402	33.4993667603
658.585205078	32.7807884216
658.874572754	14.4955606461
659.164001465	10.7882785797
659.453369141	26.341917038
659.742736816	26.6970691681
660.032165527	17.5713310242
660.321533203	22.1984558105
660.610961914	26.4074325562
660.90032959	31.8192272186
661.189697266	52.508605957
661.479125977	31.3577213287
661.768493652	39.1371917725
662.057861328	3.02872037888
662.347290039	-30.2439918518
662.636657715	41.0420684814
662.926025391	30.9565486908
663.215454102	54.7790527344
663.504821777	25.1947498322
663.794189453	25.9053726196
664.083618164	23.6849060059
664.37298584	13.727558136
664.662353516	36.9535598755
664.951782227	36.612487793
665.241149902	23.6016750336
665.530517578	18.3762607574
665.819946289	7.73733854294
666.109313965	16.0927352905
666.398742676	25.1029815674
666.688110352	20.1392879486
666.977478027	32.6025924683
667.266906738	12.2227048874
667.556274414	57.8761978149
667.84564209	31.5660667419
668.135070801	51.6014595032
668.424438477	20.1829299927
668.713806152	19.8598613739
669.003234863	53.7905197144
669.292602539	-4.5952963829
669.581970215	1.45516884327
669.871398926	3.52571868896
670.160766602	-6.7463259697
670.450134277	15.7384653091
670.739562988	34.3444137573
671.028930664	29.9537181854
671.31829834	27.2373371124
671.607727051	35.3269309998
671.897094727	51.4245147705
672.186523438	33.0563430786
672.475891113	37.3282432556
672.765258789	38.9333953857
673.0546875	56.5298271179
673.344055176	54.8073425293
673.633422852	19.5736274719
673.922851563	35.6588249207
674.212219238	37.3352661133
674.501586914	42.5373420715
674.791015625	39.8044281006
675.080383301	38.412021637
675.369750977	25.543296814
675.659179688	14.5117950439
675.948547363	19.5263710022
676.237915039	25.6283493042
676.52734375	26.4308338165
676.816711426	34.8108901978
677.106079102	46.4131126404
677.395507813	43.5652046204
677.684875488	31.8634719849
677.974304199	30.3217163086
678.263671875	30.3702297211
678.553039551	19.9726963043
678.842468262	8.98416423798
679.131835938	41.5973739624
679.421203613	20.8719596863
679.710632324	21.9117469788
680	31.3909225464
680.289367676	-5.39747858047
680.578796387	9.97287559509
680.868164063	24.2892093658
681.157531738	14.1470479965
681.446960449	22.9549026489
681.736328125	28.4338340759
682.025695801	25.8148651123
682.315124512	18.423746109
682.604492188	17.4412517548
682.893920898	27.2876815796
683.183288574	21.9692497253
683.47265625	33.4945678711
683.762084961	41.7875289917
684.051452637	60.7557182312
684.340820313	33.2766418457
684.630249023	12.6384534836
684.919616699	40.2250518799
685.208984375	22.4425086975
685.498413086	31.9615440369
685.787780762	21.699508667
686.077148438	0.643285036087
686.366577148	24.7758464813
686.655944824	38.8897895813
686.9453125	12.1265325546
687.234741211	10.080871582
687.524108887	15.612537384
687.813476563	5.73746585846
688.102905273	8.75454902649
688.392272949	22.4712734222
688.68170166	25.7315216064
688.971069336	29.2155799866
689.260437012	28.3966598511
689.549865723	13.355881691
689.839233398	15.3604478836
690.128601074	35.9284896851
690.418029785	43.2634468079
690.707397461	33.0604934692
690.996765137	-7.30017518997
691.286193848	24.2569465637
691.575561523	9.74881839752
691.864929199	7.82174444199
692.15435791	15.7433681488
692.443725586	23.0760593414
692.733093262	21.8240356445
693.022521973	26.9893112183
693.311889648	26.5363578796
693.601257324	7.17715549469
693.890686035	-9.73984336853
694.180053711	-0.644944965839
694.469482422	15.4727239609
694.758850098	16.7827110291
695.048217773	13.9115447998
695.337646484	17.9679336548
695.62701416	23.2769451141
695.916381836	-6.6865067482
696.205810547	-2.17601513863
696.495178223	11.4093618393
696.784545898	38.1563606262
697.073974609	-12.9603462219
697.363342285	3.72146677971
697.652709961	41.8227119446
697.942138672	16.3700695038
698.231506348	17.4136981964
698.520874023	20.588432312
698.810302734	10.8123016357
699.09967041	12.5995826721
699.389038086	25.2679672241
699.678466797	7.88026618958
699.967834473	3.68585801125
700.257263184	30.2835083008
700.546630859	5.61107206345
700.835998535	-26.1983261108
701.125427246	8.91714572906
701.414794922	23.2300624847
701.704162598	6.75440359116
701.993591309	-26.142332077
702.282958984	-3.62495779991
702.57232666	4.94026708603
702.861755371	1.71800458431
703.151123047	-9.01120376587
703.440490723	-1.28728747368
703.729919434	23.5407428741
704.019287109	9.19849681854
704.308654785	-8.88056468964
704.598083496	-7.86576700211
704.887451172	-5.437748909
705.176818848	-18.6945457458
705.466247559	-6.79376125336
705.755615234	27.4145298004
706.045043945	23.0716629028
706.334411621	21.9384002686
706.623779297	21.1198368073
706.913208008	6.89269161224
707.202575684	-5.07113599777
707.491943359	6.61469459534
707.78137207	32.5518569946
708.070739746	13.0155181885
708.360107422	10.9865045547
708.649536133	10.8892421722
708.938903809	21.4849853516
709.228271484	36.2748184204
709.517700195	12.4016780853
709.807067871	9.1451253891
710.096435547	14.4264154434
710.385864258	4.30034399033
710.675231934	15.7864675522
710.964660645	5.68773984909
711.25402832	20.6035499573
711.543395996	13.5305919647
711.832824707	8.63157176971
712.122192383	28.6443061829
712.411560059	43.5217857361
712.70098877	42.1774559021
712.990356445	26.2805213928
713.279724121	16.250043869
713.569152832	10.0521945953
713.858520508	14.4045295715
714.147888184	18.0320110321
714.437316895	7.86638832092
714.72668457	23.4023170471
715.016052246	19.8403434753
715.305480957	37.7228164673
715.594848633	21.3795948029
715.884216309	20.3569297791
716.17364502	13.3314447403
716.463012695	21.6286029816
716.752441406	16.7178649902
717.041809082	35.7552566528
717.331176758	60.4803962708
717.620605469	44.7476348877
717.909973145	17.1678390503
718.19934082	23.3568439484
718.488769531	29.0820903778
718.778137207	35.086769104
719.067504883	9.2562417984
719.356933594	-3.84126472473
719.64630127	10.9551610947
719.935668945	14.218873024
720.225097656	28.1511516571
720.514465332	26.6507015228
720.803833008	12.3394622803
721.093261719	32.1579704285
721.382629395	30.431936264
721.67199707	3.14096069336
721.961425781	0.166012465954
722.250793457	18.2329463959
722.540222168	-2.88750958443
722.829589844	1.99192452431
723.11895752	19.3806362152
723.40838623	13.4703845978
723.697753906	37.6486473083
723.987121582	3.48779797554
724.276550293	-19.9266033173
724.565917969	18.2973136902
724.855285645	22.831287384
725.144714355	5.33534383774
725.434082031	-27.8950843811
725.723449707	-5.87038755417
726.012878418	4.79895114899
726.302246094	3.73722338676
726.59161377	18.6606025696
726.88104248	29.5115814209
727.170410156	23.6739749908
727.459777832	7.72919034958
727.749206543	-5.2545466423
728.038574219	4.21839332581
728.32800293	8.85794734955
728.617370605	-16.9252166748
728.906738281	-17.178106308
729.196166992	3.49147629738
729.485534668	9.66534423828
729.774902344	-6.84926509857
730.064331055	29.806646347
730.35369873	-0.645951092243
730.643066406	6.88240861893
730.932495117	15.6467180252
731.221862793	-0.279267519712
731.511230469	37.3413772583
731.80065918	32.8185768127
732.090026855	20.2624645233
732.379394531	15.8494186401
732.668823242	-0.195353969932
732.958190918	16.7636699677
733.247558594	19.2485733032
733.536987305	19.8624916077
733.82635498	38.6010551453
734.115783691	15.7640476227
734.405151367	0.825610816479
734.694519043	0.845669925213
734.983947754	0.24498924613
735.27331543	5.4684176445
735.562683105	2.34052729607
735.852111816	2.86167287827
736.141479492	13.8866147995
736.430847168	14.3637046814
736.720275879	17.9058475494
737.009643555	14.8673114777
737.29901123	-0.979572355747
737.588439941	41.6653518677
737.877807617	36.6292610168
738.167175293	22.9208030701
738.456604004	9.08574676514
738.74597168	-2.69888138771
739.035339355	19.6698112488
739.324768066	26.8147354126
739.614135742	-4.46989297867
739.903564453	35.8158988953
740.192932129	5.61428022385
740.482299805	24.4990844727
740.771728516	26.3273601532
741.061096191	34.1899490356
741.350463867	29.929977417
741.639892578	17.70844841
741.929260254	18.7858791351
742.21862793	35.4770812988
742.508056641	16.4423179626
742.797424316	-4.27980995178
743.086791992	1.25025904179
743.376220703	12.5253105164
743.665588379	26.8600673676
743.954956055	31.0842285156
744.244384766	31.6334495544
744.533752441	15.8121995926
744.823181152	41.8782691956
745.112548828	41.0731315613
745.401916504	34.0614509583
745.691345215	18.1502246857
745.980712891	48.6219444275
746.270080566	16.9029884338
746.559509277	-5.31146097183
746.848876953	29.030374527
747.138244629	54.9627876282
747.42767334	21.6140594482
747.717041016	24.9429569244
748.006408691	68.1739501953
748.295837402	40.4397277832
748.585205078	38.7962112427
748.874572754	8.49034404755
749.164001465	25.8935699463
749.453369141	16.7163639069
749.742736816	48.2134742737
750.032165527	59.1669921875
750.321533203	53.6377334595
750.610961914	47.1476478577
750.90032959	56.5322113037
751.189697266	65.6064682007
751.479125977	62.4596443176
751.768493652	52.2262878418
752.057861328	39.3261795044
752.347290039	54.8837013245
752.636657715	41.3576202393
752.926025391	32.9570236206
753.215454102	51.4024848938
753.504821777	52.4147338867
753.794189453	47.9687271118
754.083618164	16.5365028381
754.37298584	52.3768730164
754.662353516	34.6628036499
754.951782227	55.7029914856
755.241149902	32.7889671326
755.530517578	31.0595149994
755.819946289	31.5071754456
756.109313965	21.5250358582
756.398742676	52.2319717407
756.688110352	40.5354804993
756.977478027	44.2716026306
757.266906738	56.3540267944
757.556274414	44.5049476624
757.84564209	51.8133354187
758.135070801	58.7683181763
758.424438477	64.295211792
758.713806152	37.562587738
759.003234863	41.1196212769
759.292602539	43.2512512207
759.581970215	32.5686759949
759.871398926	38.3464126587
760.160766602	35.0168609619
760.450134277	33.5837974548
760.739562988	38.4306259155
761.028930664	31.1774902344
761.31829834	29.3350009918
761.607727051	19.3844680786
761.897094727	19.626449585
762.186523438	48.5850944519
762.475891113	31.0878200531
762.765258789	33.2316589355
763.0546875	46.9984092712
763.344055176	52.2557754517
763.633422852	38.7338409424
763.922851563	-9.41347122192
764.212219238	45.94789505
764.501586914	62.8414916992
764.791015625	43.2776756287
765.080383301	43.093875885
765.369750977	48.7211151123
765.659179688	32.9510002136
765.948547363	49.8253059387
766.237915039	37.0040588379
766.52734375	25.2954673767
766.816711426	15.5601549149
767.106079102	23.377576828
767.395507813	36.7349052429
767.684875488	42.4527168274
767.974304199	41.2050628662
768.263671875	21.2387943268
768.553039551	21.9065589905
768.842468262	32.0715026855
769.131835938	15.4738864899
769.421203613	23.1401863098
769.710632324	29.3288116455
770	23.3937931061
770.289367676	15.0945158005
770.578796387	44.5521850586
770.868164063	17.2399692535
771.157531738	31.2243824005
771.446960449	29.6083221436
771.736328125	37.8131942749
772.025695801	14.5659198761
772.315124512	9.39395046234
772.604492188	27.7250442505
772.893920898	13.577000618
773.183288574	8.12489128113
773.47265625	20.3839645386
773.762084961	19.7193183899
774.051452637	25.7432842255
774.340820313	23.155921936
774.630249023	14.1978187561
774.919616699	28.4835033417
775.208984375	3.40175557137
775.498413086	10.6184577942
775.787780762	12.188076973
776.077148438	4.5040345192
776.366577148	19.435092926
776.655944824	6.58112812042
776.9453125	5.46031808853
777.234741211	24.0066108704
777.524108887	19.8020591736
777.813476563	16.047460556
778.102905273	13.304690361
778.392272949	24.820110321
778.68170166	17.5309524536
778.971069336	1.18528962135
779.260437012	4.19533872604
779.549865723	43.3077926636
779.839233398	8.39594173431
780.128601074	8.39594173431
780.418029785	33.3319473267
780.707397461	-11.1685018539
780.996765137	-10.8366746902
781.286193848	6.04189252853
781.575561523	11.6886606216
781.864929199	24.3989048004
782.15435791	22.6173171997
782.443725586	-3.16169691086
782.733093262	18.4560184479
783.022521973	5.28160715103
783.311889648	15.5167541504
783.601257324	4.55585622787
783.890686035	-4.57534170151
784.180053711	-17.5196380615
784.469482422	-18.3007392883
784.758850098	4.50691795349
785.048217773	15.2335195541
785.337646484	4.19460678101
785.62701416	12.3760347366
785.916381836	11.8494224548
786.205810547	-3.55963158607
786.495178223	-24.8533344269
786.784545898	-17.3176898956
787.073974609	11.4690561295
787.363342285	9.62115478516
787.652709961	8.40557765961
787.942138672	1.19696259499
788.231506348	-3.91754055023
788.520874023	-0.516662657261
788.810302734	-21.7142906189
789.09967041	-24.5228862762
789.389038086	-2.96478152275
789.678466797	20.6149330139
789.967834473	19.7440834045
790.257263184	10.0877141953
790.546630859	16.9258480072
790.835998535	6.34918642044
791.125427246	12.8683547974
791.414794922	11.1947698593
791.704162598	21.0236263275
791.993591309	8.62775611877
792.282958984	4.83918046951
792.57232666	22.3513870239
792.861755371	9.67426586151
793.151123047	-3.36406564713
793.440490723	1.33051335812
793.729919434	11.3731193542
794.019287109	6.3860578537
794.308654785	7.91022634506
794.598083496	24.98188591
794.887451172	24.9423332214
795.176818848	21.4188938141
795.466247559	21.5235118866
795.755615234	25.9087657928
796.045043945	13.8039102554
796.334411621	6.0995631218
796.623779297	8.68549919128
796.913208008	41.7569122314
797.202575684	35.1468048096
797.491943359	35.5130157471
797.78137207	37.0785713196
798.070739746	27.4779834747
798.360107422	22.6217803955
798.649536133	22.4578437805
798.938903809	35.154132843
799.228271484	4.97566413879
799.517700195	31.5458583832
799.807067871	21.4411201477
800.096435547	16.3761787415
800.385864258	16.1521816254
800.675231934	22.0589199066
800.964660645	4.61129140854
801.25402832	29.0417098999
801.543395996	44.0607528687
801.832824707	39.0577049255
802.122192383	44.9493026733
802.411560059	52.9136581421
802.70098877	38.793422699
802.990356445	31.4152469635
803.279724121	33.5651473999
803.569152832	38.011806488
803.858520508	41.8582420349
804.147888184	33.2405662537
804.437316895	29.7790203094
804.72668457	35.7812156677
805.016052246	25.541469574
805.305480957	20.2268981934
805.594848633	30.9109783173
805.884216309	33.1861228943
806.17364502	31.7890319824
806.463012695	45.6318054199
806.752441406	53.6373023987
807.041809082	46.2986755371
807.331176758	43.3819274902
807.620605469	30.3217506409
807.909973145	42.7577857971
808.19934082	43.2319030762
808.488769531	40.0125465393
808.778137207	32.2298316956
809.067504883	41.0396461487
809.356933594	33.1730728149
809.64630127	35.6777076721
809.935668945	51.6161842346
810.225097656	59.4214859009
810.514465332	42.1216812134
810.803833008	24.5542964935
811.093261719	30.735086441
811.382629395	42.8471450806
811.67199707	40.6376724243
811.961425781	51.1727104187
812.250793457	68.237159729
812.540222168	65.1047210693
812.829589844	66.9528579712
813.11895752	69.0207290649
813.40838623	42.1719779968
813.697753906	43.9913139343
813.987121582	68.3184585571
814.276550293	45.0446624756
814.565917969	51.2971000671
814.855285645	70.7675628662
815.144714355	42.3914642334
815.434082031	61.3184661865
815.723449707	50.2686576843
816.012878418	14.9531116486
816.302246094	49.6935882568
816.59161377	44.4894866943
816.88104248	47.4632453918
817.170410156	31.8328723907
817.459777832	56.9109954834
817.749206543	44.2045783997
818.038574219	30.3085803986
818.32800293	32.2159347534
818.617370605	48.1192512512
818.906738281	41.8963508606
819.196166992	19.0952072144
819.485534668	41.9201583862
819.774902344	36.811756134
820.064331055	27.6492843628
820.35369873	46.4171066284
820.643066406	48.4107589722
820.932495117	43.8383750916
821.221862793	33.2390060425
821.511230469	20.7805099487
821.80065918	25.0111045837
822.090026855	42.0960655212
822.379394531	65.0115890503
822.668823242	44.7504844666
822.958190918	38.4799766541
823.247558594	51.1655235291
823.536987305	44.3697471619
823.82635498	58.73229599
824.115783691	48.4965820313
824.405151367	41.0798339844
824.694519043	79.1740722656
824.983947754	68.8934326172
825.27331543	44.8145751953
825.562683105	34.1900634766
825.852111816	53.4948768616
826.141479492	50.7272949219
826.430847168	40.8010253906
826.720275879	54.2630653381
827.009643555	45.4156532288
827.29901123	67.7083740234
827.588439941	67.0446853638
827.877807617	66.1223144531
828.167175293	31.672121048
828.456604004	8.37317466736
828.74597168	25.4957313538
829.035339355	60.62317276
829.324768066	63.4047927856
829.614135742	68.4326248169
829.903564453	67.6273269653
830.192932129	41.7305984497
830.482299805	32.7052078247
830.771728516	52.2675895691
831.061096191	56.5173416138
831.350463867	40.8386306763
831.639892578	30.3748893738
831.929260254	30.7706413269
832.21862793	56.7984695435
832.508056641	64.9528961182
832.797424316	19.5334587097
833.086791992	28.2304801941
833.376220703	53.0406646729
833.665588379	75.1502838135
833.954956055	52.1707878113
834.244384766	51.0385894775
834.533752441	73.1479644775
834.823181152	6.66493415833
835.112548828	39.3402252197
835.401916504	11.4039459229
835.691345215	69.8610992432
835.980712891	38.6794624329
836.270080566	52.5691070557
836.559509277	54.3167915344
836.848876953	47.6954536438
837.138244629	41.3460884094
837.42767334	29.5866909027
837.717041016	52.6484565735
838.006408691	46.6609077454
838.295837402	76.9625473022
838.585205078	51.1759223938
838.874572754	39.473285675
839.164001465	49.2146224976
839.453369141	34.7495346069
839.742736816	17.1999721527
840.032165527	22.1297855377
840.321533203	28.6227035522
840.610961914	23.2314720154
840.90032959	24.6655521393
841.189697266	26.6960697174
841.479125977	19.1468791962
841.768493652	22.1371116638
842.057861328	29.0851078033
842.347290039	30.7937297821
842.636657715	38.6650657654
842.926025391	41.0346946716
843.215454102	49.2574768066
843.504821777	40.335357666
843.794189453	31.6190471649
844.083618164	30.6709289551
844.37298584	24.5222473145
844.662353516	31.5566692352
844.951782227	54.8766212463
845.241149902	30.0382385254
845.530517578	5.75991773605
845.819946289	31.9372901917
846.109313965	41.4360694885
846.398742676	48.4274024963
846.688110352	51.6781349182
846.977478027	4.36563444138
847.266906738	-1.36007034779
847.556274414	28.1233272552
847.84564209	7.68069887161
848.135070801	48.4535293579
848.424438477	30.8197383881
848.713806152	23.6373653412
849.003234863	-9.81539058685
849.292602539	32.8213272095
849.581970215	45.466835022
849.871398926	35.6830253601
850.160766602	31.9835605621
850.450134277	22.9108047485
850.739562988	35.2412528992
851.028930664	18.8391513824
851.31829834	2.94877004623
851.607727051	9.20744037628
851.897094727	18.2350273132
852.186523438	35.1379852295
852.475891113	14.8584423065
852.765258789	-4.32393169403
853.0546875	4.21403551102
853.344055176	-16.7371368408
853.633422852	-9.58772468567
853.922851563	16.3018054962
854.212219238	2.1699681282
854.501586914	4.95317029953
854.791015625	29.8231678009
855.080383301	45.3617401123
855.369750977	19.3673553467
855.659179688	9.83964920044
855.948547363	24.7606658936
856.237915039	22.9977550507
856.52734375	-2.64632964134
856.816711426	-14.0816040039
857.106079102	7.88863992691
857.395507813	-0.710521996021
857.684875488	-6.73026847839
857.974304199	21.5265254974
858.263671875	13.5578050613
858.553039551	0.511203110218
858.842468262	-11.9917678833
859.131835938	1.00704050064
859.421203613	-5.56446409225
859.710632324	-10.4233913422
860	30.2258071899
860.289367676	16.4948787689
860.578796387	-0.0329942107201
860.868164063	-5.38892221451
861.157531738	43.0466537476
861.446960449	10.9806938171
861.736328125	17.0957126617
862.025695801	-1.23604500294
862.315124512	-4.07104682922
862.604492188	0.271511167288
862.893920898	5.46971225739
863.183288574	16.3601226807
863.47265625	16.0481395721
863.762084961	-0.898191034794
864.051452637	-3.70358204842
864.340820313	5.00323390961
864.630249023	6.48341751099
864.919616699	18.5974597931
865.208984375	30.5882110596
865.498413086	20.5730342865
865.787780762	14.9192533493
866.077148438	9.13778877258
866.366577148	-10.6591272354
866.655944824	-17.7018241882
866.9453125	-3.94740009308
867.234741211	17.6646194458
867.524108887	7.42807626724
867.813476563	-4.1058306694
868.102905273	-0.290441989899
868.392272949	27.8965988159
868.68170166	33.417552948
868.971069336	18.2713413239
869.260437012	29.3433933258
869.549865723	10.9822673798
869.839233398	7.5709195137
870.128601074	-2.66220617294
870.418029785	28.372177124
870.707397461	6.48035955429
870.996765137	-17.9358711243
871.286193848	31.6048583984
871.575561523	19.278717041
871.864929199	-39.481754303
872.15435791	18.850725174
872.443725586	2.94279527664
872.733093262	0.332228422165
873.022521973	3.51187491417
873.311889648	-1.59502995014
873.601257324	15.7397155762
873.890686035	20.4393825531
874.180053711	39.0883369446
874.469482422	34.8639297485
874.758850098	-22.1113834381
875.048217773	2.27316737175
875.337646484	-14.6287288666
875.62701416	33.0129013062
875.916381836	-10.9016208649
876.205810547	2.15839672089
876.495178223	16.8681430817
876.784545898	11.8081130981
877.073974609	21.5495262146
877.363342285	2.62230944633
877.652709961	-9.89035701752
877.942138672	-13.6333179474
878.231506348	14.7277946472
878.520874023	20.0950107574
878.810302734	26.8679199219
879.09967041	11.0849895477
879.389038086	7.80157089233
879.678466797	15.8256998062
879.967834473	-20.8192920685
880.257263184	-45.8749961853
880.546630859	-26.3017253876
880.835998535	9.84210205078
881.125427246	41.5822944641
881.414794922	26.5308113098
881.704162598	-10.1503124237
881.993591309	5.78519296646
882.282958984	18.8023109436
882.57232666	12.7977018356
882.861755371	8.01494598389
883.151123047	10.3033046722
883.440490723	6.31993532181
883.729919434	-8.30730247498
884.019287109	8.88193511963
884.308654785	28.5194149017
884.598083496	1.48519408703
884.887451172	8.96984195709
885.176818848	-2.28037333488
885.466247559	-3.20863699913
885.755615234	12.184214592
886.045043945	42.8250427246
886.334411621	17.3941631317
886.623779297	44.7101097107
886.913208008	15.9705667496
887.202575684	0.488661885262
887.491943359	18.1062717438
887.78137207	19.7413749695
888.070739746	19.6983966827
888.360107422	10.5238256454
888.649536133	21.3476486206
888.938903809	25.059797287
889.228271484	38.7406959534
889.517700195	17.4180335999
889.807067871	17.883600235
890.096435547	40.6318817139
890.385864258	42.7364654541
890.675231934	45.7020339966
890.964660645	-13.0310287476
891.25402832	12.7582674026
891.543395996	41.3918037415
891.832824707	36.8437995911
892.122192383	61.503944397
892.411560059	48.4992980957
892.70098877	34.4063720703
892.990356445	9.79820728302
893.279724121	36.9473686218
893.569152832	36.9254875183
893.858520508	46.659362793
894.147888184	31.5360622406
894.437316895	40.0393295288
894.72668457	43.8452262878
895.016052246	35.2060585022
895.305480957	28.4434547424
895.594848633	39.5572128296
895.884216309	42.5440216064
896.17364502	22.3348846436
896.463012695	14.2775020599
896.752441406	5.82862091064
897.041809082	11.8935518265
897.331176758	31.1926136017
897.620605469	15.642414093
897.909973145	11.2327356339
898.19934082	14.9404888153
898.488769531	18.436920166
898.778137207	43.2547798157
899.067504883	39.5614128113
899.356933594	42.1701469421
899.64630127	52.8027038574
899.935668945	41.6068954468
900.225097656	49.2744674683
900.514465332	39.2417411804
900.803833008	20.6482257843
901.093261719	24.7254676819
901.382629395	46.4207687378
901.67199707	50.858505249
901.961425781	61.1015167236
902.250793457	73.8483352661
902.540222168	63.3684463501
902.829589844	29.4184837341
903.11895752	52.7436676025
903.40838623	58.8665657043
903.697753906	57.7640151978
903.987121582	51.7317771912
904.276550293	65.9650268555
904.565917969	86.1146774292
904.855285645	77.2123184204
905.144714355	60.0781364441
905.434082031	51.0317382813
905.723449707	58.7131271362
906.012878418	53.5188827515
906.302246094	33.2427482605
906.59161377	50.9502601624
906.88104248	11.6153907776
907.170410156	32.8631820679
907.459777832	43.8636627197
907.749206543	20.7629241943
908.038574219	42.0312232971
908.32800293	37.3777542114
908.617370605	24.5376548767
908.906738281	0.528123557568
909.196166992	43.7716255188
909.485534668	44.7689285278
909.774902344	43.1238975525
910.064331055	52.1340026855
910.35369873	59.8148994446
910.643066406	41.9313430786
910.932495117	58.8296318054
911.221862793	69.1509094238
911.511230469	64.3271713257
911.80065918	33.9280929565
912.090026855	62.21616745
912.379394531	55.0611305237
912.668823242	38.4830970764
912.958190918	45.5736618042
913.247558594	60.1224822998
913.536987305	60.1150054932
913.82635498	78.30884552
914.115783691	75.1187515259
914.405151367	71.2122497559
914.694519043	39.9019317627
914.983947754	61.517993927
915.27331543	77.249671936
915.562683105	69.6832580566
915.852111816	56.2214355469
916.141479492	91.22240448
916.430847168	77.3285903931
916.720275879	71.7791213989
917.009643555	67.1253051758
917.29901123	60.0371589661
917.588439941	67.2020492554
917.877807617	45.5997428894
918.167175293	72.3350830078
918.456604004	81.0827331543
918.74597168	63.8449325562
919.035339355	67.648147583
919.324768066	92.7876434326
919.614135742	71.6623916626
919.903564453	39.2667312622
920.192932129	58.8626670837
920.482299805	58.7454681396
920.771728516	72.0824737549
921.061096191	53.5656204224
921.350463867	45.1188316345
921.639892578	55.015411377
921.929260254	55.2458686829
922.21862793	65.8884353638
922.508056641	70.3877944946
922.797424316	53.0447692871
923.086791992	55.5117988586
923.376220703	52.6364059448
923.665588379	35.8434257507
923.954956055	67.9801330566
924.244384766	78.3317871094
924.533752441	53.665763855
924.823181152	44.4126853943
925.112548828	47.3482208252
925.401916504	52.9124183655
925.691345215	69.5272598267
925.980712891	68.1415023804
926.270080566	71.580947876
926.559509277	66.9924163818
926.848876953	64.8320083618
927.138244629	66.9460144043
927.42767334	68.709777832
927.717041016	63.4683113098
928.006408691	72.9993057251
928.295837402	78.5675125122
928.585205078	57.5257568359
928.874572754	71.0977706909
929.164001465	66.447227478
929.453369141	61.6967277527
929.742736816	68.128112793
930.032165527	69.3933410645
930.321533203	61.8491439819
930.610961914	51.3809776306
930.90032959	63.7801361084
931.189697266	64.5259780884
931.479125977	60.2567825317
931.768493652	60.2394371033
932.057861328	48.7823944092
932.347290039	56.4226264954
932.636657715	68.0205154419
932.926025391	70.0388183594
933.215454102	71.4214782715
933.504821777	69.3511581421
933.794189453	64.3316116333
934.083618164	71.1319961548
934.37298584	71.417388916
934.662353516	73.2845687866
934.951782227	61.2897872925
935.241149902	39.5212211609
935.530517578	35.092010498
935.819946289	64.0239868164
936.109313965	63.0210494995
936.398742676	45.8944358826
936.688110352	58.225479126
936.977478027	64.0304031372
937.266906738	74.0466079712
937.556274414	57.8964500427
937.84564209	45.5287628174
938.135070801	42.4724617004
938.424438477	74.0452041626
938.713806152	61.6728782654
939.003234863	69.8616943359
939.292602539	65.4087982178
939.581970215	64.5447769165
939.871398926	48.2052726746
940.160766602	66.528503418
940.450134277	67.5372848511
940.739562988	59.1174545288
941.028930664	58.9936637878
941.31829834	68.4431152344
941.607727051	63.6866188049
941.897094727	69.4485702515
942.186523438	54.705745697
942.475891113	45.3295135498
942.765258789	56.3321876526
943.0546875	52.3637771606
943.344055176	43.6518516541
943.633422852	59.2980804443
943.922851563	75.4768829346
944.212219238	41.2988967896
944.501586914	43.0735435486
944.791015625	44.1363830566
945.080383301	52.844379425
945.369750977	40.8243484497
945.659179688	40.3552055359
945.948547363	46.7536315918
946.237915039	45.9381904602
946.52734375	29.7891139984
946.816711426	26.7314872742
947.106079102	25.3620910645
947.395507813	-0.286007940769
947.684875488	24.7684249878
947.974304199	32.144493103
948.263671875	42.4643096924
948.553039551	21.3317298889
948.842468262	33.0181045532
949.131835938	29.1814231873
949.421203613	46.3398590088
949.710632324	41.3616828918
950	47.9627456665
950.289367676	25.0506248474
950.578796387	31.5473003387
950.868164063	45.639087677
951.157531738	36.4637832642
951.446960449	24.4394626617
951.736328125	47.8259277344
952.025695801	38.022693634
952.315124512	35.3731307983
952.604492188	35.605052948
952.893920898	44.5946464539
953.183288574	50.5067481995
953.47265625	14.3746566772
953.762084961	29.9035587311
954.051452637	14.5265951157
954.340820313	39.1047096252
954.630249023	24.2193050385
954.919616699	57.4126548767
955.208984375	33.5620574951
955.498413086	18.2994556427
955.787780762	40.7696609497
956.077148438	28.5059776306
956.366577148	23.6059246063
956.655944824	28.5551338196
956.9453125	30.4628372192
957.234741211	37.4824638367
957.524108887	35.2016906738
957.813476563	34.6062202454
958.102905273	5.44469308853
958.392272949	34.9083061218
958.68170166	24.2038097382
958.971069336	47.0436439514
959.260437012	53.2159957886
959.549865723	22.1701908112
959.839233398	27.8227672577
960.128601074	17.6176795959
960.418029785	2.85800719261
960.707397461	-8.28580188751
960.996765137	3.39607214928
961.286193848	5.23649787903
961.575561523	17.8421993256
961.864929199	2.29629135132
962.15435791	5.01000785828
962.443725586	26.3871955872
962.733093262	7.82688140869
963.022521973	12.1961154938
963.311889648	3.8828728199
963.601257324	20.3123054504
963.890686035	24.6126918793
964.180053711	25.0665397644
964.469482422	3.58689618111
964.758850098	27.7189655304
965.048217773	19.3302841187
965.337646484	23.2073307037
965.62701416	18.6248264313
965.916381836	18.7872829437
966.205810547	4.93071556091
966.495178223	9.38394451141
966.784545898	-8.85472202301
967.073974609	22.1734752655
967.363342285	41.7922325134
967.652709961	18.6150894165
967.942138672	19.3842544556
968.231506348	25.7649726868
968.520874023	7.27240133286
968.810302734	36.8623657227
969.09967041	14.8082704544
969.389038086	22.7202396393
969.678466797	23.8683109283
969.967834473	33.2336502075
970.257263184	-9.59899330139
970.546630859	-12.8808727264
970.835998535	-7.55655002594
971.125427246	0.220182865858
971.414794922	2.61994481087
971.704162598	-0.771797001362
971.993591309	20.2156295776
972.282958984	12.1337013245
972.57232666	2.97633457184
972.861755371	-0.96250885725
973.151123047	-18.297121048
973.440490723	-23.7303676605
973.729919434	-14.9048070908
974.019287109	7.06429100037
974.308654785	7.12518596649
974.598083496	16.8303852081
974.887451172	3.24088954926
975.176818848	-22.5094947815
975.466247559	-19.3050270081
975.755615234	-0.0371018275619
976.045043945	-14.9337091446
976.334411621	-21.7146110535
976.623779297	18.248626709
976.913208008	8.21871948242
977.202575684	-1.25187981129
977.491943359	6.27605628967
977.78137207	-1.98065853119
978.070739746	11.5582637787
978.360107422	6.42164850235
978.649536133	19.3309497833
978.938903809	19.3891582489
979.228271484	5.42100095749
979.517700195	-2.0647175312
979.807067871	6.44612836838
980.096435547	-3.74663877487
980.385864258	-12.4821128845
980.675231934	11.3678445816
980.964660645	22.7490692139
981.25402832	7.78042268753
981.543395996	-13.0668849945
981.832824707	-9.62389278412
982.122192383	-3.16163110733
982.411560059	-6.92568731308
982.70098877	0.829560935497
982.990356445	3.59724283218
983.279724121	6.30804014206
983.569152832	8.47027111053
983.858520508	-8.73958683014
984.147888184	-15.2321586609
984.437316895	2.14418363571
984.72668457	-8.93212890625
985.016052246	-28.1793384552
985.305480957	-18.2253608704
985.594848633	-1.86344027519
985.884216309	-1.01934230328
986.17364502	-5.99968957901
986.463012695	0.894701182842
986.752441406	26.1963367462
987.041809082	25.0316448212
987.331176758	-2.10277271271
987.620605469	26.7105808258
987.909973145	22.2954025269
988.19934082	-14.3614768982
988.488769531	-3.91775202751
988.778137207	27.7339630127
989.067504883	11.3690767288
989.356933594	-28.334903717
989.64630127	-13.0652685165
989.935668945	8.11574363708
990.225097656	1.56752502918
990.514465332	14.1342792511
990.803833008	-17.9207935333
991.093261719	17.362531662
991.382629395	6.69954967499
991.67199707	15.8070755005
991.961425781	4.13727474213
992.250793457	27.066822052
992.540222168	9.07451152802
992.829589844	5.83877563477
993.11895752	-20.6745491028
993.40838623	0.0452994629741
993.697753906	8.15966129303
993.987121582	9.83212852478
994.276550293	-10.6052503586
994.565917969	10.392168045
994.855285645	38.1420288086
995.144714355	16.4688091278
995.434082031	-6.43660497665
995.723449707	7.0952372551
996.012878418	-10.6805200577
996.302246094	-10.7993125916
996.59161377	-3.61122083664
996.88104248	23.5222015381
997.170410156	-4.63907194138
997.459777832	18.1913547516
997.749206543	7.78913164139
998.038574219	24.5482692719
998.32800293	0.12749157846
998.617370605	14.0707101822
998.906738281	6.07398843765
999.196166992	27.0575084686
999.485534668	12.4074649811
999.774902344	29.0420913696
1000.06433105	-13.487329483
1000.35369873	5.10896635056
1000.64306641	-22.1682739258
1000.93249512	27.7940063477
1001.22186279	-7.57283401489
1001.51123047	21.9392337799
1001.80065918	11.8797836304
1002.09002686	-3.51342272758
1002.37939453	-8.97840690613
1002.66882324	4.92503452301
1002.95819092	-10.1673908234
1003.24755859	-2.77690601349
1003.5369873	4.3213596344
1003.82635498	5.15471553802
1004.11578369	-13.6342258453
1004.40515137	-4.29110431671
1004.69451904	-3.43040466309
1004.98394775	18.6605377197
1005.27331543	15.4724082947
1005.56268311	8.1807641983
1005.85211182	24.3864517212
1006.14147949	12.2193193436
1006.43084717	3.39073491096
1006.72027588	-13.908621788
1007.00964355	-0.23204921186
1007.29901123	20.4752845764
1007.58843994	2.93520569801
1007.87780762	18.681602478
1008.16717529	20.843038559
1008.456604	17.6281547546
1008.74597168	14.0327539444
1009.03533936	-2.94985389709
1009.32476807	6.53936386108
1009.61413574	-1.37732565403
1009.90356445	12.9776144028
1010.19293213	29.3123893738
1010.4822998	15.9577121735
1010.77172852	-6.55355834961
1011.06109619	2.59371733665
1011.35046387	8.32302379608
1011.63989258	23.7429065704
1011.92926025	29.6099071503
1012.21862793	31.628276825
1012.50805664	15.6736469269
1012.79742432	-4.53552293777
1013.08679199	-0.817446768284
1013.3762207	4.135638237
1013.66558838	10.5441436768
1013.95495605	8.49024772644
1014.24438477	-6.55471420288
1014.53375244	-1.8112475872
1014.82318115	13.8019933701
1015.11254883	16.1685066223
1015.4019165	18.0350208282
1015.69134521	16.5330276489
1015.98071289	20.3780574799
1016.27008057	6.68304729462
1016.55950928	24.0008773804
1016.84887695	-1.60379946232
1017.13824463	11.7602729797
1017.42767334	8.12400245667
1017.71704102	12.3215703964
1018.00640869	1.07822108269
1018.2958374	10.8760328293
1018.58520508	-9.11438751221
1018.87457275	-28.4959201813
1019.16400146	-3.83726930618
1019.45336914	-3.53179073334
1019.74273682	0.350836336613
1020.03216553	-24.9153175354
1020.3215332	9.35451698303
1020.61096191	14.17918396
1020.90032959	-2.23066973686
1021.18969727	23.9371128082
1021.47912598	2.87262034416
1021.76849365	11.8685283661
1022.05786133	-5.96222352982
1022.34729004	-6.80113077164
1022.63665771	-8.96635532379
1022.92602539	-12.7453489304
1023.2154541	14.2536344528
1023.50482178	-0.575164794922
1023.79418945	14.0169343948
1024.08361816	23.5909118652
1024.37304688	9.42650604248
1024.66235352	17.105884552
1024.95178223	20.5767326355
1025.24121094	11.5324449539
1025.53051758	11.9642648697
1025.81994629	14.5996637344
1026.109375	7.89570760727
1026.39868164	1.588758111
1026.68811035	0.954625785351
1026.97753906	18.9830913544
1027.2668457	29.1751651764
1027.55627441	16.7485523224
1027.84570313	23.1266269684
1028.13500977	43.424659729
1028.42443848	20.4790019989
1028.71386719	3.63783884048
1029.00317383	33.8499336243
1029.29260254	16.6000766754
1029.58203125	44.5777626038
1029.87133789	39.131652832
1030.1607666	53.242149353
1030.45019531	45.7427825928
1030.73950195	35.9055595398
1031.02893066	41.940372467
1031.31835938	77.1763534546
1031.60766602	48.6867904663
1031.89709473	55.9647674561
1032.18652344	64.4761428833
1032.47583008	64.3234939575
1032.76525879	60.1976585388
1033.0546875	66.281791687
1033.34399414	47.6432952881
1033.63342285	58.8387527466
1033.92285156	61.7646789551
1034.2121582	78.761932373
1034.50158691	91.3167648315
1034.79101563	95.4663238525
1035.08044434	108.004066467
1035.36975098	110.384613037
1035.65917969	126.541496277
1035.9486084	129.575332642
1036.23791504	120.72883606
1036.52734375	133.738250732
1036.81677246	157.325805664
1037.1060791	161.066711426
1037.39550781	169.078567505
1037.68493652	160.160751343
1037.97424316	159.504180908
1038.26367188	189.398864746
1038.55310059	196.2212677
1038.84240723	241.058853149
1039.13183594	260.859283447
1039.42126465	256.851623535
1039.71057129	277.172119141
1040	284.714263916
1040.28942871	306.034729004
1040.57873535	348.317108154
1040.86816406	372.798706055
1041.15759277	403.723175049
1041.44689941	434.287322998
1041.73632813	459.490112305
1042.02575684	483.768554688
1042.31506348	527.058776855
1042.60449219	570.215637207
1042.8939209	619.610351563
1043.18322754	670.269226074
1043.47265625	715.951965332
1043.76208496	779.849609375
1044.0513916	843.146118164
1044.34082031	906.837219238
1044.63024902	975.604431152
1044.91955566	1049.04992676
1045.20898438	1101.43432617
1045.49841309	1163.49987793
1045.7878418	1261.13244629
1046.07714844	1320.13793945
1046.36657715	1368.91931152
1046.65600586	1428.03173828
1046.9453125	1479.57202148
1047.23474121	1552.29724121
1047.52416992	1594.40185547
1047.81347656	1595.90551758
1048.10290527	1588.86169434
1048.39233398	1636.8515625
1048.68164063	1646.72924805
1048.97106934	1617.25085449
1049.26049805	1596.92480469
1049.54980469	1574.89575195
1049.8392334	1519.46911621
1050.12866211	1474.70898438
1050.41796875	1411.3013916
1050.70739746	1333.69372559
1050.99682617	1262.23388672
1051.28613281	1201.03771973
1051.57556152	1121.42993164
1051.86499023	1058.8125
1052.15429688	986.193481445
1052.44372559	919.870849609
1052.7331543	844.643493652
1053.02246094	793.307739258
1053.31188965	738.797119141
1053.60131836	672.531188965
1053.890625	622.817932129
1054.18005371	578.984619141
1054.46948242	534.348999023
1054.75878906	448.790100098
1055.04821777	385.954803467
1055.33764648	420.861694336
1055.62695313	389.412658691
1055.91638184	331.652069092
1056.20581055	303.884124756
1056.49511719	352.244659424
1056.7845459	288.313171387
1057.07397461	277.56137085
1057.36340332	238.070785522
1057.65270996	234.307785034
1057.94213867	227.191711426
1058.23156738	171.391571045
1058.52087402	193.08656311
1058.81030273	215.314743042
1059.09973145	153.881774902
1059.38903809	120.31262207
1059.6784668	118.158958435
1059.96789551	147.171798706
1060.25720215	111.806259155
1060.54663086	126.166755676
1060.83605957	136.490142822
1061.12536621	112.762290955
1061.41479492	83.3674163818
1061.70422363	62.074596405
1061.99353027	82.9756546021
1062.28295898	75.3454284668
1062.5723877	60.8699874878
1062.86169434	79.3769989014
1063.15112305	71.1955032349
1063.44055176	70.6429138184
1063.7298584	68.5556945801
1064.01928711	81.5109176636
1064.30871582	73.8040313721
1064.59802246	83.6611480713
1064.88745117	87.5060195923
1065.17687988	77.4827270508
1065.46618652	45.0058517456
1065.75561523	56.7481842041
1066.04504395	45.5105361938
1066.33435059	49.2304420471
1066.6237793	34.5196495056
1066.91320801	26.1892299652
1067.20251465	32.3891143799
1067.49194336	26.8262729645
1067.78137207	28.8942890167
1068.07067871	33.1366577148
1068.36010742	23.4361171722
1068.64953613	32.9738616943
1068.93896484	26.2889461517
1069.22827148	28.0054340363
1069.5177002	30.1120243073
1069.80712891	6.30113458633
1070.09643555	9.04399013519
1070.38586426	12.4386663437
1070.67529297	-3.32974338531
1070.96459961	22.3149681091
1071.25402832	4.94206571579
1071.54345703	-8.66569900513
1071.83276367	39.1059646606
1072.12219238	37.3092346191
1072.41162109	17.4177780151
1072.70092773	17.3339729309
1072.99035645	10.2247428894
1073.27978516	23.2610206604
1073.5690918	8.38717746735
1073.85852051	21.0425949097
1074.14794922	1.54469382763
1074.43725586	15.2249193192
1074.72668457	27.0595245361
1075.01611328	31.1958866119
1075.30541992	7.96347570419
1075.59484863	8.71018886566
1075.88427734	26.1756534576
1076.17358398	-28.991815567
1076.4630127	-2.2885594368
1076.75244141	2.62075185776
1077.04174805	31.6446895599
1077.33117676	34.9036102295
1077.62060547	11.5053043365
1077.90991211	6.45355796814
1078.19934082	14.8824005127
1078.48876953	-3.29324913025
1078.77807617	30.6574459076
1079.06750488	1.96128845215
1079.35693359	-3.07813072205
1079.6463623	27.3365516663
1079.93566895	18.8805084229
1080.22509766	-4.57590293884
1080.51452637	12.285068512
1080.80383301	30.3461151123
1081.09326172	33.6851158142
1081.38269043	29.9030189514
1081.67199707	22.5050811768
1081.96142578	15.6941785812
1082.25085449	1.95016920567
1082.54016113	34.8974456787
1082.82958984	5.94005823135
1083.11901855	25.3156776428
1083.4083252	6.42164707184
1083.69775391	14.4510755539
1083.98718262	8.62796497345
1084.27648926	6.25492954254
1084.56591797	7.48894786835
1084.85534668	32.4241371155
1085.14465332	21.9427051544
1085.43408203	13.1191053391
1085.72351074	10.9595689774
1086.01281738	14.7789163589
1086.30224609	14.421626091
1086.5916748	19.6785945892
1086.88098145	30.7733325958
1087.17041016	4.48488950729
1087.45983887	0.787267208099
1087.74914551	30.2213611603
1088.03857422	18.3777427673
1088.32800293	12.4769954681
1088.61730957	17.7431201935
1088.90673828	47.978603363
1089.19616699	28.9025630951
1089.48547363	-12.0876598358
1089.77490234	-2.35461807251
1090.06433105	35.5419960022
1090.3536377	5.53614997864
1090.64306641	-5.01889419556
1090.93249512	7.671667099
1091.22192383	9.2543182373
1091.51123047	56.1610679626
1091.80065918	37.8848342896
1092.09008789	20.0792999268
1092.37939453	22.9484519958
1092.66882324	14.1414546967
1092.95825195	44.6972503662
1093.24755859	49.4252891541
1093.5369873	44.799446106
1093.82641602	37.9607086182
1094.11572266	16.6316184998
1094.40515137	42.7162246704
1094.69458008	18.5366668701
1094.98388672	27.7774009705
1095.27331543	34.1154251099
1095.56274414	13.4300088882
1095.85205078	17.519865036
1096.14147949	57.4003677368
1096.4309082	54.622177124
1096.72021484	32.6343955994
1097.00964355	53.13306427
1097.29907227	19.4417896271
1097.58837891	18.7455120087
1097.87780762	2.90872883797
1098.16723633	13.8971414566
1098.45654297	12.6784029007
1098.74597168	29.5208206177
1099.03540039	37.9872589111
1099.32470703	46.7636375427
1099.61413574	23.6114273071
1099.90356445	25.5905628204
1100.19287109	26.8381328583
1100.4822998	20.4256668091
1100.77172852	33.3134918213
1101.06103516	28.5161418915
1101.35046387	32.7101211548
1101.63989258	35.5891609192
1101.92932129	28.6527671814
1102.21862793	26.079536438
1102.50805664	16.9200000763
1102.79748535	24.0436668396
1103.08679199	27.2790298462
1103.3762207	41.9525032043
1103.66564941	47.4824180603
1103.95495605	31.3549880981
1104.24438477	15.8067798615
1104.53381348	30.4997825623
1104.82312012	48.5017471313
1105.11254883	38.0092048645
1105.40197754	38.8784751892
1105.69128418	67.3872756958
1105.98071289	7.57832622528
1106.2701416	30.3025779724
1106.55944824	40.5545425415
1106.84887695	35.1386604309
1107.13830566	30.3448448181
1107.4276123	28.6837253571
1107.71704102	12.3244810104
1108.00646973	-1.9849575758
1108.29577637	13.7367334366
1108.58520508	12.5889158249
1108.87463379	11.2750825882
1109.16394043	31.6134738922
1109.45336914	31.8860664368
1109.74279785	10.4921541214
1110.03210449	38.6401138306
1110.3215332	21.3721809387
1110.61096191	35.0090293884
1110.90026855	33.1882400513
1111.18969727	47.5995063782
1111.47912598	33.2134056091
1111.76843262	19.5254306793
1112.05786133	-3.00226974487
1112.34729004	27.1287212372
1112.63659668	43.7010002136
1112.92602539	31.9086494446
1113.2154541	20.9190349579
1113.50488281	41.3156509399
1113.79418945	29.6159553528
1114.08361816	3.91979813576
1114.37304688	18.7363357544
1114.66235352	14.090839386
1114.95178223	8.10561943054
1115.24121094	5.15213823318
1115.53051758	10.8816423416
1115.81994629	8.21429347992
1116.109375	-8.58733272552
1116.39868164	15.7544755936
1116.68811035	29.6579265594
1116.97753906	21.0701675415
1117.2668457	30.3177375793
1117.55627441	12.2094717026
1117.84570313	15.9078454971
1118.13500977	44.1212348938
1118.42443848	27.163848877
1118.71386719	37.9945449829
1119.00317383	17.8348903656
1119.29260254	24.8237915039
1119.58203125	-0.733508169651
1119.87133789	-33.8529891968
1120.1607666	15.8284225464
1120.45019531	14.2222366333
1120.73950195	11.4225797653
1121.02893066	-23.3999137878
1121.31835938	19.2629432678
1121.60766602	16.3207073212
1121.89709473	6.57536220551
1122.18652344	13.5687866211
1122.47583008	15.1636600494
1122.76525879	34.8367729187
1123.0546875	16.4132041931
1123.34399414	38.4660835266
1123.63342285	44.376991272
1123.92285156	24.5554714203
1124.2121582	10.0277872086
1124.50158691	-8.3103313446
1124.79101563	4.10789680481
1125.08044434	7.61645793915
1125.36975098	5.63174152374
1125.65917969	14.8219432831
1125.9486084	31.5668315887
1126.23791504	-0.825598955154
1126.52734375	12.9251489639
1126.81677246	41.9869308472
1127.1060791	3.38698220253
1127.39550781	12.8999376297
1127.68493652	26.6404323578
1127.97424316	43.7694854736
1128.26367188	3.57247972488
1128.55310059	-8.87452602386
1128.84240723	13.904917717
1129.13183594	-2.90488052368
1129.42126465	1.02360212803
1129.71057129	-4.0075006485
1130	5.19881391525
1130.28942871	2.86753082275
1130.57873535	-4.84228277206
1130.86816406	5.03200054169
1131.15759277	-0.38863787055
1131.44689941	25.9064311981
1131.73632813	24.9418468475
1132.02575684	1.73995900154
1132.31506348	-1.25208127499
1132.60449219	3.80481934547
1132.8939209	-1.99033093452
1133.18322754	-21.2523899078
1133.47265625	-8.61199378967
1133.76208496	25.8096523285
1134.0513916	1.22728025913
1134.34082031	-5.27099466324
1134.63024902	15.166765213
1134.91955566	11.8817558289
1135.20898438	6.49725055695
1135.49841309	11.4911623001
1135.7878418	22.4523601532
1136.07714844	8.73961639404
1136.36657715	-2.35680294037
1136.65600586	13.2035160065
1136.9453125	14.8418464661
1137.23474121	9.03058338165
1137.52416992	11.2539873123
1137.81347656	-24.9817047119
1138.10290527	6.7548828125
1138.39233398	-11.4401693344
1138.68164063	-7.88435840607
1138.97106934	6.56658506393
1139.26049805	-1.04008841515
1139.54980469	-11.9334955215
1139.8392334	-3.19837260246
1140.12866211	-9.22203826904
1140.41796875	0.844514966011
1140.70739746	3.33500933647
1140.99682617	10.8811674118
1141.28613281	19.9052410126
1141.57556152	19.6076488495
1141.86499023	-1.54394638538
1142.15429688	-10.2942876816
1142.44372559	-3.18904709816
1142.7331543	-7.86652135849
1143.02246094	-14.9694013596
1143.31188965	3.24667859077
1143.60131836	20.0716457367
1143.890625	13.7724761963
1144.18005371	6.56668186188
1144.46948242	19.340379715
1144.75878906	13.3322257996
1145.04821777	14.6913719177
1145.33764648	12.9377260208
1145.62695313	25.7572097778
1145.91638184	19.9840316772
1146.20581055	-7.32674360275
1146.49511719	-1.84563922882
1146.7845459	-18.6866874695
1147.07397461	-27.8187522888
1147.36340332	6.57164430618
1147.65270996	11.5175924301
1147.94213867	11.0969543457
1148.23156738	14.1977996826
1148.52087402	6.4040017128
1148.81030273	-11.2236680984
1149.09973145	5.92454147339
1149.38903809	25.869512558
1149.6784668	-3.20835232735
1149.96789551	-4.27156877518
1150.25720215	36.7959594727
1150.54663086	5.65950250626
1150.83605957	5.25497722626
1151.12536621	2.67553448677
1151.41479492	-3.25926399231
1151.70422363	14.5329875946
1151.99353027	27.8212203979
1152.28295898	4.80292654037
1152.5723877	7.50289344788
1152.86169434	6.87608766556
1153.15112305	-5.32921886444
1153.44055176	-0.345072180033
1153.7298584	-4.48994445801
1154.01928711	-23.1937866211
1154.30871582	15.6878213882
1154.59802246	13.7729291916
1154.88745117	20.9343223572
1155.17687988	-12.6957883835
1155.46618652	-5.64534854889
1155.75561523	45.8720016479
1156.04504395	2.32978081703
1156.33435059	27.9026813507
1156.6237793	14.5689573288
1156.91320801	19.9798622131
1157.20251465	17.8325481415
1157.49194336	-0.521195650101
1157.78137207	3.41754078865
1158.07067871	19.0597782135
1158.36010742	1.51511597633
1158.64953613	10.1672315598
1158.93896484	18.2275505066
1159.22827148	17.3785762787
1159.5177002	12.1156520844
1159.80712891	31.1364212036
1160.09643555	63.6814880371
1160.38586426	45.3834075928
1160.67529297	25.544801712
1160.96459961	19.5005149841
1161.25402832	-1.54561090469
1161.54345703	37.6802368164
1161.83276367	63.9972763062
1162.12219238	-8.49904537201
1162.41162109	-7.41431283951
1162.70092773	-7.59434127808
1162.99035645	6.98990297318
1163.27978516	48.4095954895
1163.5690918	-4.49552965164
1163.85852051	8.87191772461
1164.14794922	43.2598724365
1164.43725586	30.4079704285
1164.72668457	6.12453794479
1165.01611328	30.181438446
1165.30541992	6.97260141373
1165.59484863	19.3600692749
1165.88427734	39.2490005493
1166.17358398	6.88342475891
1166.4630127	11.7069272995
1166.75244141	40.7838478088
1167.04174805	32.3362388611
1167.33117676	20.9527111053
1167.62060547	19.7137126923
1167.90991211	8.55419254303
1168.19934082	27.3689060211
1168.48876953	47.1181907654
1168.77807617	33.7574958801
1169.06750488	36.9140052795
1169.35693359	21.9728603363
1169.6463623	68.2197036743
1169.93566895	17.4356708527
1170.22509766	44.6029205322
1170.51452637	12.847322464
1170.80383301	37.7532310486
1171.09326172	51.0215568542
1171.38269043	36.9710350037
1171.67199707	39.9970626831
1171.96142578	36.54322052
1172.25085449	24.8667240143
1172.54016113	19.9679450989
1172.82958984	46.1034584045
1173.11901855	30.3390693665
1173.4083252	28.6341400146
1173.69775391	43.2540283203
1173.98718262	35.4923400879
1174.27648926	35.4923400879
1174.56591797	44.3826255798
1174.85534668	31.876537323
1175.14465332	23.3063716888
1175.43408203	33.6640548706
1175.72351074	31.7478103638
1176.01281738	43.081451416
1176.30224609	50.7946052551
1176.5916748	59.0936927795
1176.88098145	35.365322113
1177.17041016	32.6185112
1177.45983887	35.5811767578
1177.74914551	3.96511173248
1178.03857422	16.8794345856
1178.32800293	75.0300827026
1178.61730957	20.4438056946
1178.90673828	39.0973854065
1179.19616699	48.4575080872
1179.48547363	15.4942779541
1179.77490234	36.7508850098
1180.06433105	44.3741912842
1180.3536377	54.5325431824
1180.64306641	57.7710838318
1180.93249512	57.1795463562
1181.22192383	50.1251182556
1181.51123047	61.9328842163
1181.80065918	52.0366592407
1182.09008789	22.0984420776
1182.37939453	10.9257383347
1182.66882324	43.9411354065
1182.95825195	58.9218635559
1183.24755859	41.0933990479
1183.5369873	49.198638916
1183.82641602	53.2174530029
1184.11572266	32.1111564636
1184.40515137	22.0801639557
1184.69458008	50.08335495
1184.98388672	66.5961990356
1185.27331543	24.9079799652
1185.56274414	86.9853897095
1185.85205078	58.4518432617
1186.14147949	51.8803291321
1186.4309082	64.1510925293
1186.72021484	37.5223350525
1187.00964355	31.0894908905
1187.29907227	26.7464885712
1187.58837891	35.2236862183
1187.87780762	53.3059768677
1188.16723633	66.4170761108
1188.45654297	46.1838264465
1188.74597168	41.9194374084
1189.03540039	43.1467475891
1189.32470703	29.3783416748
1189.61413574	37.4752807617
1189.90356445	45.1405792236
1190.19287109	61.9932670593
1190.4822998	67.7444992065
1190.77172852	34.8302116394
1191.06103516	21.238073349
1191.35046387	38.4053268433
1191.63989258	41.1931838989
1191.92932129	73.3125839233
1192.21862793	53.4470100403
1192.50805664	53.9165077209
1192.79748535	62.5896186829
1193.08679199	48.4217987061
1193.3762207	36.292175293
1193.66564941	42.8598175049
1193.95495605	40.2530326843
1194.24438477	33.042842865
1194.53381348	53.1348991394
1194.82312012	84.0080947876
1195.11254883	76.494682312
1195.40197754	51.9866409302
1195.69128418	55.0712585449
1195.98071289	57.5397796631
1196.2701416	78.2412109375
1196.55944824	60.8185081482
1196.84887695	47.2274589539
1197.13830566	77.946472168
1197.4276123	55.8650741577
1197.71704102	61.0816421509
1198.00646973	52.4886398315
1198.29577637	55.2309761047
1198.58520508	58.3581886292
1198.87463379	53.6763191223
1199.16394043	55.5802764893
1199.45336914	48.1420593262
1199.74279785	43.9865570068
1200.03210449	26.4930515289
1200.3215332	42.3287620544
1200.61096191	45.2938652039
1200.90026855	46.4629592896
1201.18969727	62.3426132202
1201.47912598	45.1719741821
1201.76843262	52.1330566406
1202.05786133	32.1225776672
1202.34729004	19.8020362854
1202.63659668	18.0858745575
1202.92602539	40.628616333
1203.2154541	35.9018249512
1203.50488281	34.8644866943
1203.79418945	64.9505691528
1204.08361816	52.5069847107
1204.37304688	54.9291191101
1204.66235352	41.6641273499
1204.95178223	56.060382843
1205.24121094	44.7784194946
1205.53051758	48.1599121094
1205.81994629	70.7104644775
1206.109375	56.2707824707
1206.39868164	47.7792320251
1206.68811035	72.946975708
1206.97753906	57.990688324
1207.2668457	35.9869308472
1207.55627441	66.0804519653
1207.84570313	72.2320785522
1208.13500977	59.6311531067
1208.42443848	38.1294593811
1208.71386719	59.4612617493
1209.00317383	26.9096508026
1209.29260254	46.5305175781
1209.58203125	58.0112457275
1209.87133789	42.9562187195
1210.1607666	35.7802085876
1210.45019531	46.0451164246
1210.73950195	22.6302242279
1211.02893066	44.9893722534
1211.31835938	49.4788894653
1211.60766602	28.2993488312
1211.89709473	48.4597663879
1212.18652344	42.8555335999
1212.47583008	34.4733543396
1212.76525879	28.3115062714
1213.0546875	37.7536621094
1213.34399414	47.3944320679
1213.63342285	34.5314102173
1213.92285156	34.8632125854
1214.2121582	22.9771308899
1214.50158691	36.9939918518
1214.79101563	32.6456184387
1215.08044434	73.8983230591
1215.36975098	60.6123352051
1215.65917969	26.3796844482
1215.9486084	49.6226196289
1216.23791504	22.8473777771
1216.52734375	41.7319145203
1216.81677246	39.2092247009
1217.1060791	35.4759750366
1217.39550781	31.7818984985
1217.68493652	18.0829391479
1217.97424316	14.43171978
1218.26367188	42.1722145081
1218.55310059	32.4610481262
1218.84240723	46.0158843994
1219.13183594	17.0317687988
1219.42126465	32.6423797607
1219.71057129	44.6996574402
1220	30.6383914948
1220.28942871	49.7050590515
1220.57873535	23.2310848236
1220.86816406	24.729391098
1221.15759277	49.919593811
1221.44689941	41.5139770508
1221.73632813	59.2012481689
1222.02575684	38.0184059143
1222.31506348	41.2363243103
1222.60449219	27.9455699921
1222.8939209	22.317899704
1223.18322754	12.1823043823
1223.47265625	27.7665481567
1223.76208496	18.9367313385
1224.0513916	34.0711555481
1224.34082031	39.0147743225
1224.63024902	32.6668891907
1224.91955566	4.81156873703
1225.20898438	35.795715332
1225.49841309	24.3677520752
1225.7878418	16.9080524445
1226.07714844	2.96825742722
1226.36657715	52.6545524597
1226.65600586	18.1782493591
1226.9453125	16.0646286011
1227.23474121	-7.5898976326
1227.52416992	25.6667098999
1227.81347656	15.4285764694
1228.10290527	26.4908485413
1228.39233398	8.93739700317
1228.68164063	13.9204540253
1228.97106934	28.8928813934
1229.26049805	20.8277130127
1229.54980469	15.988992691
1229.8392334	7.87255334854
1230.12866211	5.52271556854
1230.41796875	11.9281358719
1230.70739746	15.0465602875
1230.99682617	24.1254329681
1231.28613281	43.1089782715
1231.57556152	44.8729095459
1231.86499023	12.7193622589
1232.15429688	9.30691146851
1232.44372559	28.9414482117
1232.7331543	34.1296958923
1233.02246094	27.2084579468
1233.31188965	-4.27028608322
1233.60131836	8.13378238678
1233.890625	24.5543403625
1234.18005371	26.785068512
1234.46948242	15.1119890213
1234.75878906	8.6302022934
1235.04821777	23.0933532715
1235.33764648	7.25132751465
1235.62695313	-2.78319311142
1235.91638184	21.5061302185
1236.20581055	10.6460380554
1236.49511719	-2.56182265282
1236.7845459	1.66792941093
1237.07397461	-5.10183000565
1237.36340332	6.27342987061
1237.65270996	11.725725174
1237.94213867	6.11807537079
1238.23156738	9.15104961395
1238.52087402	-10.121263504
1238.81030273	23.6861248016
1239.09973145	15.4959554672
1239.38903809	24.7006931305
1239.6784668	13.1487064362
1239.96789551	11.4292402267
1240.25720215	-8.03057384491
1240.54663086	3.48238134384
1240.83605957	15.7941646576
1241.12536621	11.7371826172
1241.41479492	-4.36874961853
1241.70422363	-9.26175403595
1241.99353027	-4.53329658508
1242.28295898	-8.3618478775
1242.5723877	11.6250305176
1242.86169434	-10.2055940628
1243.15112305	-6.16305112839
1243.44055176	2.54794836044
1243.7298584	3.66898393631
1244.01928711	-1.49843430519
1244.30871582	-14.0384111404
1244.59802246	2.56944060326
1244.88745117	-15.310379982
1245.17687988	7.59300231934
1245.46618652	20.1676521301
1245.75561523	17.0173225403
1246.04504395	-15.9196271896
1246.33435059	-9.46656036377
1246.6237793	3.03106069565
1246.91320801	-10.7022752762
1247.20251465	-5.56073236465
1247.49194336	-7.74670505524
1247.78137207	-5.66363525391
1248.07067871	-5.73058795929
1248.36010742	-17.4927330017
1248.64953613	-4.05517053604
1248.93896484	0.96637570858
1249.22827148	-5.35008859634
1249.5177002	-24.5082302094
1249.80712891	-12.6194953918
1250.09643555	-4.81437826157
1250.38586426	3.03431677818
1250.67529297	27.220413208
1250.96459961	-8.2400932312
1251.25402832	-8.25956249237
1251.54345703	-13.3141880035
1251.83276367	-6.84940242767
1252.12219238	-9.84885215759
1252.41162109	22.5472068787
1252.70092773	17.7483196259
1252.99035645	2.10433936119
1253.27978516	-7.60507106781
1253.5690918	-14.4254417419
1253.85852051	-5.45174694061
1254.14794922	-20.008813858
1254.43725586	-18.400472641
1254.72668457	-5.31203269958
1255.01611328	10.0600996017
1255.30541992	2.54490494728
1255.59484863	-8.39643955231
1255.88427734	19.6011810303
1256.17358398	-16.8207511902
1256.4630127	-16.9022331238
1256.75244141	50.2526130676
1257.04174805	20.3799972534
1257.33117676	29.2858219147
1257.62060547	8.45531749725
1257.90991211	16.0202007294
1258.19934082	29.5705566406
1258.48876953	9.52667236328
1258.77807617	-1.00756502151
1259.06750488	-7.61590147018
1259.35693359	-11.6744327545
1259.6463623	-3.83257389069
1259.93566895	5.22107887268
1260.22509766	12.6083478928
1260.51452637	16.1430778503
1260.80383301	7.80757045746
1261.09326172	11.9463043213
1261.38269043	8.47517490387
1261.67199707	10.1303901672
1261.96142578	-25.5160312653
1262.25085449	15.3121557236
1262.54016113	-1.88809800148
1262.82958984	-3.1199696064
1263.11901855	-0.2356300354
1263.4083252	-7.52914524078
1263.69775391	8.4538269043
1263.98718262	15.9397287369
1264.27648926	-11.8288841248
1264.56591797	0.947057187557
1264.85534668	18.1780757904
1265.14465332	10.2244052887
1265.43408203	38.5628471375
1265.72351074	45.2582206726
1266.01281738	4.36802577972
1266.30224609	-22.4146270752
1266.5916748	-4.42042446136
1266.88098145	-18.2530021667
1267.17041016	-13.3344831467
1267.45983887	-6.34565114975
1267.74914551	0.685540556908
1268.03857422	-4.6156668663
1268.32800293	10.7906455994
1268.61730957	16.7691020966
1268.90673828	10.2193603516
1269.19616699	-18.8645629883
1269.48547363	-6.94958114624
1269.77490234	10.0163011551
1270.06433105	12.0710506439
1270.3536377	18.275094986
1270.64306641	22.6941013336
1270.93249512	23.7503166199
1271.22192383	-4.32530546188
1271.51123047	-14.6251678467
1271.80065918	7.79774570465
1272.09008789	-1.09379398823
1272.37939453	32.3265571594
1272.66882324	4.33443260193
1272.95825195	-11.9594507217
1273.24755859	-9.46927452087
1273.5369873	-19.0917701721
1273.82641602	-3.78213834763
1274.11572266	24.3276672363
1274.40515137	3.91122508049
1274.69458008	31.6720294952
1274.98388672	10.6148424149
1275.27331543	-6.07747840881
1275.56274414	18.5500259399
1275.85205078	19.7550449371
1276.14147949	27.8615531921
1276.4309082	24.1003837585
1276.72021484	-14.7068033218
1277.00964355	9.99833679199
1277.29907227	19.4178333282
1277.58837891	-9.23749828339
1277.87780762	16.7757472992
1278.16723633	-4.78180789948
1278.45654297	8.13561439514
1278.74597168	9.95354747772
1279.03540039	7.20653915405
1279.32470703	38.2250366211
1279.61413574	16.0073242188
1279.90356445	11.4883432388
1280.19287109	-14.4648399353
1280.4822998	4.10504674911
1280.77172852	15.9664373398
1281.06103516	20.5742893219
1281.35046387	21.2970066071
1281.63989258	19.7711906433
1281.92932129	38.4782829285
1282.21862793	4.71455383301
1282.50805664	25.496843338
1282.79748535	15.9363574982
1283.08679199	-4.74045801163
1283.3762207	-15.1124658585
1283.66564941	28.1688461304
1283.95495605	41.4700584412
1284.24438477	36.9881858826
1284.53381348	28.996547699
1284.82312012	53.624420166
1285.11254883	37.9521179199
1285.40197754	9.96536445618
1285.69128418	11.3905992508
1285.98071289	12.8105831146
1286.2701416	22.3174819946
1286.55944824	36.9385185242
1286.84887695	60.1382865906
1287.13830566	20.5460624695
1287.4276123	20.0035247803
1287.71704102	9.1910867691
1288.00646973	27.7346057892
1288.29577637	23.2262477875
1288.58520508	2.6027739048
1288.87463379	-3.85810160637
1289.16394043	9.58275794983
1289.45336914	23.7468833923
1289.74279785	4.23278474808
1290.03210449	9.65509033203
1290.3215332	24.6873779297
1290.61096191	4.37201118469
1290.90026855	-0.275507986546
1291.18969727	-5.25737953186
1291.47912598	13.469244957
1291.76843262	-9.92192649841
1292.05786133	3.34815526009
1292.34729004	23.0103263855
1292.63659668	-1.70311021805
1292.92602539	15.2661905289
1293.2154541	15.3043384552
1293.50488281	2.13350200653
1293.79418945	44.3878364563
1294.08361816	23.8864364624
1294.37304688	-7.52072906494
1294.66235352	-0.340611279011
1294.95178223	14.3972434998
1295.24121094	15.3186922073
1295.53051758	11.3840637207
1295.81994629	-7.63345193863
1296.109375	9.26455974579
1296.39868164	-8.96352577209
1296.68811035	20.2606563568
1296.97753906	-8.28469085693
1297.2668457	5.99503612518
1297.55627441	19.2533988953
1297.84570313	29.570356369
1298.13500977	44.6747894287
1298.42443848	31.0522937775
1298.71386719	28.5045032501
1299.00317383	23.1152858734
1299.29260254	21.3419094086
1299.58203125	9.96257781982
1299.87133789	31.929315567
1300.1607666	21.887386322
1300.45019531	0.0759249925613
1300.73950195	17.4884643555
1301.02893066	7.81469869614
1301.31835938	1.39239728451
1301.60766602	35.8474159241
1301.89709473	12.9495306015
1302.18652344	-18.5342941284
1302.47583008	31.3626194
1302.76525879	16.8094596863
1303.0546875	0.800732553005
1303.34399414	-2.05967712402
1303.63342285	14.0321817398
1303.92285156	27.4970874786
1304.2121582	29.7792568207
1304.50158691	21.1108608246
1304.79101563	32.5948104858
1305.08044434	34.0650863647
1305.36975098	6.14022397995
1305.65917969	5.04458332062
1305.9486084	31.8327312469
1306.23791504	12.4151926041
1306.52734375	-14.6404094696
1306.81677246	17.1814308167
1307.1060791	-8.99050331116
1307.39550781	34.8523330688
1307.68493652	3.28110551834
1307.97424316	-10.4093828201
1308.26367188	21.4881401062
1308.55310059	36.9652519226
1308.84240723	22.8138275146
1309.13183594	15.7816638947
1309.42126465	-7.96436786652
1309.71057129	2.20549583435
1310	7.36620235443
1310.28942871	22.0273971558
1310.57873535	2.5375931263
1310.86816406	31.4141197205
1311.15759277	30.117307663
1311.44689941	11.7222299576
1311.73632813	-22.8441143036
1312.02575684	9.68622112274
1312.31506348	10.5382137299
1312.60449219	-1.20781803131
1312.8939209	27.37134552
1313.18322754	14.0070295334
1313.47265625	-0.22825974226
1313.76208496	3.62141180038
1314.0513916	11.7614898682
1314.34082031	6.20296525955
1314.63024902	-0.954662919044
1314.91955566	-1.40202581882
1315.20898438	-20.8150253296
1315.49841309	1.95459318161
1315.7878418	6.07430887222
1316.07714844	19.8022384644
1316.36657715	-1.78410005569
1316.65600586	7.37321329117
1316.9453125	8.14215946198
1317.23474121	18.5763282776
1317.52416992	-3.52807736397
1317.81347656	-2.51547932625
1318.10290527	7.14036893845
1318.39233398	34.7014923096
1318.68164063	35.8884048462
1318.97106934	16.905582428
1319.26049805	9.83730983734
1319.54980469	-7.64374446869
1319.8392334	10.3895454407
1320.12866211	-7.06056308746
1320.41796875	-19.8306808472
1320.70739746	5.76169204712
1320.99682617	6.67242336273
1321.28613281	8.81392765045
1321.57556152	27.0801277161
1321.86499023	42.1910552979
1322.15429688	9.7915430069
1322.44372559	13.5362586975
1322.7331543	2.28390431404
1323.02246094	4.98253726959
1323.31188965	-23.9480400085
1323.60131836	-2.44844126701
1323.890625	17.5333957672
1324.18005371	4.0412940979
1324.46948242	28.2947998047
1324.75878906	-5.37033700943
1325.04821777	-16.7857780457
1325.33764648	22.8764190674
1325.62695313	15.2244653702
1325.91638184	-6.19634580612
1326.20581055	9.1953420639
1326.49511719	23.4432926178
1326.7845459	18.3164253235
1327.07397461	20.598739624
1327.36340332	13.6544904709
1327.65270996	19.3731422424
1327.94213867	15.671081543
1328.23156738	1.2590585947
1328.52087402	7.69109010696
1328.81030273	26.1735992432
1329.09973145	2.81821703911
1329.38903809	-13.6603956223
1329.6784668	-7.63247728348
1329.96789551	-4.99078845978
1330.25720215	-17.328289032
1330.54663086	-4.90827941895
1330.83605957	9.82178783417
1331.12536621	15.4383897781
1331.41479492	-7.16845703125
1331.70422363	0.271571099758
1331.99353027	-1.12647545338
1332.28295898	10.0435333252
1332.5723877	-13.2303056717
1332.86169434	-37.0126304626
1333.15112305	-23.5774841309
1333.44055176	-6.0930223465
1333.7298584	-3.16440868378
1334.01928711	14.3542327881
1334.30871582	26.2361564636
1334.59802246	5.63596057892
1334.88745117	-6.14813232422
1335.17687988	-0.806736707687
1335.46618652	8.68925952911
1335.75561523	5.96864366531
1336.04504395	-10.6367387772
1336.33435059	1.75378918648
1336.6237793	-9.66067504883
1336.91320801	-8.26605701447
1337.20251465	32.7406806946
1337.49194336	6.0576634407
1337.78137207	-22.4710578918
1338.07067871	-17.1840457916
1338.36010742	15.3175048828
1338.64953613	3.13351011276
1338.93896484	-25.3136692047
1339.22827148	-10.6770467758
1339.5177002	-24.576374054
1339.80712891	4.53699350357
1340.09643555	17.759552002
1340.38586426	-0.874637901783
1340.67529297	-39.564491272
1340.96459961	-21.4664459229
1341.25402832	6.76655197144
1341.54345703	10.538611412
1341.83276367	17.8510131836
1342.12219238	26.2602806091
1342.41162109	13.1173009872
1342.70092773	-1.26951515675
1342.99035645	3.58115768433
1343.27978516	10.6627874374
1343.5690918	26.1792907715
1343.85852051	31.6290855408
1344.14794922	-7.04514408112
1344.43725586	12.8278055191
1344.72668457	36.1262321472
1345.01611328	14.2127447128
1345.30541992	12.1135263443
1345.59484863	10.7610740662
1345.88427734	1.55705952644
1346.17358398	-20.3463573456
1346.4630127	-10.0459785461
1346.75244141	-10.702630043
1347.04174805	-26.0542888641
1347.33117676	-7.50049161911
1347.62060547	-40.7142715454
1347.90991211	-9.48731899261
1348.19934082	-29.5619392395
1348.48876953	10.4630498886
1348.77807617	26.9434223175
1349.06750488	13.7994651794
1349.35693359	-13.260017395
1349.6463623	4.29915094376
1349.93566895	7.46946382523
1350.22509766	-14.2296676636
1350.51452637	-2.74227643013
1350.80383301	35.2810630798
1351.09326172	31.7992172241
1351.38269043	45.7646369934
1351.67199707	39.574596405
1351.96142578	-14.8296127319
1352.25085449	0.807192623615
1352.54016113	22.2704734802
1352.82958984	-12.401802063
1353.11901855	16.317522049
1353.4083252	30.9228935242
1353.69775391	-0.818718075752
1353.98718262	-8.76394367218
1354.27648926	24.9366416931
1354.56591797	63.5690536499
1354.85534668	12.318652153
1355.14465332	-11.9255857468
1355.43408203	6.53006744385
1355.72351074	-7.07287311554
1356.01281738	-23.5553913116
1356.30224609	-26.9371414185
1356.5916748	-18.4643974304
1356.88098145	-11.9810972214
1357.17041016	-23.1836471558
1357.45983887	-9.82369709015
1357.74914551	25.1561870575
1358.03857422	6.14406633377
1358.32800293	-2.00770258904
1358.61730957	11.529797554
1358.90673828	43.1255874634
1359.19616699	43.4801673889
1359.48547363	-17.5751056671
1359.77490234	17.8033981323
1360.06433105	14.6374692917
1360.3536377	39.7848320007
1360.64306641	25.1208572388
1360.93249512	31.0184059143
1361.22192383	26.8207378387
1361.51123047	36.2395858765
1361.80065918	23.7518806458
1362.09008789	67.100112915
1362.37939453	-1.16707551479
1362.66882324	-23.9804649353
1362.95825195	-7.07022190094
1363.24755859	15.9521417618
1363.5369873	29.2642402649
1363.82641602	29.5782909393
1364.11572266	5.34772586823
1364.40515137	20.9308204651
1364.69458008	13.3181142807
1364.98388672	5.03139591217
1365.27331543	40.0275764465
1365.56274414	18.126783371
1365.85205078	17.2194595337
1366.14147949	-24.6720542908
1366.4309082	38.8910217285
1366.72021484	1.92266178131
1367.00964355	8.13319778442
1367.29907227	24.8461761475
1367.58837891	20.0955905914
1367.87780762	29.5278053284
1368.16723633	27.9063110352
1368.45654297	25.3710575104
1368.74597168	-1.69524228573
1369.03540039	12.1514444351
1369.32470703	-4.52341365814
1369.61413574	-6.81246900558
1369.90356445	13.418006897
1370.19287109	-9.12452697754
1370.4822998	-24.3828201294
1370.77172852	-17.4003925323
1371.06103516	3.8060977459
1371.35046387	-9.37895393372
1371.63989258	-8.19681739807
1371.92932129	-17.0063819885
1372.21862793	-6.59334850311
1372.50805664	-17.5860176086
1372.79748535	14.1903572083
1373.08679199	-14.06848526
1373.3762207	0.00867013633251
1373.66564941	-1.00597131252
1373.95495605	-2.02018475533
1374.24438477	28.4178104401
1374.53381348	-0.740385532379
1374.82312012	11.9040927887
1375.11254883	10.4719705582
1375.40197754	3.44463396072
1375.69128418	6.34350633621
1375.98071289	29.43775177
1376.2701416	-23.8439788818
1376.55944824	14.111533165
1376.84887695	-0.302033692598
1377.13830566	34.3981704712
1377.4276123	-4.07405281067
1377.71704102	6.03581762314
1378.00646973	23.2575035095
1378.29577637	45.2506141663
1378.58520508	21.2603874207
1378.87463379	19.4830513
1379.16394043	21.1997947693
1379.45336914	35.2393531799
1379.74279785	17.170999527
1380.03210449	9.61186504364
1380.3215332	48.1367759705
1380.61096191	26.8594379425
1380.90026855	35.7880935669
1381.18969727	30.43800354
1381.47912598	12.0361557007
1381.76843262	9.79000854492
1382.05786133	17.4858169556
1382.34729004	38.4452972412
1382.63659668	19.1849899292
1382.92602539	33.2885131836
1383.2154541	2.95551109314
1383.50488281	19.026807785
1383.79418945	27.426656723
1384.08361816	49.6698265076
1384.37304688	19.7333106995
1384.66235352	6.42564058304
1384.95178223	-11.2354850769
1385.24121094	-6.60120105743
1385.53051758	-22.596370697
1385.81994629	13.3753156662
1386.109375	33.7698554993
1386.39868164	4.07741737366
1386.68811035	4.96267843246
1386.97753906	40.7200088501
1387.2668457	15.5876321793
1387.55627441	-4.19116926193
1387.84570313	7.44750928879
1388.13500977	34.2257766724
1388.42443848	39.239944458
1388.71386719	13.3258886337
1389.00317383	-1.83578622341
1389.29260254	4.72476768494
1389.58203125	45.627117157
1389.87133789	33.7833137512
1390.1607666	21.5616416931
1390.45019531	22.9464149475
1390.73950195	4.49079561234
1391.02893066	11.9409980774
1391.31835938	9.11873912811
1391.60766602	1.85892033577
1391.89709473	12.4350996017
1392.18652344	58.2500457764
1392.47583008	36.3310508728
1392.76525879	7.79931783676
1393.0546875	14.0312585831
1393.34399414	42.3700714111
1393.63342285	25.460899353
1393.92285156	34.9521179199
1394.2121582	11.7797012329
1394.50158691	12.3705282211
1394.79101563	8.49162960052
1395.08044434	20.3265972137
1395.36975098	-5.47423744202
1395.65917969	-0.597765505314
1395.9486084	9.19814014435
1396.23791504	43.4309959412
1396.52734375	9.42807388306
1396.81677246	12.3997612
1397.1060791	4.51396512985
1397.39550781	10.6306715012
1397.68493652	-16.5275249481
1397.97424316	4.05738306046
1398.26367188	16.7517261505
1398.55310059	9.88112735748
1398.84240723	14.9640817642
1399.13183594	23.5529556274
1399.42126465	14.9221038818
1399.71057129	3.31804680824
1400	9.97283935547
