500	-20.3629455566
500.289398193	-1.18593633175
500.578765869	8.14626502991
500.868164063	-3.68429517746
501.157562256	-0.910362839699
501.446960449	16.7615184784
501.736328125	14.0404968262
502.025726318	-8.31276798248
502.315124512	-3.70485091209
502.604492188	17.1666564941
502.893890381	3.35977840424
503.183288574	2.75358390808
503.47265625	-0.105621382594
503.762054443	-15.4444818497
504.051452637	-15.0328540802
504.34085083	9.87364673615
504.630218506	16.394323349
504.919616699	7.29325628281
505.209014893	6.09257936478
505.498382568	-1.70168447495
505.787780762	-1.79200994968
506.077178955	10.8159065247
506.366546631	-11.1363162994
506.655944824	9.12809467316
506.945343018	12.0682868958
507.234741211	32.9923667908
507.524108887	17.733259201
507.81350708	7.74425125122
508.102905273	16.2982120514
508.392272949	19.8464775085
508.681671143	23.5984382629
508.971069336	38.6384849548
509.260437012	17.352519989
509.549835205	18.7209358215
509.839233398	14.7412061691
510.128631592	16.6142597198
510.417999268	21.6925544739
510.707397461	23.5050601959
510.996795654	34.471862793
511.28616333	36.7161750793
511.575561523	33.0687217712
511.864959717	27.3934345245
512.15435791	11.1488113403
512.443725586	6.00103187561
512.733093262	-1.32594680786
513.022521973	5.03791046143
513.311889648	45.083732605
513.601257324	40.0453300476
513.890686035	40.1650466919
514.180053711	7.19646596909
514.469482422	-3.48948144913
514.758850098	21.2074661255
515.048217773	29.3663272858
515.337646484	13.0602617264
515.62701416	24.8602371216
515.916381836	44.3623580933
516.205810547	19.3416957855
516.495178223	14.993475914
516.784545898	11.8752374649
517.073974609	21.7642421722
517.363342285	16.4123592377
517.652709961	34.7203903198
517.942138672	40.3061714172
518.231506348	37.4862747192
518.520874023	44.9835128784
518.810302734	48.5565986633
519.09967041	28.4622859955
519.389038086	-4.17133283615
519.678466797	9.21864700317
519.967834473	6.58917856216
520.257263184	19.8407306671
520.546630859	18.7639961243
520.835998535	21.4235897064
521.125427246	15.0474567413
521.414794922	19.9663276672
521.704162598	24.8932552338
521.993591309	28.7414875031
522.282958984	42.0915107727
522.57232666	38.0201454163
522.861755371	2.7904984951
523.151123047	1.03285574913
523.440490723	-12.1642398834
523.729919434	11.3871173859
524.019287109	30.4212226868
524.308654785	17.3356990814
524.598083496	7.66806173325
524.887451172	19.9726753235
525.176818848	35.9154701233
525.466247559	26.9065265656
525.755615234	8.61152935028
526.045043945	21.4614715576
526.334411621	31.8290729523
526.623779297	16.2552680969
526.913208008	30.6266918182
527.202575684	22.5550842285
527.491943359	18.2669239044
527.78137207	7.41886806488
528.070739746	4.2913517952
528.360107422	30.3608570099
528.649536133	35.0516204834
528.938903809	1.978302598
529.228271484	0.691607058048
529.517700195	46.6067352295
529.807067871	25.9557800293
530.096435547	7.18886041641
530.385864258	22.1459789276
530.675231934	-12.9007263184
530.964660645	-1.3632850647
531.25402832	11.80119133
531.543395996	9.68246459961
531.832824707	1.83465182781
532.122192383	16.0486888885
532.411560059	20.1687316895
532.70098877	8.68761825562
532.990356445	10.8393993378
533.279724121	-13.1408996582
533.569152832	-0.983097493649
533.858520508	-11.8764820099
534.147888184	4.3668513298
534.437316895	-4.44336366653
534.72668457	-6.06550836563
535.016052246	-17.474029541
535.305480957	0.700862109661
535.594848633	-8.90541362762
535.884216309	-12.1071481705
536.17364502	15.4752149582
536.463012695	18.3288993835
536.752441406	-0.397086292505
537.041809082	8.52935314178
537.331176758	14.1056947708
537.620605469	-4.63689374924
537.909973145	-18.7268123627
538.19934082	0.523113846779
538.488769531	19.5595779419
538.778137207	23.2858219147
539.067504883	22.7479057312
539.356933594	7.54193925858
539.64630127	-1.58630919456
539.935668945	11.5327568054
540.225097656	26.774055481
540.514465332	36.5173912048
540.803833008	-20.8923530579
541.093261719	11.2793655396
541.382629395	43.818107605
541.67199707	2.40372848511
541.961425781	4.46875762939
542.250793457	20.6893863678
542.540222168	10.1540737152
542.829589844	10.9247512817
543.11895752	4.10216665268
543.40838623	1.90059423447
543.697753906	21.6424636841
543.987121582	6.71270132065
544.276550293	10.7857866287
544.565917969	-8.04485416412
544.855285645	-15.8444890976
545.144714355	34.9629707336
545.434082031	0.268317312002
545.723449707	-3.87604427338
546.012878418	9.36598682404
546.302246094	13.4828557968
546.59161377	12.7945489883
546.88104248	4.98897218704
547.170410156	1.66834139824
547.459777832	13.4097223282
547.749206543	7.81557130814
548.038574219	-7.32903432846
548.32800293	4.10952997208
548.617370605	28.1075019836
548.906738281	-10.6103458405
549.196166992	10.139497757
549.485534668	24.1176948547
549.774902344	15.2770442963
550.064331055	21.2695636749
550.35369873	22.5224189758
550.643066406	19.0885066986
550.932495117	24.8588581085
551.221862793	18.0401802063
551.511230469	-3.15252137184
551.80065918	4.6114821434
552.090026855	36.7991523743
552.379394531	8.5756893158
552.668823242	-13.1344280243
552.958190918	-9.62571334839
553.247558594	-5.24346399307
553.536987305	-7.15817117691
553.82635498	12.5727109909
554.115783691	12.4265584946
554.405151367	8.07077121735
554.694519043	23.085319519
554.983947754	16.6199092865
555.27331543	-7.67183017731
555.562683105	-14.0180120468
555.852111816	29.7536373138
556.141479492	-2.04152011871
556.430847168	14.716301918
556.720275879	18.4493751526
557.009643555	19.8544139862
557.29901123	14.7618951797
557.588439941	31.2330055237
557.877807617	24.9937572479
558.167175293	2.91271281242
558.456604004	-12.8468885422
558.74597168	-13.5231485367
559.035339355	34.9358444214
559.324768066	14.9526109695
559.614135742	2.34593081474
559.903564453	8.93838024139
560.192932129	-10.2244520187
560.482299805	20.1630077362
560.771728516	37.4339256287
561.061096191	12.143406868
561.350463867	-3.80018734932
561.639892578	22.016626358
561.929260254	34.6174659729
562.21862793	19.9665966034
562.508056641	22.7065067291
562.797424316	32.7787818909
563.086791992	40.5739593506
563.376220703	13.1271009445
563.665588379	-5.46029233932
563.954956055	5.93693399429
564.244384766	31.8809452057
564.533752441	17.2542457581
564.823181152	0.680680036545
565.112548828	20.7092533112
565.401916504	11.4875841141
565.691345215	-10.7559041977
565.980712891	1.52047216892
566.270080566	27.2846412659
566.559509277	30.4964752197
566.848876953	19.6976566315
567.138244629	7.44156312943
567.42767334	7.32698106766
567.717041016	29.0813846588
568.006408691	50.1336402893
568.295837402	45.650894165
568.585205078	59.6587181091
568.874572754	27.7663917542
569.164001465	8.93330478668
569.453369141	27.4582157135
569.742736816	30.9884986877
570.032165527	21.676651001
570.321533203	31.015039444
570.610961914	28.2649593353
570.90032959	51.1033477783
571.189697266	47.9756736755
571.479125977	21.4738826752
571.768493652	34.7968902588
572.057861328	34.6230735779
572.347290039	14.0614681244
572.636657715	50.405960083
572.926025391	57.1906394958
573.215454102	38.6944656372
573.504821777	35.1783599854
573.794189453	45.3087425232
574.083618164	43.6467971802
574.37298584	31.1245880127
574.662353516	30.6138553619
574.951782227	29.3154354095
575.241149902	39.7832183838
575.530517578	25.141626358
575.819946289	28.4130306244
576.109313965	33.7304229736
576.398742676	28.1920127869
576.688110352	40.9718093872
576.977478027	27.7486724854
577.266906738	31.2151451111
577.556274414	36.9949417114
577.84564209	33.3318634033
578.135070801	39.0280723572
578.424438477	45.2026443481
578.713806152	58.4814605713
579.003234863	55.789730072
579.292602539	54.7597122192
579.581970215	32.862991333
579.871398926	41.5753135681
580.160766602	62.8983230591
580.450134277	42.7037506104
580.739562988	31.268611908
581.028930664	46.4929847717
581.31829834	49.1123809814
581.607727051	55.7990684509
581.897094727	67.3864822388
582.186523438	64.1315155029
582.475891113	61.7294273376
582.765258789	53.2953529358
583.0546875	58.4512825012
583.344055176	51.7860069275
583.633422852	69.0345535278
583.922851563	54.2505340576
584.212219238	59.6939048767
584.501586914	60.8916664124
584.791015625	32.9228363037
585.080383301	57.7639122009
585.369750977	56.0749549866
585.659179688	43.5433807373
585.948547363	63.8060874939
586.237915039	85.1745071411
586.52734375	79.5084075928
586.816711426	62.4241905212
587.106079102	76.8233718872
587.395507813	86.9939422607
587.684875488	82.2647018433
587.974304199	62.1069107056
588.263671875	32.3400726318
588.553039551	76.165763855
588.842468262	76.2728652954
589.131835938	85.1610565186
589.421203613	80.1381149292
589.710632324	71.0293960571
590	70.0818939209
590.289367676	64.2364425659
590.578796387	58.9861221313
590.868164063	68.0442352295
591.157531738	78.5166549683
591.446960449	87.7924575806
591.736328125	92.6989593506
592.025695801	56.1198692322
592.315124512	36.4325332642
592.604492188	66.3863983154
592.893920898	75.6377868652
593.183288574	75.3560562134
593.47265625	82.2156829834
593.762084961	82.7781066895
594.051452637	86.8279190063
594.340820313	80.9888153076
594.630249023	70.7870788574
594.919616699	86.7797622681
595.208984375	76.3735198975
595.498413086	76.895904541
595.787780762	74.9838027954
596.077148438	75.3553924561
596.366577148	51.5442771912
596.655944824	89.3318862915
596.9453125	56.4744720459
597.234741211	66.7524719238
597.524108887	70.937538147
597.813476563	100.945846558
598.102905273	98.142791748
598.392272949	140.691864014
598.68170166	77.1646881104
598.971069336	76.9833068848
599.260437012	101.285316467
599.549865723	90.2261505127
599.839233398	84.7452087402
600.128601074	92.4434585571
600.418029785	124.738296509
600.707397461	91.0254211426
600.996765137	96.9416885376
601.286193848	78.2042999268
601.575561523	74.8251647949
601.864929199	63.5478286743
602.15435791	75.9603424072
602.443725586	75.4159240723
602.733093262	71.4903945923
603.022521973	87.4077911377
603.311889648	89.9952087402
603.601257324	79.0708999634
603.890686035	75.1853179932
604.180053711	60.3132591248
604.469482422	74.595161438
604.758850098	40.4420967102
605.048217773	54.9118309021
605.337646484	57.3604812622
605.62701416	54.7660102844
605.916381836	41.2484397888
606.205810547	45.7041702271
606.495178223	57.7918281555
606.784545898	62.9751853943
607.073974609	83.0036697388
607.363342285	94.2636871338
607.652709961	80.1819152832
607.942138672	81.7409133911
608.231506348	60.965045929
608.520874023	76.4491882324
608.810302734	70.520149231
609.09967041	19.6109790802
609.389038086	52.9859886169
609.678466797	63.5547561646
609.967834473	69.2466583252
610.257263184	54.6687011719
610.546630859	52.490486145
610.835998535	71.0168609619
611.125427246	73.071472168
611.414794922	67.8034133911
611.704162598	36.7008857727
611.993591309	21.2147197723
612.282958984	76.6009597778
612.57232666	63.1705513
612.861755371	65.9888305664
613.151123047	43.6995315552
613.440490723	48.3164863586
613.729919434	34.1960449219
614.019287109	45.4655838013
614.308654785	59.1374702454
614.598083496	70.0045776367
614.887451172	59.6872024536
615.176818848	55.6708564758
615.466247559	50.7271728516
615.755615234	40.793586731
616.045043945	37.2354011536
616.334411621	43.6990356445
616.623779297	46.4107131958
616.913208008	39.3923225403
617.202575684	44.451171875
617.491943359	48.9887771606
617.78137207	46.5675544739
618.070739746	68.3578491211
618.360107422	56.2926712036
618.649536133	37.8963508606
618.938903809	41.8983154297
619.228271484	38.582649231
619.517700195	42.3335456848
619.807067871	40.3577270508
620.096435547	32.5928421021
620.385864258	29.5173225403
620.675231934	19.3852519989
620.964660645	26.1944980621
621.25402832	54.6229743958
621.543395996	34.0331420898
621.832824707	23.376077652
622.122192383	31.6082649231
622.411560059	60.6026611328
622.70098877	43.837688446
622.990356445	23.6021003723
623.279724121	11.3691997528
623.569152832	39.6491508484
623.858520508	39.4072151184
624.147888184	31.974363327
624.437316895	27.4488925934
624.72668457	29.4979743958
625.016052246	5.53704690933
625.305480957	-0.0987754687667
625.594848633	30.3331184387
625.884216309	24.5889873505
626.17364502	11.5539951324
626.463012695	38.9043464661
626.752441406	22.9550476074
627.041809082	25.9716587067
627.331176758	-4.54639816284
627.620605469	24.0709533691
627.909973145	22.624917984
628.19934082	25.9933357239
628.488769531	33.6897888184
628.778137207	34.9468803406
629.067504883	19.5362434387
629.356933594	19.169708252
629.64630127	29.1020908356
629.935668945	24.0217781067
630.225097656	5.27828979492
630.514465332	-2.73000121117
630.803833008	5.62596511841
631.093261719	8.40957641602
631.382629395	26.1871738434
631.67199707	15.0175056458
631.961425781	20.3936462402
632.250793457	47.5828666687
632.540222168	19.7046108246
632.829589844	3.8030090332
633.11895752	33.0784111023
633.40838623	48.4948348999
633.697753906	36.6557312012
633.987121582	23.4570102692
634.276550293	17.8985805511
634.565917969	7.05874633789
634.855285645	3.35367774963
635.144714355	8.64971542358
635.434082031	6.9900932312
635.723449707	14.6896018982
636.012878418	16.0153999329
636.302246094	24.8526039124
636.59161377	-11.3599967957
636.88104248	-15.4409360886
637.170410156	27.2077903748
637.459777832	29.4314689636
637.749206543	22.8707923889
638.038574219	16.9999885559
638.32800293	11.8231019974
638.617370605	11.6070833206
638.906738281	10.4677248001
639.196166992	14.7981624603
639.485534668	5.75255346298
639.774902344	-5.47298717499
640.064331055	8.7097454071
640.35369873	32.6331291199
640.643066406	36.3555870056
640.932495117	-14.5791110992
641.221862793	6.17606115341
641.511230469	32.1905097961
641.80065918	24.9186534882
642.090026855	11.5673809052
642.379394531	26.1438426971
642.668823242	6.37467050552
642.958190918	37.3764266968
643.247558594	20.3620662689
643.536987305	31.6119365692
643.82635498	32.7731170654
644.115783691	13.7698125839
644.405151367	-0.725503206253
644.694519043	-10.0938653946
644.983947754	-8.72656345367
645.27331543	1.13310146332
645.562683105	1.15316653252
645.852111816	23.4516220093
646.141479492	22.5141677856
646.430847168	-5.90644168854
646.720275879	14.8815155029
647.009643555	0.20382630825
647.29901123	27.9228668213
647.588439941	1.05091071129
647.877807617	16.5309371948
648.167175293	4.99094343185
648.456604004	43.9505310059
648.74597168	24.8058013916
649.035339355	16.8712768555
649.324768066	18.0750045776
649.614135742	3.42148590088
649.903564453	-3.6628715992
650.192932129	2.71339464188
650.482299805	21.307434082
650.771728516	18.5858688354
651.061096191	15.649392128
651.350463867	28.5332260132
651.639892578	51.8138580322
651.929260254	30.1390991211
652.21862793	34.02684021
652.508056641	17.5567417145
652.797424316	26.7730960846
653.086791992	4.54145145416
653.376220703	-0.631285250187
653.665588379	36.7916107178
653.954956055	27.2770080566
654.244384766	27.2612552643
654.533752441	34.8286819458
654.823181152	13.0651264191
655.112548828	16.3954944611
655.401916504	47.2500305176
655.691345215	32.1759300232
655.980712891	14.3910617828
656.270080566	24.7619571686
656.559509277	54.9771614075
656.848876953	26.884431839
657.138244629	-5.64433097839
657.42767334	-2.81291699409
657.717041016	15.5360050201
658.006408691	39.8956718445
658.295837402	22.5122394562
658.585205078	26.67537117
658.874572754	37.1893348694
659.164001465	44.4882774353
659.453369141	38.7432060242
659.742736816	31.5662479401
660.032165527	43.7084541321
660.321533203	41.2141151428
660.610961914	28.08385849
660.90032959	43.1937675476
661.189697266	13.2082166672
661.479125977	15.6997871399
661.768493652	55.7589149475
662.057861328	53.490650177
662.347290039	52.460735321
662.636657715	16.226650238
662.926025391	67.2806472778
663.215454102	33.4602088928
663.504821777	60.1377449036
663.794189453	50.8899879456
664.083618164	43.2255516052
664.37298584	44.4006462097
664.662353516	39.3208580017
664.951782227	57.5768318176
665.241149902	42.1098365784
665.530517578	33.3735542297
665.819946289	69.692276001
666.109313965	74.544128418
666.398742676	71.514213562
666.688110352	26.5110836029
666.977478027	33.0116157532
667.266906738	49.5385856628
667.556274414	9.62090778351
667.84564209	37.9437065125
668.135070801	18.0275630951
668.424438477	34.2553901672
668.713806152	75.6277542114
669.003234863	54.0136070251
669.292602539	50.815410614
669.581970215	54.1787376404
669.871398926	55.5799789429
670.160766602	58.6456947327
670.450134277	54.540271759
670.739562988	50.1141204834
671.028930664	59.0733947754
671.31829834	60.1105461121
671.607727051	39.3838577271
671.897094727	32.4969406128
672.186523438	44.8183441162
672.475891113	54.9116516113
672.765258789	39.5655059814
673.0546875	37.5058059692
673.344055176	54.9692306519
673.633422852	43.1225967407
673.922851563	39.4413146973
674.212219238	49.060256958
674.501586914	49.1364746094
674.791015625	56.9156417847
675.080383301	44.1837539673
675.369750977	32.8605575562
675.659179688	40.0181427002
675.948547363	34.5147705078
676.237915039	48.7887420654
676.52734375	66.4189834595
676.816711426	67.4497909546
677.106079102	66.3245925903
677.395507813	49.9521484375
677.684875488	65.6089324951
677.974304199	57.8741836548
678.263671875	64.9181747437
678.553039551	28.7546463013
678.842468262	64.8238525391
679.131835938	59.9083709717
679.421203613	48.0641784668
679.710632324	28.1961307526
680	24.2874832153
680.289367676	45.9933395386
680.578796387	44.4600067139
680.868164063	67.4073181152
681.157531738	66.6436920166
681.446960449	42.9970779419
681.736328125	41.3953170776
682.025695801	54.6436538696
682.315124512	48.0358581543
682.604492188	30.871843338
682.893920898	41.7310905457
683.183288574	63.8124313354
683.47265625	45.9650650024
683.762084961	37.3096656799
684.051452637	43.0794868469
684.340820313	47.983581543
684.630249023	60.1238365173
684.919616699	56.5718803406
685.208984375	39.5699691772
685.498413086	38.1694526672
685.787780762	30.407289505
686.077148438	45.6036262512
686.366577148	50.327129364
686.655944824	32.3674583435
686.9453125	41.9912834167
687.234741211	46.6322669983
687.524108887	42.0463752747
687.813476563	28.2256183624
688.102905273	28.1266136169
688.392272949	34.7270011902
688.68170166	24.6697425842
688.971069336	30.7237434387
689.260437012	45.2535743713
689.549865723	34.9179954529
689.839233398	39.7686271667
690.128601074	37.9075889587
690.418029785	40.6157112122
690.707397461	26.4065284729
690.996765137	60.9026679993
691.286193848	69.3847198486
691.575561523	70.265625
691.864929199	23.2485771179
692.15435791	38.982334137
692.443725586	45.2450752258
692.733093262	22.9458045959
693.022521973	22.3446006775
693.311889648	38.4205741882
693.601257324	40.799282074
693.890686035	36.1165351868
694.180053711	36.2213172913
694.469482422	30.3105449677
694.758850098	29.568403244
695.048217773	45.4388084412
695.337646484	42.0075263977
695.62701416	25.5400447845
695.916381836	24.125295639
696.205810547	23.1095409393
696.495178223	59.603969574
696.784545898	23.4445934296
697.073974609	-1.6712590456
697.363342285	24.93816185
697.652709961	11.9211168289
697.942138672	43.9622497559
698.231506348	25.1407604218
698.520874023	31.1659526825
698.810302734	22.4605007172
699.09967041	43.3411636353
699.389038086	34.9930610657
699.678466797	44.6516265869
699.967834473	56.7642211914
700.257263184	42.8292770386
700.546630859	34.9924087524
700.835998535	30.0920619965
701.125427246	15.0626363754
701.414794922	12.3253774643
701.704162598	15.0270833969
701.993591309	34.6644058228
702.282958984	59.0770492554
702.57232666	56.3502883911
702.861755371	38.5850219727
703.151123047	21.7664642334
703.440490723	55.8475646973
703.729919434	47.7715072632
704.019287109	30.7898635864
704.308654785	9.91515254974
704.598083496	27.6745452881
704.887451172	38.3374328613
705.176818848	16.5764923096
705.466247559	26.9484329224
705.755615234	24.0063400269
706.045043945	22.2691497803
706.334411621	29.0221252441
706.623779297	34.2448272705
706.913208008	22.7581253052
707.202575684	16.1705245972
707.491943359	35.3326797485
707.78137207	55.9507141113
708.070739746	67.1487579346
708.360107422	46.9058837891
708.649536133	48.9164962769
708.938903809	31.1311416626
709.228271484	16.9602890015
709.517700195	17.2965869904
709.807067871	16.2351093292
710.096435547	42.513961792
710.385864258	44.259437561
710.675231934	49.4748153687
710.964660645	48.7351875305
711.25402832	55.8236083984
711.543395996	51.1161346436
711.832824707	58.6113700867
712.122192383	46.0796775818
712.411560059	62.0430984497
712.70098877	52.2959022522
712.990356445	52.3179206848
713.279724121	62.9798278809
713.569152832	79.107383728
713.858520508	77.2985916138
714.147888184	42.7039146423
714.437316895	52.0162849426
714.72668457	78.5260925293
715.016052246	69.0378570557
715.305480957	68.3372879028
715.594848633	58.1332359314
715.884216309	53.8278617859
716.17364502	35.8445777893
716.463012695	53.9554634094
716.752441406	68.8794021606
717.041809082	71.9863815308
717.331176758	53.9100151062
717.620605469	59.6362037659
717.909973145	48.5996284485
718.19934082	66.2852172852
718.488769531	56.1154136658
718.778137207	48.1762504578
719.067504883	54.6670188904
719.356933594	64.2506332397
719.64630127	64.0289993286
719.935668945	27.9850959778
720.225097656	25.6102104187
720.514465332	69.296295166
720.803833008	79.3271026611
721.093261719	60.9070472717
721.382629395	58.1002082825
721.67199707	55.8893165588
721.961425781	38.9062767029
722.250793457	30.2935295105
722.540222168	28.6249446869
722.829589844	56.430896759
723.11895752	61.1081886292
723.40838623	55.3670921326
723.697753906	42.7384757996
723.987121582	51.3244590759
724.276550293	46.5430793762
724.565917969	34.3673439026
724.855285645	42.8422431946
725.144714355	60.6074943542
725.434082031	26.8961162567
725.723449707	38.1490898132
726.012878418	47.451210022
726.302246094	39.5706367493
726.59161377	17.2530574799
726.88104248	19.2648906708
727.170410156	6.69364738464
727.459777832	9.80062675476
727.749206543	20.5888271332
728.038574219	9.47485923767
728.32800293	21.2801494598
728.617370605	20.5038280487
728.906738281	5.16329813004
729.196166992	26.3621444702
729.485534668	28.2078914642
729.774902344	19.3812770844
730.064331055	-7.50923204422
730.35369873	12.2478933334
730.643066406	31.1046276093
730.932495117	-8.77953338623
731.221862793	45.6851119995
731.511230469	39.8870620728
731.80065918	24.2924499512
732.090026855	47.98878479
732.379394531	27.1333618164
732.668823242	3.99700164795
732.958190918	24.0168838501
733.247558594	18.4022006989
733.536987305	22.6709518433
733.82635498	12.2420597076
734.115783691	8.77863311768
734.405151367	22.8123874664
734.694519043	1.14008712769
734.983947754	-4.90756845474
735.27331543	22.2672996521
735.562683105	9.75222587585
735.852111816	-11.3086128235
736.141479492	-7.40400934219
736.430847168	-3.06385827065
736.720275879	28.5469341278
737.009643555	9.80334472656
737.29901123	0.51873934269
737.588439941	5.25453138351
737.877807617	19.8127002716
738.167175293	26.1692085266
738.456604004	32.3139343262
738.74597168	4.32107877731
739.035339355	24.2005367279
739.324768066	21.0574226379
739.614135742	19.8275051117
739.903564453	25.99127388
740.192932129	-2.60705089569
740.482299805	12.5770940781
740.771728516	19.8578071594
741.061096191	7.63838863373
741.350463867	31.2929916382
741.639892578	39.7773208618
741.929260254	12.8664941788
742.21862793	20.7134799957
742.508056641	25.2063522339
742.797424316	29.3021183014
743.086791992	35.479183197
743.376220703	16.4906101227
743.665588379	30.7887687683
743.954956055	46.0449371338
744.244384766	15.4023094177
744.533752441	29.6484661102
744.823181152	23.6315727234
745.112548828	37.3418388367
745.401916504	19.8831634521
745.691345215	14.4509868622
745.980712891	20.2152099609
746.270080566	33.9349975586
746.559509277	34.4395904541
746.848876953	30.7331104279
747.138244629	34.7719917297
747.42767334	52.3835144043
747.717041016	48.7109718323
748.006408691	44.1949195862
748.295837402	0.257129043341
748.585205078	35.6993293762
748.874572754	26.7340621948
749.164001465	46.8531532288
749.453369141	31.573677063
749.742736816	34.1374588013
750.032165527	29.8297958374
750.321533203	21.9067630768
750.610961914	40.0995864868
750.90032959	46.7649307251
751.189697266	35.5508842468
751.479125977	43.0271530151
751.768493652	39.64635849
752.057861328	21.7516441345
752.347290039	35.7918815613
752.636657715	40.4508781433
752.926025391	43.8952789307
753.215454102	43.5978660583
753.504821777	21.8874797821
753.794189453	43.6246032715
754.083618164	36.0505828857
754.37298584	55.6392669678
754.662353516	23.3168201447
754.951782227	42.8726806641
755.241149902	40.725528717
755.530517578	43.8852577209
755.819946289	36.9557685852
756.109313965	28.8889350891
756.398742676	22.1061725616
756.688110352	44.0115089417
756.977478027	24.150976181
757.266906738	51.7202644348
757.556274414	45.8018684387
757.84564209	48.4733200073
758.135070801	34.144657135
758.424438477	46.808052063
758.713806152	50.7614822388
759.003234863	51.6090927124
759.292602539	58.3740463257
759.581970215	44.679775238
759.871398926	41.8352432251
760.160766602	57.7205619812
760.450134277	53.1996269226
760.739562988	42.7232627869
761.028930664	54.5890464783
761.31829834	64.6384277344
761.607727051	44.3920402527
761.897094727	44.8586578369
762.186523438	51.2946434021
762.475891113	37.7160949707
762.765258789	36.9021911621
763.0546875	53.4268035889
763.344055176	51.8445892334
763.633422852	36.859790802
763.922851563	53.7457275391
764.212219238	54.2970619202
764.501586914	57.1589393616
764.791015625	44.7025947571
765.080383301	56.6386909485
765.369750977	63.1812362671
765.659179688	48.8581886292
765.948547363	13.1656246185
766.237915039	34.5892715454
766.52734375	45.6353683472
766.816711426	32.7030563354
767.106079102	33.0446739197
767.395507813	38.3532180786
767.684875488	43.487071991
767.974304199	37.3312606812
768.263671875	39.7339096069
768.553039551	51.4910545349
768.842468262	36.0945205688
769.131835938	19.1656303406
769.421203613	22.1359081268
769.710632324	42.1614952087
770	39.9618492126
770.289367676	44.0852050781
770.578796387	39.4259757996
770.868164063	45.8957672119
771.157531738	37.4878692627
771.446960449	54.7085266113
771.736328125	42.3868103027
772.025695801	37.1315040588
772.315124512	20.2149524689
772.604492188	99.1329803467
772.893920898	47.8680419922
773.183288574	33.8097572327
773.47265625	31.8344764709
773.762084961	33.3883857727
774.051452637	48.4084663391
774.340820313	15.2041845322
774.630249023	18.5942726135
774.919616699	9.9292974472
775.208984375	16.216468811
775.498413086	25.3184719086
775.787780762	22.0299606323
776.077148438	30.8317813873
776.366577148	42.9130325317
776.655944824	29.137216568
776.9453125	20.8653068542
777.234741211	43.0752220154
777.524108887	32.9971580505
777.813476563	28.6156291962
778.102905273	30.0455131531
778.392272949	38.7982635498
778.68170166	8.18517684937
778.971069336	2.46673369408
779.260437012	21.0603027344
779.549865723	17.5724620819
779.839233398	7.6762843132
780.128601074	17.755449295
780.418029785	17.947052002
780.707397461	12.4446735382
780.996765137	20.2328224182
781.286193848	32.7696380615
781.575561523	36.4943122864
781.864929199	35.2272834778
782.15435791	22.0079994202
782.443725586	20.2390193939
782.733093262	32.5252151489
783.022521973	8.10426807404
783.311889648	17.4991073608
783.601257324	19.7945804596
783.890686035	7.92856502533
784.180053711	11.2731103897
784.469482422	39.993522644
784.758850098	5.543633461
785.048217773	15.2412061691
785.337646484	18.1474075317
785.62701416	21.3674411774
785.916381836	15.1074953079
786.205810547	8.92238807678
786.495178223	10.7425203323
786.784545898	16.0724163055
787.073974609	28.6148490906
787.363342285	21.2989940643
787.652709961	17.5622406006
787.942138672	14.1847515106
788.231506348	12.7517089844
788.520874023	20.286195755
788.810302734	28.4743804932
789.09967041	16.6946582794
789.389038086	2.53700661659
789.678466797	15.0350055695
789.967834473	17.6857032776
790.257263184	-12.6244029999
790.546630859	-5.22858858109
790.835998535	24.1544094086
791.125427246	26.0472812653
791.414794922	10.8518838882
791.704162598	31.3437423706
791.993591309	33.6582450867
792.282958984	-2.84013128281
792.57232666	33.1551437378
792.861755371	26.6290721893
793.151123047	5.18904542923
793.440490723	4.65966320038
793.729919434	16.3501434326
794.019287109	14.8803310394
794.308654785	42.5377159119
794.598083496	14.9620838165
794.887451172	5.31136322021
795.176818848	29.6831035614
795.466247559	34.8008308411
795.755615234	39.4235458374
796.045043945	37.6845855713
796.334411621	17.2504177094
796.623779297	2.18343710899
796.913208008	-6.14146327972
797.202575684	25.3972702026
797.491943359	15.5876140594
797.78137207	20.3239917755
798.070739746	30.5128726959
798.360107422	24.7005310059
798.649536133	31.2518501282
798.938903809	18.1870670319
799.228271484	26.6088581085
799.517700195	36.5512924194
799.807067871	49.4540367126
800.096435547	52.0281715393
800.385864258	11.3106918335
800.675231934	33.4336547852
800.964660645	32.8975715637
801.25402832	27.6672611237
801.543395996	44.7428588867
801.832824707	44.4714241028
802.122192383	36.8827171326
802.411560059	33.8367347717
802.70098877	30.4432296753
802.990356445	27.8489055634
803.279724121	25.4574623108
803.569152832	27.9164981842
803.858520508	28.7953186035
804.147888184	38.1839065552
804.437316895	39.3995323181
804.72668457	22.2107257843
805.016052246	47.774848938
805.305480957	55.5109825134
805.594848633	42.9698829651
805.884216309	64.9549026489
806.17364502	45.5062255859
806.463012695	48.8186378479
806.752441406	39.7264060974
807.041809082	33.7983398438
807.331176758	78.597328186
807.620605469	70.9093933105
807.909973145	43.8546180725
808.19934082	18.2681045532
808.488769531	47.5931053162
808.778137207	65.9765701294
809.067504883	63.7028007507
809.356933594	58.3998718262
809.64630127	37.201789856
809.935668945	55.741985321
810.225097656	55.7659606934
810.514465332	42.3527908325
810.803833008	64.3331756592
811.093261719	65.0905456543
811.382629395	60.5089187622
811.67199707	66.5879364014
811.961425781	43.1844215393
812.250793457	48.393321991
812.540222168	67.428527832
812.829589844	49.8544692993
813.11895752	63.3621940613
813.40838623	69.5643920898
813.697753906	50.6983413696
813.987121582	57.3672027588
814.276550293	93.8386917114
814.565917969	54.1672172546
814.855285645	53.6541900635
815.144714355	27.448431015
815.434082031	47.116558075
815.723449707	32.2417182922
816.012878418	46.2703323364
816.302246094	54.8683929443
816.59161377	57.9373970032
816.88104248	48.4533195496
817.170410156	61.3555755615
817.459777832	86.9966049194
817.749206543	45.9248771667
818.038574219	37.2939338684
818.32800293	39.8703994751
818.617370605	39.2965812683
818.906738281	41.7623176575
819.196166992	47.5419082642
819.485534668	55.8850860596
819.774902344	67.3881759644
820.064331055	43.2759208679
820.35369873	29.2585010529
820.643066406	43.8319015503
820.932495117	49.0746269226
821.221862793	56.3985176086
821.511230469	63.2853927612
821.80065918	67.2673797607
822.090026855	82.9440536499
822.379394531	80.0455245972
822.668823242	68.6529998779
822.958190918	65.2842636108
823.247558594	75.11328125
823.536987305	56.2600593567
823.82635498	41.0631942749
824.115783691	19.9494762421
824.405151367	72.0682907104
824.694519043	88.9226913452
824.983947754	62.6048736572
825.27331543	69.7903366089
825.562683105	51.2431297302
825.852111816	46.7380523682
826.141479492	45.9784469604
826.430847168	59.9854431152
826.720275879	61.8067817688
827.009643555	51.5789108276
827.29901123	71.9423522949
827.588439941	50.9216499329
827.877807617	28.2184410095
828.167175293	20.1646442413
828.456604004	46.0411605835
828.74597168	78.5208129883
829.035339355	58.3554420471
829.324768066	61.6894760132
829.614135742	37.3866577148
829.903564453	21.8224983215
830.192932129	47.0563011169
830.482299805	56.8569946289
830.771728516	33.5770187378
831.061096191	35.9262962341
831.350463867	55.1666908264
831.639892578	34.9440841675
831.929260254	28.0711956024
832.21862793	48.2041664124
832.508056641	52.1881065369
832.797424316	65.290802002
833.086791992	72.5336380005
833.376220703	42.8320274353
833.665588379	70.321685791
833.954956055	53.0059280396
834.244384766	54.488155365
834.533752441	24.1523780823
834.823181152	38.6961288452
835.112548828	31.5988769531
835.401916504	51.3978652954
835.691345215	38.0724754333
835.980712891	40.6229248047
836.270080566	71.8052139282
836.559509277	39.9290428162
836.848876953	71.8510742188
837.138244629	55.6908340454
837.42767334	57.1781921387
837.717041016	10.6905565262
838.006408691	28.105266571
838.295837402	27.2190856934
838.585205078	45.3786697388
838.874572754	44.8585624695
839.164001465	48.3361549377
839.453369141	53.0118484497
839.742736816	41.0073699951
840.032165527	27.8768043518
840.321533203	43.8960075378
840.610961914	46.4846801758
840.90032959	48.8310317993
841.189697266	76.3180084229
841.479125977	49.9821166992
841.768493652	28.3592300415
842.057861328	49.11769104
842.347290039	34.7732582092
842.636657715	41.9130630493
842.926025391	17.0240631104
843.215454102	34.3910560608
843.504821777	43.7813529968
843.794189453	42.0581245422
844.083618164	24.1709671021
844.37298584	40.6752738953
844.662353516	36.5379829407
844.951782227	69.3231887817
845.241149902	22.6570892334
845.530517578	17.3562221527
845.819946289	53.2322502136
846.109313965	14.682847023
846.398742676	14.8511104584
846.688110352	47.5390129089
846.977478027	63.1334114075
847.266906738	28.3058242798
847.556274414	42.8787384033
847.84564209	69.8622970581
848.135070801	38.5930557251
848.424438477	28.3051300049
848.713806152	40.0386886597
849.003234863	18.1903495789
849.292602539	22.4053516388
849.581970215	50.8483810425
849.871398926	27.0354442596
850.160766602	33.5739326477
850.450134277	47.4554405212
850.739562988	44.2601776123
851.028930664	40.5633125305
851.31829834	28.5561485291
851.607727051	33.1492156982
851.897094727	37.9743270874
852.186523438	27.0852165222
852.475891113	28.5944099426
852.765258789	27.6062870026
853.0546875	23.3104381561
853.344055176	29.3271999359
853.633422852	30.4233055115
853.922851563	30.8779449463
854.212219238	19.2926540375
854.501586914	22.2149333954
854.791015625	37.9127388
855.080383301	34.1440963745
855.369750977	45.267791748
855.659179688	113.111839294
855.948547363	33.4533042908
856.237915039	90.2300720215
856.52734375	54.5794906616
856.816711426	36.8872642517
857.106079102	24.1552448273
857.395507813	31.6804428101
857.684875488	15.9235210419
857.974304199	-8.15089130402
858.263671875	25.4393558502
858.553039551	16.2212524414
858.842468262	36.4944953918
859.131835938	36.6755638123
859.421203613	33.7545814514
859.710632324	28.7944259644
860	51.8985862732
860.289367676	40.1206703186
860.578796387	27.2230148315
860.868164063	21.2949523926
861.157531738	-12.453912735
861.446960449	23.4033145905
861.736328125	57.1629943848
862.025695801	45.8015823364
862.315124512	10.357052803
862.604492188	20.0637550354
862.893920898	45.019859314
863.183288574	36.6772460938
863.47265625	1.19449329376
863.762084961	6.15889930725
864.051452637	22.2747802734
864.340820313	37.4463272095
864.630249023	18.4380760193
864.919616699	4.99585151672
865.208984375	28.8080215454
865.498413086	15.4328289032
865.787780762	-3.65587997437
866.077148438	-10.3256425858
866.366577148	-21.8260803223
866.655944824	3.45972251892
866.9453125	6.90519380569
867.234741211	1.58932626247
867.524108887	6.42078399658
867.813476563	13.1235790253
868.102905273	20.6641578674
868.392272949	8.04761695862
868.68170166	17.6104106903
868.971069336	12.8954820633
869.260437012	11.7445173264
869.549865723	1.11029100418
869.839233398	4.9410161972
870.128601074	28.2734508514
870.418029785	33.9397621155
870.707397461	16.8041763306
870.996765137	12.0919332504
871.286193848	8.98895645142
871.575561523	-4.13979101181
871.864929199	8.39381504059
872.15435791	11.4712581635
872.443725586	28.8859672546
872.733093262	0.32777684927
873.022521973	29.3329544067
873.311889648	-14.3543872833
873.601257324	-19.9282035828
873.890686035	17.774728775
874.180053711	11.9384613037
874.469482422	20.1575069427
874.758850098	18.0770988464
875.048217773	30.274471283
875.337646484	-2.53461623192
875.62701416	-20.409488678
875.916381836	48.3577308655
876.205810547	8.57037067413
876.495178223	-9.94292926788
876.784545898	-12.7062282562
877.073974609	-40.8546714783
877.363342285	-18.4700222015
877.652709961	8.19123935699
877.942138672	-4.19133472443
878.231506348	-16.191450119
878.520874023	-19.0189590454
878.810302734	-6.64152336121
879.09967041	0.846641898155
879.389038086	4.0330491066
879.678466797	3.51717495918
879.967834473	-8.44729709625
880.257263184	-4.3640499115
880.546630859	6.62899780273
880.835998535	0.318090707064
881.125427246	7.7343454361
881.414794922	10.1255865097
881.704162598	-9.78395366669
881.993591309	-7.42433929443
882.282958984	-0.577043473721
882.57232666	7.07347488403
882.861755371	-18.0752124786
883.151123047	-3.53333568573
883.440490723	17.4497032166
883.729919434	6.25365257263
884.019287109	10.0206260681
884.308654785	19.4484882355
884.598083496	36.4965782166
884.887451172	35.0162391663
885.176818848	8.28565311432
885.466247559	-1.71239876747
885.755615234	14.2987155914
886.045043945	-11.5172071457
886.334411621	19.750497818
886.623779297	0.241593241692
886.913208008	-6.95250368118
887.202575684	54.5656890869
887.491943359	7.88637542725
887.78137207	6.34120416641
888.070739746	4.84816789627
888.360107422	24.5028362274
888.649536133	-16.9778804779
888.938903809	20.1738586426
889.228271484	-3.35994935036
889.517700195	13.8448791504
889.807067871	-1.57027566433
890.096435547	24.048992157
890.385864258	56.0323867798
890.675231934	9.50956535339
890.964660645	6.50077056885
891.25402832	10.6378612518
891.543395996	25.3242683411
891.832824707	39.9546356201
892.122192383	51.9486579895
892.411560059	17.3718833923
892.70098877	-5.42988014221
892.990356445	12.1146812439
893.279724121	1.72149884701
893.569152832	33.3804283142
893.858520508	37.524356842
894.147888184	17.4995822906
894.437316895	20.9785804749
894.72668457	28.9418430328
895.016052246	29.7383575439
895.305480957	43.6240959167
895.594848633	36.0978546143
895.884216309	37.912437439
896.17364502	0.503984391689
896.463012695	6.35396575928
896.752441406	19.6154346466
897.041809082	24.8797225952
897.331176758	37.3778991699
897.620605469	37.289024353
897.909973145	10.2046813965
898.19934082	-3.69509315491
898.488769531	4.71896409988
898.778137207	9.73813533783
899.067504883	15.6323060989
899.356933594	21.4238052368
899.64630127	42.7862358093
899.935668945	60.6298713684
900.225097656	44.4199066162
900.514465332	40.058216095
900.803833008	42.5512657166
901.093261719	5.90648412704
901.382629395	11.0362510681
901.67199707	44.8408203125
901.961425781	37.6330528259
902.250793457	1.39782977104
902.540222168	11.0491914749
902.829589844	26.0922889709
903.11895752	14.8084812164
903.40838623	10.0299110413
903.697753906	26.1037693024
903.987121582	49.6568756104
904.276550293	60.2315788269
904.565917969	41.6611480713
904.855285645	19.7638168335
905.144714355	24.8368091583
905.434082031	39.0661849976
905.723449707	34.0926818848
906.012878418	49.4989242554
906.302246094	53.8457336426
906.59161377	38.9945411682
906.88104248	24.8714904785
907.170410156	23.9714717865
907.459777832	16.9759941101
907.749206543	15.9156866074
908.038574219	27.615278244
908.32800293	27.9853897095
908.617370605	51.9191131592
908.906738281	26.1455574036
909.196166992	79.4751434326
909.485534668	29.3783473969
909.774902344	33.0090904236
910.064331055	23.0789089203
910.35369873	13.6869468689
910.643066406	89.1543579102
910.932495117	83.4263305664
911.221862793	24.1286029816
911.511230469	42.1387405396
911.80065918	36.2439613342
912.090026855	30.7934055328
912.379394531	29.6116485596
912.668823242	43.8191642761
912.958190918	45.0690460205
913.247558594	72.387046814
913.536987305	65.2215118408
913.82635498	53.2931747437
914.115783691	54.097858429
914.405151367	71.0310897827
914.694519043	79.7055358887
914.983947754	40.2152938843
915.27331543	44.8977966309
915.562683105	37.5197486877
915.852111816	64.9848327637
916.141479492	60.194190979
916.430847168	45.2389945984
916.720275879	35.0134048462
917.009643555	35.0108451843
917.29901123	34.5309944153
917.588439941	36.5446624756
917.877807617	67.6612472534
918.167175293	45.1061973572
918.456604004	31.0949611664
918.74597168	58.5482139587
919.035339355	50.490234375
919.324768066	41.9880332947
919.614135742	46.7240028381
919.903564453	50.1531944275
920.192932129	38.1721229553
920.482299805	33.883430481
920.771728516	34.7310829163
921.061096191	52.5410270691
921.350463867	49.1659088135
921.639892578	48.7450065613
921.929260254	71.9941558838
922.21862793	55.9749984741
922.508056641	30.5431079865
922.797424316	12.6792221069
923.086791992	25.0260295868
923.376220703	57.7293930054
923.665588379	45.6008605957
923.954956055	46.3443946838
924.244384766	53.8226623535
924.533752441	40.1987686157
924.823181152	50.4101867676
925.112548828	53.1903457642
925.401916504	43.5156669617
925.691345215	68.5232315063
925.980712891	64.1815643311
926.270080566	37.8630867004
926.559509277	48.3020477295
926.848876953	52.1945075989
927.138244629	57.5835533142
927.42767334	68.506401062
927.717041016	72.9191207886
928.006408691	66.6026000977
928.295837402	65.3374633789
928.585205078	63.9401283264
928.874572754	30.2737503052
929.164001465	26.7354164124
929.453369141	35.9672317505
929.742736816	42.6065216064
930.032165527	63.4319572449
930.321533203	70.0697784424
930.610961914	69.2816848755
930.90032959	53.2710723877
931.189697266	38.927696228
931.479125977	35.4350166321
931.768493652	55.2593612671
932.057861328	44.6469421387
932.347290039	34.2541122437
932.636657715	48.7146911621
932.926025391	52.0663795471
933.215454102	49.9057312012
933.504821777	50.8768081665
933.794189453	51.4535942078
934.083618164	67.2638931274
934.37298584	61.6819877625
934.662353516	44.7451057434
934.951782227	33.4062347412
935.241149902	26.5252571106
935.530517578	30.4748477936
935.819946289	38.1357307434
936.109313965	44.3619346619
936.398742676	77.0101242065
936.688110352	66.7248535156
936.977478027	52.0145301819
937.266906738	45.3875694275
937.556274414	50.6674842834
937.84564209	72.7152175903
938.135070801	67.0631103516
938.424438477	46.2475662231
938.713806152	44.7328033447
939.003234863	30.5306491852
939.292602539	22.40675354
939.581970215	60.2591781616
939.871398926	49.6400299072
940.160766602	37.6755599976
940.450134277	49.5836486816
940.739562988	51.581199646
941.028930664	48.3215637207
941.31829834	50.5365333557
941.607727051	65.6407775879
941.897094727	41.2937355042
942.186523438	32.7092590332
942.475891113	40.5651016235
942.765258789	45.6374931335
943.0546875	59.3921279907
943.344055176	53.3385429382
943.633422852	57.0320320129
943.922851563	56.010055542
944.212219238	86.5409469604
944.501586914	53.9602622986
944.791015625	69.4644088745
945.080383301	48.8378257751
945.369750977	38.9146118164
945.659179688	23.6780357361
945.948547363	50.5668373108
946.237915039	48.4363479614
946.52734375	26.882144928
946.816711426	29.2721652985
947.106079102	36.3943634033
947.395507813	18.9671115875
947.684875488	52.1708526611
947.974304199	16.2050285339
948.263671875	21.1807422638
948.553039551	37.566368103
948.842468262	74.9242706299
949.131835938	53.6765975952
949.421203613	25.5766277313
949.710632324	48.2631454468
950	18.1253356934
950.289367676	-8.39675426483
950.578796387	-2.20462036133
950.868164063	37.1646499634
951.157531738	34.5661430359
951.446960449	28.4699459076
951.736328125	36.0137748718
952.025695801	49.426990509
952.315124512	7.33299064636
952.604492188	12.4066047668
952.893920898	27.7237377167
953.183288574	62.2651252747
953.47265625	51.542842865
953.762084961	11.7310695648
954.051452637	7.19482040405
954.340820313	28.7823505402
954.630249023	23.4615440369
954.919616699	21.2536640167
955.208984375	9.34339237213
955.498413086	-7.11950349808
955.787780762	16.5149021149
956.077148438	6.52381896973
956.366577148	42.9227409363
956.655944824	34.2087554932
956.9453125	27.6241664886
957.234741211	31.3695240021
957.524108887	34.7231674194
957.813476563	16.6878948212
958.102905273	23.8299789429
958.392272949	32.3188781738
958.68170166	-0.661597013474
958.971069336	1.70767152309
959.260437012	38.3484230042
959.549865723	20.3965148926
959.839233398	23.1859493256
960.128601074	24.2678642273
960.418029785	18.1384658813
960.707397461	48.0812187195
960.996765137	29.2146492004
961.286193848	37.7983856201
961.575561523	9.2455329895
961.864929199	18.711725235
962.15435791	18.1201686859
962.443725586	19.963558197
962.733093262	-7.43963479996
963.022521973	29.2017173767
963.311889648	4.14300727844
963.601257324	7.00348711014
963.890686035	-11.2169771194
964.180053711	11.7626428604
964.469482422	38.1117591858
964.758850098	17.0183811188
965.048217773	3.85737609863
965.337646484	9.98481273651
965.62701416	11.8467569351
965.916381836	-13.5190820694
966.205810547	-26.3130722046
966.495178223	-0.748522937298
966.784545898	3.42491269112
967.073974609	8.29388523102
967.363342285	-9.07931041718
967.652709961	4.51990652084
967.942138672	9.9462518692
968.231506348	5.87359380722
968.520874023	-0.945157885551
968.810302734	16.8041858673
969.09967041	16.7552089691
969.389038086	14.3248853683
969.678466797	-18.4250392914
969.967834473	10.1587972641
970.257263184	-4.49151802063
970.546630859	-4.78268194199
970.835998535	2.46887874603
971.125427246	9.3615322113
971.414794922	-6.78632068634
971.704162598	12.5548391342
971.993591309	18.2614574432
972.282958984	4.88899564743
972.57232666	-2.29621148109
972.861755371	-17.7077560425
973.151123047	-2.81410622597
973.440490723	4.13105773926
973.729919434	0.34768652916
974.019287109	-11.5355186462
974.308654785	-0.849875748158
974.598083496	10.9407272339
974.887451172	-4.05356168747
975.176818848	-19.8710918427
975.466247559	0.636795639992
975.755615234	1.78923523426
976.045043945	-0.297847181559
976.334411621	-10.0682592392
976.623779297	-8.51591777802
976.913208008	-4.79245281219
977.202575684	-8.77136135101
977.491943359	-21.6465091705
977.78137207	-12.4359846115
978.070739746	-23.7386226654
978.360107422	-18.8515644073
978.649536133	4.2754650116
978.938903809	20.199388504
979.228271484	-1.86814236641
979.517700195	2.9747068882
979.807067871	-19.2844753265
980.096435547	-25.8908233643
980.385864258	-8.12316989899
980.675231934	-5.49880695343
980.964660645	-1.61909222603
981.25402832	-13.8209009171
981.543395996	-12.5283241272
981.832824707	-3.59318995476
982.122192383	-12.2713165283
982.411560059	-14.3261528015
982.70098877	-16.3949241638
982.990356445	-15.2126998901
983.279724121	-4.87227201462
983.569152832	4.16247177124
983.858520508	6.89474534988
984.147888184	-1.95696556568
984.437316895	-3.66367673874
984.72668457	17.30052948
985.016052246	-6.55752801895
985.305480957	-6.88704204559
985.594848633	9.04371738434
985.884216309	-1.61805176735
986.17364502	9.43744373322
986.463012695	10.5683994293
986.752441406	-11.222784996
987.041809082	-1.1020834446
987.331176758	-4.1307964325
987.620605469	-16.0567455292
987.909973145	11.2087306976
988.19934082	3.48055505753
988.488769531	-8.10408592224
988.778137207	-10.7477884293
989.067504883	-14.82117939
989.356933594	-12.6865816116
989.64630127	-6.17940616608
989.935668945	0.176158368587
990.225097656	10.3756971359
990.514465332	-14.3148813248
990.803833008	-26.7964744568
991.093261719	-39.7522087097
991.382629395	-11.716468811
991.67199707	-16.2861976624
991.961425781	-30.6381721497
992.250793457	-8.0528717041
992.540222168	-2.9631960392
992.829589844	-12.549282074
993.11895752	-37.6080245972
993.40838623	-17.818397522
993.697753906	-16.5900306702
993.987121582	-29.498380661
994.276550293	-30.7256011963
994.565917969	0.334309667349
994.855285645	-0.486639469862
995.144714355	11.2431726456
995.434082031	10.2325267792
995.723449707	-9.77982902527
996.012878418	15.7334299088
996.302246094	-33.1097373962
996.59161377	-19.4961147308
996.88104248	17.5029850006
997.170410156	-16.3897418976
997.459777832	-32.7092247009
997.749206543	-17.3392772675
998.038574219	-14.2927942276
998.32800293	-19.9521427155
998.617370605	-34.4666938782
998.906738281	-10.2583475113
999.196166992	-9.4150094986
999.485534668	-14.8030977249
999.774902344	6.5754160881
1000.06433105	2.46489644051
1000.35369873	-11.4280738831
1000.64306641	-0.462890535593
1000.93249512	-16.2440643311
1001.22186279	4.8021736145
1001.51123047	-33.4150161743
1001.80065918	-6.29555511475
1002.09002686	-7.65288114548
1002.37939453	3.43412876129
1002.66882324	-0.82873493433
1002.95819092	9.19968128204
1003.24755859	4.46711111069
1003.5369873	-30.6465835571
1003.82635498	-34.9965858459
1004.11578369	-5.64299297333
1004.40515137	-16.607252121
1004.69451904	-9.91282081604
1004.98394775	25.5838375092
1005.27331543	6.66694068909
1005.56268311	0.43876478076
1005.85211182	-16.3607196808
1006.14147949	-14.1411418915
1006.43084717	-9.76604557037
1006.72027588	-17.6434116364
1007.00964355	-5.80176305771
1007.29901123	4.21493434906
1007.58843994	-9.60286045074
1007.87780762	-0.216778725386
1008.16717529	-6.26062822342
1008.456604	-12.9565973282
1008.74597168	-14.5111894608
1009.03533936	-22.6961517334
1009.32476807	-22.2446594238
1009.61413574	0.500553011894
1009.90356445	5.22133207321
1010.19293213	-4.11573028564
1010.4822998	-1.59781229496
1010.77172852	-0.747150599957
1011.06109619	-6.39427137375
1011.35046387	-1.75623631477
1011.63989258	-8.22686386108
1011.92926025	-3.52974629402
1012.21862793	3.41981244087
1012.50805664	2.64254450798
1012.79742432	-6.64471340179
1013.08679199	4.7442984581
1013.3762207	1.4391644001
1013.66558838	-3.99150156975
1013.95495605	14.5744142532
1014.24438477	13.5262622833
1014.53375244	0.165909200907
1014.82318115	1.2310385704
1015.11254883	2.86433744431
1015.4019165	4.52693319321
1015.69134521	-6.1071562767
1015.98071289	0.292744368315
1016.27008057	21.4524097443
1016.55950928	1.58394610882
1016.84887695	7.44380760193
1017.13824463	31.2885322571
1017.42767334	28.1402835846
1017.71704102	15.7115697861
1018.00640869	25.0704555511
1018.2958374	8.97249794006
1018.58520508	19.3015975952
1018.87457275	22.2249355316
1019.16400146	18.1064720154
1019.45336914	21.467798233
1019.74273682	7.5542216301
1020.03216553	28.2550926208
1020.3215332	-2.15799474716
1020.61096191	46.1893615723
1020.90032959	26.1854534149
1021.18969727	22.8866233826
1021.47912598	27.834564209
1021.76849365	7.50692653656
1022.05786133	28.5201072693
1022.34729004	18.3611164093
1022.63665771	21.4807434082
1022.92602539	20.4670696259
1023.2154541	34.7299537659
1023.50482178	31.752412796
1023.79418945	37.3105163574
1024.08361816	47.8824806213
1024.37304688	34.0726089478
1024.66235352	46.2369689941
1024.95178223	41.8523902893
1025.24121094	50.5000419617
1025.53051758	55.4529724121
1025.81994629	53.8174209595
1026.109375	71.0983657837
1026.39868164	56.1846046448
1026.68811035	67.2477798462
1026.97753906	62.7367362976
1027.2668457	39.473361969
1027.55627441	58.2645645142
1027.84570313	59.0557670593
1028.13500977	60.2337989807
1028.42443848	76.9302749634
1028.71386719	75.7849578857
1029.00317383	76.8345718384
1029.29260254	87.3498916626
1029.58203125	85.7993011475
1029.87133789	93.4939346313
1030.1607666	97.7792816162
1030.45019531	114.271652222
1030.73950195	110.989723206
1031.02893066	93.7877655029
1031.31835938	110.029647827
1031.60766602	126.053871155
1031.89709473	137.419296265
1032.18652344	131.567428589
1032.47583008	147.447616577
1032.76525879	138.481002808
1033.0546875	144.199447632
1033.34399414	140.171920776
1033.63342285	143.484115601
1033.92285156	158.939376831
1034.2121582	177.749740601
1034.50158691	191.126876831
1034.79101563	196.720321655
1035.08044434	201.786437988
1035.36975098	202.275009155
1035.65917969	234.778625488
1035.9486084	256.670410156
1036.23791504	254.090133667
1036.52734375	258.44921875
1036.81677246	266.896179199
1037.1060791	285.722167969
1037.39550781	306.743347168
1037.68493652	321.591186523
1037.97424316	337.156433105
1038.26367188	370.996948242
1038.55310059	408.65435791
1038.84240723	429.42565918
1039.13183594	446.023498535
1039.42126465	467.638916016
1039.71057129	513.903381348
1040	573.105224609
1040.28942871	603.196716309
1040.57873535	639.675048828
1040.86816406	680.81439209
1041.15759277	747.290649414
1041.44689941	799.339294434
1041.73632813	868.905395508
1042.02575684	939.552062988
1042.31506348	988.103637695
1042.60449219	1080.6932373
1042.8939209	1166.44091797
1043.18322754	1251.95092773
1043.47265625	1346.92138672
1043.76208496	1459.63208008
1044.0513916	1578.67529297
1044.34082031	1682.63891602
1044.63024902	1785.18786621
1044.91955566	1926.08410645
1045.20898438	2106.60058594
1045.49841309	2214.99951172
1045.7878418	2332.88647461
1046.07714844	2483.82373047
1046.36657715	2594.36352539
1046.65600586	2705.43164063
1046.9453125	2849.62963867
1047.23474121	2960.0625
1047.52416992	3022.22583008
1047.81347656	3094.00390625
1048.10290527	3181.85522461
1048.39233398	3185.80151367
1048.68164063	3210.17602539
1048.97106934	3229.54467773
1049.26049805	3205.58203125
1049.54980469	3168.15600586
1049.8392334	3074.05322266
1050.12866211	2978.66333008
1050.41796875	2899.79931641
1050.70739746	2805.41137695
1050.99682617	2658.23876953
1051.28613281	2559.94604492
1051.57556152	2422.28515625
1051.86499023	2263.29589844
1052.15429688	2112.32666016
1052.44372559	1977.61047363
1052.7331543	1796.16040039
1053.02246094	1713.25598145
1053.31188965	1635.48999023
1053.60131836	1459.73095703
1053.890625	1361.4753418
1054.18005371	1227.85839844
1054.46948242	1115.1920166
1054.75878906	1059.62451172
1055.04821777	975.882446289
1055.33764648	873.00177002
1055.62695313	826.23059082
1055.91638184	760.296691895
1056.20581055	703.703125
1056.49511719	643.297668457
1056.7845459	593.317382813
1057.07397461	611.355651855
1057.36340332	527.671813965
1057.65270996	468.839080811
1057.94213867	454.833404541
1058.23156738	416.445404053
1058.52087402	353.046295166
1058.81030273	356.555755615
1059.09973145	316.648223877
1059.38903809	301.464447021
1059.6784668	273.322052002
1059.96789551	307.063446045
1060.25720215	260.084747314
1060.54663086	270.584442139
1060.83605957	255.026031494
1061.12536621	235.715789795
1061.41479492	217.412750244
1061.70422363	213.326522827
1061.99353027	214.415679932
1062.28295898	172.750823975
1062.5723877	189.72416687
1062.86169434	207.335784912
1063.15112305	257.32131958
1063.44055176	142.564193726
1063.7298584	129.202178955
1064.01928711	104.238990784
1064.30871582	148.005783081
1064.59802246	121.101776123
1064.88745117	101.322669983
1065.17687988	113.641708374
1065.46618652	89.8500137329
1065.75561523	72.4546890259
1066.04504395	77.9499969482
1066.33435059	70.0967788696
1066.6237793	50.443157196
1066.91320801	43.8779144287
1067.20251465	56.3088760376
1067.49194336	62.9809379578
1067.78137207	60.4318084717
1068.07067871	64.3437271118
1068.36010742	65.6114959717
1068.64953613	48.8177375793
1068.93896484	26.2764205933
1069.22827148	40.0755462646
1069.5177002	34.8589363098
1069.80712891	9.2189874649
1070.09643555	19.4561004639
1070.38586426	35.6154670715
1070.67529297	25.8549137115
1070.96459961	11.9064798355
1071.25402832	18.0487575531
1071.54345703	27.9844913483
1071.83276367	17.7030506134
1072.12219238	17.0245265961
1072.41162109	24.8430747986
1072.70092773	-0.295788854361
1072.99035645	36.9392623901
1073.27978516	10.5073213577
1073.5690918	-13.6193351746
1073.85852051	3.89501309395
1074.14794922	8.61541557312
1074.43725586	-1.5182312727
1074.72668457	-4.65198421478
1075.01611328	9.78311061859
1075.30541992	30.1925983429
1075.59484863	15.1652898788
1075.88427734	29.7161064148
1076.17358398	6.07481336594
1076.4630127	-12.098490715
1076.75244141	-4.5965013504
1077.04174805	0.404294580221
1077.33117676	-13.2626619339
1077.62060547	-9.15715694427
1077.90991211	11.2567253113
1078.19934082	21.6024646759
1078.48876953	-0.00785130634904
1078.77807617	-15.8366451263
1079.06750488	17.875793457
1079.35693359	-16.4645023346
1079.6463623	36.0809440613
1079.93566895	-11.2424793243
1080.22509766	12.0085334778
1080.51452637	-30.1681880951
1080.80383301	-11.437412262
1081.09326172	3.25744795799
1081.38269043	-5.63460588455
1081.67199707	11.7480258942
1081.96142578	27.5976715088
1082.25085449	-14.0228977203
1082.54016113	10.304069519
1082.82958984	5.85391044617
1083.11901855	-1.05279171467
1083.4083252	-5.03441762924
1083.69775391	1.07255196571
1083.98718262	-27.5904979706
1084.27648926	-8.77964305878
1084.56591797	-2.36554479599
1084.85534668	6.9762878418
1085.14465332	12.6514005661
1085.43408203	-2.10979413986
1085.72351074	-18.5536060333
1086.01281738	6.84172153473
1086.30224609	0.64937466383
1086.5916748	1.54296541214
1086.88098145	52.832824707
1087.17041016	56.2703590393
1087.45983887	4.71033716202
1087.74914551	-34.2278327942
1088.03857422	-18.3537731171
1088.32800293	-23.0436782837
1088.61730957	-13.9945421219
1088.90673828	18.0245380402
1089.19616699	6.38101863861
1089.48547363	-8.54250144958
1089.77490234	-10.2436380386
1090.06433105	-4.84223461151
1090.3536377	30.6409835815
1090.64306641	25.2669963837
1090.93249512	40.2655677795
1091.22192383	29.0532016754
1091.51123047	-12.0202217102
1091.80065918	-21.0787792206
1092.09008789	3.25231099129
1092.37939453	8.42693519592
1092.66882324	42.4108581543
1092.95825195	2.76147961617
1093.24755859	20.0640335083
1093.5369873	33.1670951843
1093.82641602	7.10658597946
1094.11572266	16.8798427582
1094.40515137	0.634761691093
1094.69458008	-0.337858557701
1094.98388672	18.1453590393
1095.27331543	-27.6241359711
1095.56274414	45.5380096436
1095.85205078	16.9899768829
1096.14147949	12.4333724976
1096.4309082	-0.577821791172
1096.72021484	-12.101439476
1097.00964355	13.8614864349
1097.29907227	-3.50908279419
1097.58837891	30.5053844452
1097.87780762	11.2778816223
1098.16723633	30.4976444244
1098.45654297	33.0838890076
1098.74597168	11.4325590134
1099.03540039	15.4340591431
1099.32470703	15.1990156174
1099.61413574	8.83039951324
1099.90356445	-5.72718191147
1100.19287109	3.40447354317
1100.4822998	10.5226736069
1100.77172852	12.9304246902
1101.06103516	28.2534866333
1101.35046387	17.0801830292
1101.63989258	5.40492534637
1101.92932129	34.6769332886
1102.21862793	24.1352500916
1102.50805664	-14.5927419662
1102.79748535	-17.9760074615
1103.08679199	-19.5172023773
1103.3762207	31.3231658936
1103.66564941	27.4447822571
1103.95495605	24.4768295288
1104.24438477	-6.11834955215
1104.53381348	-0.439602762461
1104.82312012	9.22574424744
1105.11254883	24.2541007996
1105.40197754	40.6540374756
1105.69128418	35.6909675598
1105.98071289	2.10408949852
1106.2701416	15.7847890854
1106.55944824	26.8226947784
1106.84887695	31.7206802368
1107.13830566	21.1220836639
1107.4276123	-31.8214569092
1107.71704102	25.6624660492
1108.00646973	24.9769554138
1108.29577637	17.7301921844
1108.58520508	24.2204627991
1108.87463379	-6.1808681488
1109.16394043	2.53428316116
1109.45336914	37.6407661438
1109.74279785	34.7150192261
1110.03210449	33.5307579041
1110.3215332	-1.15377771854
1110.61096191	34.0918655396
1110.90026855	11.5931482315
1111.18969727	-13.6597452164
1111.47912598	3.32124733925
1111.76843262	16.5979213715
1112.05786133	25.6003990173
1112.34729004	6.9021935463
1112.63659668	21.1510372162
1112.92602539	20.6720676422
1113.2154541	20.2765960693
1113.50488281	23.6350307465
1113.79418945	21.6963748932
1114.08361816	25.6632061005
1114.37304688	15.6319932938
1114.66235352	20.0190200806
1114.95178223	34.3730583191
1115.24121094	27.7280750275
1115.53051758	-6.65149927139
1115.81994629	14.3529310226
1116.109375	34.2997436523
1116.39868164	20.5515174866
1116.68811035	4.75321340561
1116.97753906	24.6297149658
1117.2668457	11.7638111115
1117.55627441	26.4689254761
1117.84570313	28.0041179657
1118.13500977	39.3760070801
1118.42443848	20.4444026947
1118.71386719	-11.9251909256
1119.00317383	0.916425645351
1119.29260254	28.5356025696
1119.58203125	5.74120473862
1119.87133789	46.8757896423
1120.1607666	41.9544372559
1120.45019531	14.7284011841
1120.73950195	12.6017551422
1121.02893066	8.19798278809
1121.31835938	34.3625679016
1121.60766602	12.1314315796
1121.89709473	30.920042038
1122.18652344	21.1153907776
1122.47583008	24.0600337982
1122.76525879	16.3881950378
1123.0546875	19.7744617462
1123.34399414	51.6693000793
1123.63342285	49.0292015076
1123.92285156	15.7030639648
1124.2121582	24.6218280792
1124.50158691	46.8616104126
1124.79101563	27.2117443085
1125.08044434	14.5506477356
1125.36975098	28.268239975
1125.65917969	12.6711091995
1125.9486084	-5.38549566269
1126.23791504	-6.03362560272
1126.52734375	29.6207065582
1126.81677246	24.7457427979
1127.1060791	11.5224180222
1127.39550781	45.6508712769
1127.68493652	13.1933889389
1127.97424316	10.4134225845
1128.26367188	11.2391424179
1128.55310059	37.7787284851
1128.84240723	10.6208333969
1129.13183594	54.7028999329
1129.42126465	-5.39227771759
1129.71057129	36.2520713806
1130	19.8844337463
1130.28942871	6.20282840729
1130.57873535	28.1015739441
1130.86816406	10.13676548
1131.15759277	1.76668477058
1131.44689941	4.89638710022
1131.73632813	17.4467163086
1132.02575684	14.4062242508
1132.31506348	33.4089736938
1132.60449219	23.2449474335
1132.8939209	-0.751598775387
1133.18322754	5.14852428436
1133.47265625	20.8242511749
1133.76208496	13.7270278931
1134.0513916	14.7244253159
1134.34082031	27.1345272064
1134.63024902	8.04560470581
1134.91955566	9.6367521286
1135.20898438	14.2153100967
1135.49841309	10.4803924561
1135.7878418	8.67711544037
1136.07714844	21.6735363007
1136.36657715	24.13539505
1136.65600586	4.96395349503
1136.9453125	-14.2627706528
1137.23474121	26.8875656128
1137.52416992	5.04131889343
1137.81347656	-6.53501462936
1138.10290527	-9.13712024689
1138.39233398	57.9809875488
1138.68164063	-7.07630109787
1138.97106934	10.3772573471
1139.26049805	2.150151968
1139.54980469	30.2788963318
1139.8392334	25.8042316437
1140.12866211	10.670876503
1140.41796875	4.52618408203
1140.70739746	29.7273006439
1140.99682617	-15.137011528
1141.28613281	-1.71187996864
1141.57556152	31.2958774567
1141.86499023	36.8177947998
1142.15429688	15.1701726913
1142.44372559	-5.44853401184
1142.7331543	-8.34604930878
1143.02246094	-9.98146533966
1143.31188965	8.8182849884
1143.60131836	2.97887468338
1143.890625	-2.74394321442
1144.18005371	-8.79966163635
1144.46948242	-11.798740387
1144.75878906	12.9930906296
1145.04821777	33.4256515503
1145.33764648	30.5647583008
1145.62695313	16.5113735199
1145.91638184	36.2427635193
1146.20581055	35.4336280823
1146.49511719	34.4813194275
1146.7845459	6.34161472321
1147.07397461	5.95532941818
1147.36340332	48.8634796143
1147.65270996	-5.89205503464
1147.94213867	-21.2231636047
1148.23156738	15.3402576447
1148.52087402	38.1345291138
1148.81030273	-16.2839813232
1149.09973145	19.1744594574
1149.38903809	6.81834030151
1149.6784668	3.80900835991
1149.96789551	6.94860219955
1150.25720215	6.75068664551
1150.54663086	-3.77280569077
1150.83605957	24.2788982391
1151.12536621	34.3055915833
1151.41479492	14.6238956451
1151.70422363	9.46612644196
1151.99353027	31.7677230835
1152.28295898	42.971282959
1152.5723877	8.1411485672
1152.86169434	3.01501011848
1153.15112305	26.4837055206
1153.44055176	37.4099197388
1153.7298584	14.5445241928
1154.01928711	10.4175167084
1154.30871582	14.7983207703
1154.59802246	-10.0997896194
1154.88745117	37.4851150513
1155.17687988	35.566116333
1155.46618652	-30.3534793854
1155.75561523	4.04832172394
1156.04504395	2.78654837608
1156.33435059	-12.5739650726
1156.6237793	5.68232822418
1156.91320801	15.0172348022
1157.20251465	24.2739086151
1157.49194336	51.662525177
1157.78137207	-8.31848621368
1158.07067871	33.1320343018
1158.36010742	35.6139144897
1158.64953613	26.7183532715
1158.93896484	23.3530635834
1159.22827148	18.37292099
1159.5177002	38.3728675842
1159.80712891	39.4450759888
1160.09643555	36.7198181152
1160.38586426	-2.23482656479
1160.67529297	19.7216625214
1160.96459961	22.1423988342
1161.25402832	-5.40550756454
1161.54345703	-5.48417568207
1161.83276367	16.603553772
1162.12219238	26.2978343964
1162.41162109	36.379322052
1162.70092773	25.9690055847
1162.99035645	49.5734405518
1163.27978516	44.0611801147
1163.5690918	-24.143081665
1163.85852051	48.4911384583
1164.14794922	43.2371788025
1164.43725586	32.341999054
1164.72668457	54.5836410522
1165.01611328	16.959564209
1165.30541992	66.5258102417
1165.59484863	11.8729219437
1165.88427734	9.28253555298
1166.17358398	4.56899499893
1166.4630127	17.8389587402
1166.75244141	20.3330459595
1167.04174805	21.5946025848
1167.33117676	25.1839027405
1167.62060547	34.746837616
1167.90991211	15.3706989288
1168.19934082	22.1548233032
1168.48876953	44.8989105225
1168.77807617	34.2800941467
1169.06750488	28.1955680847
1169.35693359	40.8317451477
1169.6463623	54.2540512085
1169.93566895	45.9716644287
1170.22509766	42.1810836792
1170.51452637	16.9300518036
1170.80383301	45.332233429
1171.09326172	26.7901859283
1171.38269043	76.8096618652
1171.67199707	75.1625289917
1171.96142578	77.5531005859
1172.25085449	47.9256019592
1172.54016113	36.2984886169
1172.82958984	30.5396442413
1173.11901855	65.9966201782
1173.4083252	45.7513427734
1173.69775391	21.9632015228
1173.98718262	42.022228241
1174.27648926	37.3223609924
1174.56591797	48.220741272
1174.85534668	48.0488128662
1175.14465332	37.8889846802
1175.43408203	16.8855113983
1175.72351074	28.390827179
1176.01281738	34.2998466492
1176.30224609	46.751449585
1176.5916748	60.0292282104
1176.88098145	43.4182281494
1177.17041016	9.23604297638
1177.45983887	40.1827659607
1177.74914551	68.1996917725
1178.03857422	29.8182907104
1178.32800293	34.7239990234
1178.61730957	17.5612392426
1178.90673828	62.4303245544
1179.19616699	26.9239215851
1179.48547363	23.148859024
1179.77490234	62.8182373047
1180.06433105	47.1438674927
1180.3536377	48.8961448669
1180.64306641	52.9102516174
1180.93249512	43.9414482117
1181.22192383	28.6977386475
1181.51123047	32.3162307739
1181.80065918	45.5437164307
1182.09008789	34.8151435852
1182.37939453	51.2944755554
1182.66882324	53.8969573975
1182.95825195	49.9579391479
1183.24755859	66.4138336182
1183.5369873	51.4665107727
1183.82641602	18.0260276794
1184.11572266	53.2016487122
1184.40515137	51.0682907104
1184.69458008	42.9920654297
1184.98388672	31.4567470551
1185.27331543	56.2477073669
1185.56274414	76.2808532715
1185.85205078	65.3221969604
1186.14147949	53.7064208984
1186.4309082	64.8845901489
1186.72021484	70.8204650879
1187.00964355	75.4268569946
1187.29907227	69.084022522
1187.58837891	54.9383544922
1187.87780762	45.0095901489
1188.16723633	49.9904937744
1188.45654297	61.3755836487
1188.74597168	69.4365692139
1189.03540039	59.8759651184
1189.32470703	64.4065628052
1189.61413574	64.3220367432
1189.90356445	77.5495223999
1190.19287109	48.8574638367
1190.4822998	27.6957893372
1190.77172852	42.7269859314
1191.06103516	57.5930328369
1191.35046387	46.8122177124
1191.63989258	62.9664611816
1191.92932129	52.2623023987
1192.21862793	45.4794273376
1192.50805664	36.0687255859
1192.79748535	25.1970901489
1193.08679199	28.0328674316
1193.3762207	60.3365211487
1193.66564941	56.5586357117
1193.95495605	57.3011512756
1194.24438477	55.0364456177
1194.53381348	42.2277984619
1194.82312012	57.1045913696
1195.11254883	66.9722137451
1195.40197754	81.892074585
1195.69128418	56.4680900574
1195.98071289	59.4758453369
1196.2701416	76.2443466187
1196.55944824	78.2744598389
1196.84887695	47.0703010559
1197.13830566	31.5741539001
1197.4276123	67.7951812744
1197.71704102	29.6828231812
1198.00646973	44.9112854004
1198.29577637	43.4047737122
1198.58520508	65.8148803711
1198.87463379	54.1795692444
1199.16394043	43.0485458374
1199.45336914	34.0690002441
1199.74279785	43.8594741821
1200.03210449	62.8949546814
1200.3215332	65.8831787109
1200.61096191	48.9490470886
1200.90026855	45.4806213379
1201.18969727	51.6797866821
1201.47912598	62.4414520264
1201.76843262	83.0907058716
1202.05786133	73.8841018677
1202.34729004	55.5505523682
1202.63659668	38.4488296509
1202.92602539	56.7139129639
1203.2154541	64.1166915894
1203.50488281	18.8402671814
1203.79418945	37.9714546204
1204.08361816	66.3644638062
1204.37304688	64.6876525879
1204.66235352	62.1845626831
1204.95178223	34.7069664001
1205.24121094	37.2308387756
1205.53051758	54.5021629333
1205.81994629	46.7887268066
1206.109375	47.3082046509
1206.39868164	32.4193725586
1206.68811035	39.8421669006
1206.97753906	37.5618400574
1207.2668457	24.464509964
1207.55627441	45.7940444946
1207.84570313	32.8701629639
1208.13500977	35.1385536194
1208.42443848	54.7644767761
1208.71386719	45.1301460266
1209.00317383	67.9063491821
1209.29260254	56.8032684326
1209.58203125	28.9540920258
1209.87133789	64.3235626221
1210.1607666	60.0320014954
1210.45019531	57.9665184021
1210.73950195	40.8574676514
1211.02893066	43.2065353394
1211.31835938	59.9140014648
1211.60766602	30.8552436829
1211.89709473	28.4347801208
1212.18652344	24.1075763702
1212.47583008	27.3979415894
1212.76525879	20.0912475586
1213.0546875	40.6248817444
1213.34399414	66.0929870605
1213.63342285	42.7931251526
1213.92285156	49.1192398071
1214.2121582	42.0809936523
1214.50158691	40.4188308716
1214.79101563	50.2757072449
1215.08044434	29.9695014954
1215.36975098	17.7027378082
1215.65917969	43.4961395264
1215.9486084	33.5942306519
1216.23791504	59.9461212158
1216.52734375	41.5637397766
1216.81677246	47.0514793396
1217.1060791	55.3960418701
1217.39550781	46.2495040894
1217.68493652	28.3681030273
1217.97424316	42.4035835266
1218.26367188	40.3088035583
1218.55310059	35.7208595276
1218.84240723	58.4330978394
1219.13183594	48.5668334961
1219.42126465	63.0765457153
1219.71057129	45.4464988708
1220	67.4718322754
1220.28942871	36.7696342468
1220.57873535	21.6605834961
1220.86816406	22.2703933716
1221.15759277	28.687330246
1221.44689941	16.8224220276
1221.73632813	27.2066459656
1222.02575684	16.0293445587
1222.31506348	36.1326980591
1222.60449219	49.5857696533
1222.8939209	32.4841499329
1223.18322754	15.9874076843
1223.47265625	24.3477039337
1223.76208496	27.7021427155
1224.0513916	12.9173126221
1224.34082031	29.4568080902
1224.63024902	29.5168132782
1224.91955566	-6.82954025269
1225.20898438	0.292475134134
1225.49841309	38.2929077148
1225.7878418	50.4847488403
1226.07714844	17.7126140594
1226.36657715	13.4791612625
1226.65600586	35.2911186218
1226.9453125	18.0477924347
1227.23474121	26.7982254028
1227.52416992	18.7591094971
1227.81347656	20.7731075287
1228.10290527	15.0137748718
1228.39233398	24.8555164337
1228.68164063	33.0379714966
1228.97106934	35.9612579346
1229.26049805	24.1799526215
1229.54980469	42.7090873718
1229.8392334	32.8081550598
1230.12866211	16.7299747467
1230.41796875	27.6804962158
1230.70739746	21.6379623413
1230.99682617	21.2399578094
1231.28613281	46.7607917786
1231.57556152	30.1850547791
1231.86499023	18.3524799347
1232.15429688	19.1906967163
1232.44372559	-3.90213108063
1232.7331543	27.6637325287
1233.02246094	1.65771126747
1233.31188965	11.1825590134
1233.60131836	15.3392419815
1233.890625	7.1139831543
1234.18005371	36.0616836548
1234.46948242	24.8155345917
1234.75878906	20.7435951233
1235.04821777	27.9163913727
1235.33764648	25.3406543732
1235.62695313	45.003578186
1235.91638184	25.0582103729
1236.20581055	15.8057146072
1236.49511719	-3.03673243523
1236.7845459	-2.29801750183
1237.07397461	31.9621810913
1237.36340332	23.7585144043
1237.65270996	-1.43989014626
1237.94213867	15.4277305603
1238.23156738	10.8593168259
1238.52087402	25.8821048737
1238.81030273	11.9054870605
1239.09973145	12.6505498886
1239.38903809	8.44042682648
1239.6784668	4.14886856079
1239.96789551	12.6410007477
1240.25720215	9.56222629547
1240.54663086	-1.71468389034
1240.83605957	-11.2450122833
1241.12536621	-7.38042736053
1241.41479492	1.11756455898
1241.70422363	4.91438484192
1241.99353027	18.4679336548
1242.28295898	13.4214925766
1242.5723877	5.24858617783
1242.86169434	8.19910812378
1243.15112305	-1.35954010487
1243.44055176	-3.11887216568
1243.7298584	4.10899353027
1244.01928711	-13.2401819229
1244.30871582	-15.7650966644
1244.59802246	-7.56566524506
1244.88745117	-0.807988524437
1245.17687988	-19.9179878235
1245.46618652	-23.6453132629
1245.75561523	-8.92132854462
1246.04504395	6.00724649429
1246.33435059	16.8018932343
1246.6237793	5.70458889008
1246.91320801	18.0130462646
1247.20251465	17.7837677002
1247.49194336	10.4223031998
1247.78137207	-9.82587909698
1248.07067871	-15.1835765839
1248.36010742	27.0950965881
1248.64953613	-17.6599216461
1248.93896484	-10.8924798965
1249.22827148	16.1257991791
1249.5177002	-15.9485559464
1249.80712891	-2.07222652435
1250.09643555	6.99439239502
1250.38586426	-3.99500131607
1250.67529297	15.1210737228
1250.96459961	22.1242160797
1251.25402832	1.05620932579
1251.54345703	0.409100949764
1251.83276367	4.2608757019
1252.12219238	4.64550590515
1252.41162109	6.36314344406
1252.70092773	8.3418712616
1252.99035645	-2.40289306641
1253.27978516	-7.49824333191
1253.5690918	-7.31101942062
1253.85852051	5.77185297012
1254.14794922	10.2868537903
1254.43725586	-7.24125385284
1254.72668457	-4.69646787643
1255.01611328	-0.336740285158
1255.30541992	-12.4009809494
1255.59484863	-8.1447687149
1255.88427734	1.47765386105
1256.17358398	-11.2960596085
1256.4630127	18.9879837036
1256.75244141	-17.6762142181
1257.04174805	11.009057045
1257.33117676	13.887339592
1257.62060547	8.37792682648
1257.90991211	-9.82498550415
1258.19934082	-3.43693804741
1258.48876953	35.0844116211
1258.77807617	1.25600981712
1259.06750488	-6.4399266243
1259.35693359	5.95593357086
1259.6463623	9.29613018036
1259.93566895	14.011674881
1260.22509766	11.2688627243
1260.51452637	4.91130542755
1260.80383301	24.6478462219
1261.09326172	17.0241756439
1261.38269043	-7.81385087967
1261.67199707	-24.5939121246
1261.96142578	-13.2244186401
1262.25085449	13.1045465469
1262.54016113	-10.5422134399
1262.82958984	0.479135453701
1263.11901855	26.4677696228
1263.4083252	31.2526493073
1263.69775391	23.9473381042
1263.98718262	11.8124370575
1264.27648926	-9.64340496063
1264.56591797	-7.56395101547
1264.85534668	-4.50793457031
1265.14465332	-9.14737033844
1265.43408203	-5.33109998703
1265.72351074	-15.3561382294
1266.01281738	14.1562814713
1266.30224609	17.7977466583
1266.5916748	-0.872798502445
1266.88098145	8.04489421844
1267.17041016	13.6101884842
1267.45983887	49.3322219849
1267.74914551	5.16299962997
1268.03857422	-10.2380151749
1268.32800293	-0.395865619183
1268.61730957	8.4939956665
1268.90673828	-6.63114023209
1269.19616699	-4.82756519318
1269.48547363	33.2327041626
1269.77490234	23.1495628357
1270.06433105	6.83741474152
1270.3536377	5.19065475464
1270.64306641	15.8804607391
1270.93249512	-3.23490953445
1271.22192383	-6.46258449554
1271.51123047	13.1675109863
1271.80065918	4.99696493149
1272.09008789	11.4226102829
1272.37939453	-39.5342063904
1272.66882324	-12.4347343445
1272.95825195	-10.8001041412
1273.24755859	-16.3238182068
1273.5369873	18.040304184
1273.82641602	1.64954352379
1274.11572266	28.8680171967
1274.40515137	21.1608505249
1274.69458008	18.5488986969
1274.98388672	22.2991104126
1275.27331543	-13.0535640717
1275.56274414	-20.5478401184
1275.85205078	-18.2810268402
1276.14147949	-13.200594902
1276.4309082	2.58247208595
1276.72021484	21.5353221893
1277.00964355	15.7485647202
1277.29907227	9.90126037598
1277.58837891	71.848739624
1277.87780762	23.0209655762
1278.16723633	27.1219043732
1278.45654297	0.392625212669
1278.74597168	15.7230558395
1279.03540039	-4.47385692596
1279.32470703	17.9101448059
1279.61413574	21.1849117279
1279.90356445	23.9108505249
1280.19287109	39.4354743958
1280.4822998	15.2527236938
1280.77172852	-1.45639681816
1281.06103516	11.218132019
1281.35046387	9.37571144104
1281.63989258	40.187587738
1281.92932129	3.54389691353
1282.21862793	17.7711601257
1282.50805664	8.43801689148
1282.79748535	-27.3355560303
1283.08679199	27.3575267792
1283.3762207	15.2001647949
1283.66564941	14.8933887482
1283.95495605	9.43461608887
1284.24438477	12.7611408234
1284.53381348	9.53297805786
1284.82312012	18.0551624298
1285.11254883	1.38412880898
1285.40197754	8.55440330505
1285.69128418	26.3119392395
1285.98071289	40.3572158813
1286.2701416	22.6100082397
1286.55944824	39.6292648315
1286.84887695	-0.452414929867
1287.13830566	8.84823036194
1287.4276123	1.07647037506
1287.71704102	25.6979160309
1288.00646973	31.8061790466
1288.29577637	29.5515098572
1288.58520508	34.6055717468
1288.87463379	17.1166667938
1289.16394043	2.48016119003
1289.45336914	15.1162557602
1289.74279785	19.395904541
1290.03210449	31.2261962891
1290.3215332	36.1703948975
1290.61096191	1.81625664234
1290.90026855	4.62359809875
1291.18969727	42.1224861145
1291.47912598	12.1321153641
1291.76843262	23.4711952209
1292.05786133	33.7850227356
1292.34729004	54.9064712524
1292.63659668	23.2743587494
1292.92602539	12.1892623901
1293.2154541	11.8351230621
1293.50488281	38.6719017029
1293.79418945	52.7111778259
1294.08361816	25.5904350281
1294.37304688	26.4555339813
1294.66235352	14.0148277283
1294.95178223	22.824262619
1295.24121094	23.9105529785
1295.53051758	30.341917038
1295.81994629	22.6435394287
1296.109375	30.401216507
1296.39868164	3.79644846916
1296.68811035	-4.57819890976
1296.97753906	12.7825050354
1297.2668457	22.8945331573
1297.55627441	-12.5269880295
1297.84570313	49.4548110962
1298.13500977	19.7518978119
1298.42443848	42.1438522339
1298.71386719	41.882484436
1299.00317383	20.3289871216
1299.29260254	15.6550226212
1299.58203125	-10.8094682693
1299.87133789	-24.8727321625
1300.1607666	15.9713697433
1300.45019531	24.4468193054
1300.73950195	42.4856071472
1301.02893066	38.0670127869
1301.31835938	3.98972988129
1301.60766602	24.4982433319
1301.89709473	4.08599805832
1302.18652344	36.9325408936
1302.47583008	19.5269927979
1302.76525879	20.8081073761
1303.0546875	42.1771125793
1303.34399414	40.8565254211
1303.63342285	16.1854896545
1303.92285156	2.80205321312
1304.2121582	22.897480011
1304.50158691	28.7220516205
1304.79101563	19.6662521362
1305.08044434	31.2720737457
1305.36975098	33.6917190552
1305.65917969	21.8800601959
1305.9486084	28.0522880554
1306.23791504	1.64429712296
1306.52734375	36.6304893494
1306.81677246	49.9907035828
1307.1060791	13.876660347
1307.39550781	30.0811138153
1307.68493652	12.5258026123
1307.97424316	32.3233795166
1308.26367188	27.7670898438
1308.55310059	23.3777942657
1308.84240723	32.7896270752
1309.13183594	6.10882854462
1309.42126465	-3.91328001022
1309.71057129	25.2417182922
1310	27.689825058
1310.28942871	-11.2898035049
1310.57873535	52.3773994446
1310.86816406	27.6692581177
1311.15759277	45.0011520386
1311.44689941	12.7401351929
1311.73632813	23.5949802399
1312.02575684	26.3077354431
1312.31506348	43.9129257202
1312.60449219	3.83954954147
1312.8939209	-2.00091814995
1313.18322754	19.0315208435
1313.47265625	22.549451828
1313.76208496	35.2314453125
1314.0513916	13.6066570282
1314.34082031	6.7740020752
1314.63024902	20.9652729034
1314.91955566	35.3268127441
1315.20898438	32.3750190735
1315.49841309	40.9422645569
1315.7878418	15.5187892914
1316.07714844	-0.427287727594
1316.36657715	7.68341636658
1316.65600586	40.0358200073
1316.9453125	32.9417953491
1317.23474121	8.26734161377
1317.52416992	20.1544132233
1317.81347656	18.8582382202
1318.10290527	4.50898218155
1318.39233398	7.46001815796
1318.68164063	35.0842552185
1318.97106934	8.99232196808
1319.26049805	40.978515625
1319.54980469	24.6715984344
1319.8392334	31.9688243866
1320.12866211	32.7094116211
1320.41796875	29.1930236816
1320.70739746	50.6142730713
1320.99682617	35.3582801819
1321.28613281	16.9737262726
1321.57556152	0.116168238223
1321.86499023	37.2522621155
1322.15429688	58.3428077698
1322.44372559	43.7259712219
1322.7331543	27.7082595825
1323.02246094	22.1274166107
1323.31188965	4.32649946213
1323.60131836	48.4943313599
1323.890625	-3.19637298584
1324.18005371	25.2610111237
1324.46948242	41.0352897644
1324.75878906	17.0345249176
1325.04821777	19.6945457458
1325.33764648	36.3516349792
1325.62695313	37.8367118835
1325.91638184	18.751127243
1326.20581055	33.8720855713
1326.49511719	23.772687912
1326.7845459	-3.41738843918
1327.07397461	12.3739795685
1327.36340332	54.8328285217
1327.65270996	40.9497413635
1327.94213867	-11.4024467468
1328.23156738	24.5495662689
1328.52087402	-2.96926426888
1328.81030273	70.215171814
1329.09973145	42.6120071411
1329.38903809	25.9676876068
1329.6784668	-3.32199788094
1329.96789551	-2.94615697861
1330.25720215	33.967628479
1330.54663086	1.29366576672
1330.83605957	-0.998950362206
1331.12536621	5.52323484421
1331.41479492	42.8888206482
1331.70422363	-46.3749847412
1331.99353027	23.5778636932
1332.28295898	23.7539978027
1332.5723877	6.85151767731
1332.86169434	-1.27180504799
1333.15112305	15.3696603775
1333.44055176	-3.21738886833
1333.7298584	-0.673719465733
1334.01928711	0.541965126991
1334.30871582	-2.11344408989
1334.59802246	5.73295974731
1334.88745117	24.3216915131
1335.17687988	12.9358139038
1335.46618652	60.2412033081
1335.75561523	41.5228042603
1336.04504395	19.4860477448
1336.33435059	-26.3028030396
1336.6237793	0.95096796751
1336.91320801	39.1769065857
1337.20251465	24.8441104889
1337.49194336	39.2673149109
1337.78137207	36.443939209
1338.07067871	24.0476646423
1338.36010742	1.98893606663
1338.64953613	0.512726128101
1338.93896484	0.0843678042293
1339.22827148	21.3848724365
1339.5177002	-25.6509075165
1339.80712891	16.9700508118
1340.09643555	18.0405750275
1340.38586426	37.943271637
1340.67529297	19.5525112152
1340.96459961	22.7978420258
1341.25402832	13.9817876816
1341.54345703	-13.3303594589
1341.83276367	-2.55963969231
1342.12219238	-4.83272457123
1342.41162109	47.3521995544
1342.70092773	-12.8560848236
1342.99035645	22.0739555359
1343.27978516	24.1665935516
1343.5690918	34.3318443298
1343.85852051	42.6007499695
1344.14794922	19.9346008301
1344.43725586	21.8757305145
1344.72668457	40.9156341553
1345.01611328	12.8910837173
1345.30541992	5.48602294922
1345.59484863	15.734910965
1345.88427734	8.98135757446
1346.17358398	19.6207294464
1346.4630127	24.6425666809
1346.75244141	36.0354957581
1347.04174805	59.8140296936
1347.33117676	-8.4502658844
1347.62060547	47.3445205688
1347.90991211	2.2763736248
1348.19934082	13.8426437378
1348.48876953	-22.3962612152
1348.77807617	8.08881473541
1349.06750488	13.7434644699
1349.35693359	3.35709786415
1349.6463623	15.1719036102
1349.93566895	17.5676231384
1350.22509766	38.3458099365
1350.51452637	0.320282250643
1350.80383301	-15.7717905045
1351.09326172	9.73832798004
1351.38269043	-11.2784099579
1351.67199707	45.1632080078
1351.96142578	0.117175035179
1352.25085449	17.8372535706
1352.54016113	15.1231107712
1352.82958984	-13.5674543381
1353.11901855	6.20096492767
1353.4083252	18.2172908783
1353.69775391	18.3065109253
1353.98718262	1.81418704987
1354.27648926	7.57416534424
1354.56591797	-25.6315364838
1354.85534668	9.31266307831
1355.14465332	18.1624851227
1355.43408203	-37.2922401428
1355.72351074	12.2833070755
1356.01281738	23.0823478699
1356.30224609	10.7672710419
1356.5916748	-7.75190782547
1356.88098145	-9.50609016418
1357.17041016	-12.4705810547
1357.45983887	-14.3330211639
1357.74914551	-17.2585906982
1358.03857422	20.8794574738
1358.32800293	26.0223884583
1358.61730957	34.3399848938
1358.90673828	-15.7377891541
1359.19616699	42.8621749878
1359.48547363	-2.29825878143
1359.77490234	8.85834407806
1360.06433105	2.00225114822
1360.3536377	38.0747299194
1360.64306641	15.0301599503
1360.93249512	-8.86206531525
1361.22192383	-0.0960881188512
1361.51123047	-12.0065202713
1361.80065918	-10.7185697556
1362.09008789	37.5630340576
1362.37939453	31.1604137421
1362.66882324	43.8624267578
1362.95825195	25.30418396
1363.24755859	41.448928833
1363.5369873	46.7954711914
1363.82641602	49.1571540833
1364.11572266	-12.479352951
1364.40515137	-26.3315391541
1364.69458008	24.7718410492
1364.98388672	9.21345901489
1365.27331543	18.3202571869
1365.56274414	7.6003947258
1365.85205078	-25.6303501129
1366.14147949	21.4085769653
1366.4309082	-22.2726669312
1366.72021484	18.4418354034
1367.00964355	21.0074214935
1367.29907227	11.9943933487
1367.58837891	25.7821388245
1367.87780762	0.0650087445974
1368.16723633	5.56809425354
1368.45654297	19.4237098694
1368.74597168	18.5483779907
1369.03540039	-14.1370134354
1369.32470703	-1.39321315289
1369.61413574	13.8774499893
1369.90356445	17.5504570007
1370.19287109	53.3269729614
1370.4822998	67.1718521118
1370.77172852	29.3883190155
1371.06103516	-0.399619191885
1371.35046387	-10.7163581848
1371.63989258	-3.15370225906
1371.92932129	-4.37620258331
1372.21862793	17.6268749237
1372.50805664	-12.3060750961
1372.79748535	-5.84254074097
1373.08679199	20.5228404999
1373.3762207	12.0601062775
1373.66564941	-8.29325294495
1373.95495605	7.55308580399
1374.24438477	0.893085181713
1374.53381348	17.0743923187
1374.82312012	13.0398731232
1375.11254883	-4.97510814667
1375.40197754	-0.0413586162031
1375.69128418	13.021777153
1375.98071289	7.63716745377
1376.2701416	-13.6771297455
1376.55944824	-0.996318280697
1376.84887695	-9.35358428955
1377.13830566	-9.40176868439
1377.4276123	7.59203147888
1377.71704102	0.542870759964
1378.00646973	-1.2206454277
1378.29577637	15.32833004
1378.58520508	26.5613956451
1378.87463379	37.6792259216
1379.16394043	19.3180465698
1379.45336914	39.7825584412
1379.74279785	2.81835865974
1380.03210449	-15.7249507904
1380.3215332	2.5745215416
1380.61096191	5.56100511551
1380.90026855	1.95959043503
1381.18969727	-8.14669895172
1381.47912598	1.3192769289
1381.76843262	-8.07413005829
1382.05786133	-5.59106445313
1382.34729004	-24.7076072693
1382.63659668	-20.8656635284
1382.92602539	11.3937702179
1383.2154541	-9.34484386444
1383.50488281	0.426307857037
1383.79418945	6.59491252899
1384.08361816	-14.4664554596
1384.37304688	7.43653249741
1384.66235352	21.9562110901
1384.95178223	15.0393753052
1385.24121094	13.9008588791
1385.53051758	12.7628231049
1385.81994629	11.6243066788
1386.109375	20.7914543152
1386.39868164	-1.03066337109
1386.68811035	14.3137302399
1386.97753906	37.7045097351
1387.2668457	11.814034462
1387.55627441	4.45432662964
1387.84570313	-16.5367279053
1388.13500977	-7.85591697693
1388.42443848	7.00459003448
1388.71386719	21.6541595459
1389.00317383	12.9970808029
1389.29260254	14.6793661118
1389.58203125	6.69954109192
1389.87133789	7.5707821846
1390.1607666	-3.5203704834
1390.45019531	15.7136716843
1390.73950195	-5.16655158997
1391.02893066	-0.95936447382
1391.31835938	2.38502955437
1391.60766602	21.6512908936
1391.89709473	25.2959766388
1392.18652344	20.1276760101
1392.47583008	37.1209869385
1392.76525879	10.8350105286
1393.0546875	5.80147504807
1393.34399414	-12.5802135468
1393.63342285	1.97462999821
1393.92285156	2.922539711
1394.2121582	5.83040189743
1394.50158691	-14.8671960831
1394.79101563	-28.4671382904
1395.08044434	0.57598644495
1395.36975098	14.4975204468
1395.65917969	0.555782020092
1395.9486084	0.959258079529
1396.23791504	13.8554019928
1396.52734375	-31.1127033234
1396.81677246	-11.6906738281
1397.1060791	3.56582188606
1397.39550781	5.29009866714
1397.68493652	19.1603717804
1397.97424316	4.32214021683
1398.26367188	-17.6801452637
1398.55310059	-13.991024971
1398.84240723	-0.181795150042
1399.13183594	-13.3193349838
1399.42126465	10.2975206375
1399.71057129	7.47540235519
1400	-21.5254192352
