500	-19.66147995
500.289398193	-17.3300666809
500.578765869	-17.5592956543
500.868164063	-23.7872104645
501.157562256	-10.5419797897
501.446960449	-11.0941133499
501.736328125	-23.6963882446
502.025726318	-9.74266242981
502.315124512	19.0804481506
502.604492188	108.464500427
502.893890381	-27.743637085
503.183288574	-11.6453800201
503.47265625	-12.086523056
503.762054443	-20.7629241943
504.051452637	-28.2698898315
504.34085083	-29.8427753448
504.630218506	-30.8869457245
504.919616699	-34.5860519409
505.209014893	-27.8864746094
505.498382568	-6.30076265335
505.787780762	-4.57359886169
506.077178955	-7.48095655441
506.366546631	9.92262744904
506.655944824	5.02869749069
506.945343018	12.6054706573
507.234741211	15.876824379
507.524108887	9.5785036087
507.81350708	13.5373573303
508.102905273	25.2720890045
508.392272949	31.8663463593
508.681671143	21.6081600189
508.971069336	-0.796757161617
509.260437012	30.1827545166
509.549835205	31.2377986908
509.839233398	-1.47278118134
510.128631592	49.6992073059
510.417999268	25.0786209106
510.707397461	28.1009502411
510.996795654	18.6464729309
511.28616333	7.47315359116
511.575561523	11.1771240234
511.864959717	9.20702171326
512.15435791	-3.02797222137
512.443725586	8.01623630524
512.733093262	28.9222621918
513.022521973	25.2237377167
513.311889648	23.0928974152
513.601257324	45.4474105835
513.890686035	29.4842376709
514.180053711	1.15930569172
514.469482422	2.37093830109
514.758850098	5.80455112457
515.048217773	6.65930700302
515.337646484	20.4412517548
515.62701416	30.0787220001
515.916381836	33.3551101685
516.205810547	11.4512634277
516.495178223	30.4290657043
516.784545898	26.6495437622
517.073974609	24.5135211945
517.363342285	42.20860672
517.652709961	36.9041824341
517.942138672	26.9646930695
518.231506348	26.5562648773
518.520874023	29.24451828
518.810302734	27.1866188049
519.09967041	20.339225769
519.389038086	13.3761110306
519.678466797	-4.95620203018
519.967834473	43.7713546753
520.257263184	21.64802742
520.546630859	18.5152339935
520.835998535	10.3406934738
521.125427246	5.29378128052
521.414794922	23.9356460571
521.704162598	28.6763877869
521.993591309	23.474691391
522.282958984	32.0499038696
522.57232666	24.0198955536
522.861755371	21.7239589691
523.151123047	12.082865715
523.440490723	23.2611083984
523.729919434	29.9622421265
524.019287109	1.39341413975
524.308654785	2.24719333649
524.598083496	9.31966590881
524.887451172	17.1827220917
525.176818848	27.1700458527
525.466247559	13.4353895187
525.755615234	-9.36219882965
526.045043945	15.0532913208
526.334411621	32.8433494568
526.623779297	22.1744232178
526.913208008	14.4224338531
527.202575684	3.30673027039
527.491943359	43.1844367981
527.78137207	21.480052948
528.070739746	20.0125427246
528.360107422	19.0123176575
528.649536133	9.5552482605
528.938903809	-0.563872516155
529.228271484	7.05162525177
529.517700195	29.6397228241
529.807067871	1.13949799538
530.096435547	13.5872716904
530.385864258	-5.48088121414
530.675231934	25.8863258362
530.964660645	9.67168807983
531.25402832	13.558426857
531.543395996	22.703710556
531.832824707	14.8379497528
532.122192383	13.5591602325
532.411560059	6.08188486099
532.70098877	3.6494743824
532.990356445	25.2840156555
533.279724121	1.22885894775
533.569152832	6.03082323074
533.858520508	15.3238115311
534.147888184	10.9925317764
534.437316895	5.3516254425
534.72668457	29.0061855316
535.016052246	8.09971141815
535.305480957	0.604312479496
535.594848633	12.3142929077
535.884216309	15.8504447937
536.17364502	2.00909900665
536.463012695	-8.67276668549
536.752441406	8.58281135559
537.041809082	32.2258987427
537.331176758	23.3621463776
537.620605469	0.0454592853785
537.909973145	13.8074417114
538.19934082	13.587978363
538.488769531	-9.35200023651
538.778137207	12.7432336807
539.067504883	10.9180583954
539.356933594	18.1216335297
539.64630127	30.9050998688
539.935668945	22.2452087402
540.225097656	24.0313034058
540.514465332	11.0198478699
540.803833008	7.9358830452
541.093261719	0.61602139473
541.382629395	20.1060314178
541.67199707	10.7027301788
541.961425781	7.29326868057
542.250793457	9.73713588715
542.540222168	7.26224470139
542.829589844	23.6526451111
543.11895752	44.1631622314
543.40838623	40.1267471313
543.697753906	21.0669536591
543.987121582	4.63679695129
544.276550293	-17.4728603363
544.565917969	6.82037258148
544.855285645	28.8050117493
545.144714355	12.2637138367
545.434082031	-0.499694466591
545.723449707	15.9932451248
546.012878418	-0.135454699397
546.302246094	-19.7269878387
546.59161377	-4.57682228088
546.88104248	9.34648036957
547.170410156	12.4722318649
547.459777832	29.4602890015
547.749206543	22.135055542
548.038574219	1.13141310215
548.32800293	0.868436217308
548.617370605	9.49980354309
548.906738281	7.94611167908
549.196166992	17.3994426727
549.485534668	24.2817878723
549.774902344	13.6133499146
550.064331055	19.0930480957
550.35369873	27.5593757629
550.643066406	22.8919143677
550.932495117	21.7817707062
551.221862793	33.6702194214
551.511230469	39.1328849792
551.80065918	32.0779151917
552.090026855	17.6013717651
552.379394531	51.3711662292
552.668823242	32.2383155823
552.958190918	5.08818912506
553.247558594	16.1690196991
553.536987305	7.60379600525
553.82635498	-3.81195616722
554.115783691	17.9187202454
554.405151367	39.2251358032
554.694519043	34.6243247986
554.983947754	38.8711128235
555.27331543	42.8992080688
555.562683105	-0.292177975178
555.852111816	57.3097305298
556.141479492	27.0373897552
556.430847168	9.39175701141
556.720275879	26.2467575073
557.009643555	47.4451179504
557.29901123	43.6102752686
557.588439941	49.1835365295
557.877807617	42.7195472717
558.167175293	22.5851421356
558.456604004	24.648639679
558.74597168	40.9046173096
559.035339355	31.8095226288
559.324768066	28.0939655304
559.614135742	34.5713806152
559.903564453	16.3753547668
560.192932129	7.06175231934
560.482299805	17.3025932312
560.771728516	1.72400045395
561.061096191	12.2070293427
561.350463867	33.492061615
561.639892578	27.5072174072
561.929260254	19.9016227722
562.21862793	22.3726902008
562.508056641	12.9916057587
562.797424316	12.8154554367
563.086791992	30.9593734741
563.376220703	54.1119804382
563.665588379	29.3481826782
563.954956055	32.6644630432
564.244384766	41.5106773376
564.533752441	14.3872594833
564.823181152	24.7500724792
565.112548828	36.4977493286
565.401916504	39.2893714905
565.691345215	25.3182010651
565.980712891	27.1393642426
566.270080566	50.8819160461
566.559509277	40.9139175415
566.848876953	23.905002594
567.138244629	36.9580993652
567.42767334	45.8992843628
567.717041016	15.9501829147
568.006408691	32.5516204834
568.295837402	13.2171669006
568.585205078	29.8789081573
568.874572754	25.2056865692
569.164001465	8.524310112
569.453369141	21.381362915
569.742736816	32.17811203
570.032165527	19.8656311035
570.321533203	26.2390422821
570.610961914	45.9736824036
570.90032959	27.6688671112
571.189697266	23.8655204773
571.479125977	25.2725219727
571.768493652	39.9428062439
572.057861328	42.1472702026
572.347290039	37.3784942627
572.636657715	42.4296379089
572.926025391	43.9234085083
573.215454102	55.2425193787
573.504821777	80.2565536499
573.794189453	71.9402694702
574.083618164	32.4210014343
574.37298584	23.5363540649
574.662353516	30.4236793518
574.951782227	43.5914230347
575.241149902	30.9543361664
575.530517578	51.0206184387
575.819946289	39.1912918091
576.109313965	52.3054237366
576.398742676	43.8982162476
576.688110352	31.6715297699
576.977478027	29.317155838
577.266906738	47.8064346313
577.556274414	54.6544532776
577.84564209	53.8320617676
578.135070801	54.4702644348
578.424438477	43.2233123779
578.713806152	66.7222137451
579.003234863	66.893371582
579.292602539	48.5075073242
579.581970215	47.294002533
579.871398926	85.8684844971
580.160766602	59.298538208
580.450134277	49.0496330261
580.739562988	35.8186950684
581.028930664	31.0324363708
581.31829834	52.2793807983
581.607727051	68.9031829834
581.897094727	71.6498794556
582.186523438	72.0126953125
582.475891113	63.2493858337
582.765258789	61.0124435425
583.0546875	51.3293571472
583.344055176	67.3966140747
583.633422852	60.6015701294
583.922851563	50.1921653748
584.212219238	65.221824646
584.501586914	60.7195014954
584.791015625	73.5329971313
585.080383301	70.1131973267
585.369750977	76.2610168457
585.659179688	71.7376022339
585.948547363	59.7662849426
586.237915039	67.1443328857
586.52734375	63.4741897583
586.816711426	48.7689857483
587.106079102	91.7669067383
587.395507813	30.8382148743
587.684875488	65.2272491455
587.974304199	73.7436294556
588.263671875	90.1936950684
588.553039551	98.6361999512
588.842468262	96.5209884644
589.131835938	87.5394134521
589.421203613	65.68699646
589.710632324	64.1022949219
590	90.5604248047
590.289367676	100.186515808
590.578796387	74.7666168213
590.868164063	62.1856803894
591.157531738	82.8195877075
591.446960449	79.4866027832
591.736328125	69.4911117554
592.025695801	89.6015853882
592.315124512	73.135055542
592.604492188	100.500404358
592.893920898	82.8646850586
593.183288574	72.4353561401
593.47265625	67.3932418823
593.762084961	79.0685577393
594.051452637	95.7627639771
594.340820313	80.8544387817
594.630249023	58.5497703552
594.919616699	64.8142929077
595.208984375	49.8151435852
595.498413086	69.4670181274
595.787780762	53.3660621643
596.077148438	73.1298522949
596.366577148	101.264396667
596.655944824	81.210067749
596.9453125	82.7878265381
597.234741211	90.4765701294
597.524108887	79.8450927734
597.813476563	74.3989257813
598.102905273	100.42237854
598.392272949	103.208877563
598.68170166	95.075843811
598.971069336	107.563995361
599.260437012	82.1183166504
599.549865723	80.5016326904
599.839233398	70.3188934326
600.128601074	97.8846893311
600.418029785	62.4586791992
600.707397461	86.7966918945
600.996765137	116.905448914
601.286193848	107.406692505
601.575561523	69.7852325439
601.864929199	71.2733840942
602.15435791	87.047088623
602.443725586	78.3758163452
602.733093262	58.0251083374
603.022521973	56.1335258484
603.311889648	64.7032241821
603.601257324	61.5680885315
603.890686035	69.6330490112
604.180053711	81.5096359253
604.469482422	60.0167350769
604.758850098	75.8491287231
605.048217773	74.041633606
605.337646484	57.659324646
605.62701416	74.8120346069
605.916381836	79.7516021729
606.205810547	83.2821426392
606.495178223	72.9978408813
606.784545898	68.7784729004
607.073974609	68.8568649292
607.363342285	73.349899292
607.652709961	88.0233612061
607.942138672	80.2733840942
608.231506348	55.6919555664
608.520874023	57.6986656189
608.810302734	39.1073799133
609.09967041	4.85652065277
609.389038086	59.2660636902
609.678466797	60.7741394043
609.967834473	50.5599021912
610.257263184	68.0337982178
610.546630859	62.1979827881
610.835998535	78.0232925415
611.125427246	76.3055419922
611.414794922	50.1860313416
611.704162598	40.5694503784
611.993591309	47.6773834229
612.282958984	47.8567008972
612.57232666	40.5789871216
612.861755371	37.4571800232
613.151123047	50.5547103882
613.440490723	36.4679145813
613.729919434	60.3876152039
614.019287109	50.4587783813
614.308654785	40.9327735901
614.598083496	49.3297653198
614.887451172	37.5747566223
615.176818848	47.1813240051
615.466247559	66.116645813
615.755615234	60.5427894592
616.045043945	37.5577011108
616.334411621	14.7582597733
616.623779297	15.27693367
616.913208008	42.6526870728
617.202575684	27.1113014221
617.491943359	47.5818786621
617.78137207	25.3946418762
618.070739746	55.5500335693
618.360107422	56.6763763428
618.649536133	52.6375770569
618.938903809	39.7783203125
619.228271484	14.6607637405
619.517700195	26.9481372833
619.807067871	34.4858551025
620.096435547	47.5594596863
620.385864258	43.5604553223
620.675231934	46.108669281
620.964660645	60.4780731201
621.25402832	37.2672538757
621.543395996	22.7358798981
621.832824707	36.551574707
622.122192383	38.760433197
622.411560059	27.2673873901
622.70098877	18.1577892303
622.990356445	33.8700675964
623.279724121	27.0982112885
623.569152832	34.7102928162
623.858520508	48.7375106812
624.147888184	26.8135566711
624.437316895	25.8689975739
624.72668457	31.6659908295
625.016052246	27.7276344299
625.305480957	20.505241394
625.594848633	22.4323616028
625.884216309	26.7283802032
626.17364502	13.6248836517
626.463012695	29.0896015167
626.752441406	44.0801010132
627.041809082	26.6378364563
627.331176758	45.2822418213
627.620605469	33.3454933167
627.909973145	-10.6844158173
628.19934082	-8.97238254547
628.488769531	4.05839920044
628.778137207	31.1207733154
629.067504883	34.9971122742
629.356933594	34.9629554749
629.64630127	34.2689819336
629.935668945	33.9067955017
630.225097656	34.4715118408
630.514465332	24.1989250183
630.803833008	5.23102712631
631.093261719	-4.5987868309
631.382629395	30.072719574
631.67199707	20.7622909546
631.961425781	-19.1644477844
632.250793457	13.2201929092
632.540222168	57.1708984375
632.829589844	19.5444698334
633.11895752	8.27694702148
633.40838623	20.5846977234
633.697753906	22.0664424896
633.987121582	21.258392334
634.276550293	17.3857212067
634.565917969	21.7861671448
634.855285645	33.5022850037
635.144714355	33.8320083618
635.434082031	23.3657550812
635.723449707	14.7327547073
636.012878418	19.9650650024
636.302246094	39.115020752
636.59161377	13.0259656906
636.88104248	-31.5996341705
637.170410156	20.1238098145
637.459777832	24.2989139557
637.749206543	6.56320714951
638.038574219	-17.8017272949
638.32800293	2.84147119522
638.617370605	10.1313209534
638.906738281	16.8298625946
639.196166992	12.8287744522
639.485534668	6.08688640594
639.774902344	2.67654085159
640.064331055	2.94840240479
640.35369873	13.5568561554
640.643066406	4.15627574921
640.932495117	3.28092074394
641.221862793	17.5468444824
641.511230469	0.515161335468
641.80065918	11.0616807938
642.090026855	26.5644207001
642.379394531	8.89211368561
642.668823242	-2.74862289429
642.958190918	4.13448858261
643.247558594	-7.02951908112
643.536987305	13.518954277
643.82635498	22.9958152771
644.115783691	14.9502944946
644.405151367	13.6075754166
644.694519043	17.5273094177
644.983947754	26.5218257904
645.27331543	24.0155334473
645.562683105	1.55831313133
645.852111816	38.5430641174
646.141479492	23.130033493
646.430847168	6.70430803299
646.720275879	-1.38711178303
647.009643555	3.38442754745
647.29901123	2.8910741806
647.588439941	0.922701478004
647.877807617	-4.93051528931
648.167175293	2.87495970726
648.456604004	10.8716745377
648.74597168	4.94692516327
649.035339355	2.97920656204
649.324768066	14.2164001465
649.614135742	18.5707035065
649.903564453	4.49344348907
650.192932129	0.711516082287
650.482299805	18.4591293335
650.771728516	11.3872413635
651.061096191	5.41830205917
651.350463867	51.4740219116
651.639892578	20.6206378937
651.929260254	3.11190414429
652.21862793	4.02211523056
652.508056641	13.1098947525
652.797424316	37.3597068787
653.086791992	17.9544868469
653.376220703	24.6584777832
653.665588379	27.3538455963
653.954956055	6.30140972137
654.244384766	-7.72213888168
654.533752441	6.70858001709
654.823181152	21.2153053284
655.112548828	23.2551555634
655.401916504	25.7571620941
655.691345215	29.5153522491
655.980712891	43.7983665466
656.270080566	14.1546230316
656.559509277	33.5468444824
656.848876953	33.4258079529
657.138244629	25.845539093
657.42767334	26.8503112793
657.717041016	16.1892337799
658.006408691	20.8506641388
658.295837402	19.6708660126
658.585205078	15.4980697632
658.874572754	35.1851348877
659.164001465	18.7069988251
659.453369141	29.3042201996
659.742736816	39.5852813721
660.032165527	26.0231590271
660.321533203	27.038351059
660.610961914	36.9952697754
660.90032959	36.7470359802
661.189697266	19.3679389954
661.479125977	21.9945373535
661.768493652	60.5512313843
662.057861328	22.717546463
662.347290039	28.9071331024
662.636657715	15.8461532593
662.926025391	40.8850250244
663.215454102	49.0406761169
663.504821777	40.1396102905
663.794189453	64.91065979
664.083618164	49.1874046326
664.37298584	56.7018623352
664.662353516	63.9084625244
664.951782227	57.8844261169
665.241149902	61.0209541321
665.530517578	62.7966423035
665.819946289	49.3341293335
666.109313965	41.1325263977
666.398742676	56.1202087402
666.688110352	77.3268051147
666.977478027	57.3041534424
667.266906738	45.947353363
667.556274414	39.6034164429
667.84564209	17.966506958
668.135070801	49.968837738
668.424438477	21.375875473
668.713806152	25.5175304413
669.003234863	42.6468162537
669.292602539	57.3221626282
669.581970215	37.9420890808
669.871398926	26.4666385651
670.160766602	33.5746040344
670.450134277	45.8295402527
670.739562988	53.4678573608
671.028930664	48.6749420166
671.31829834	38.9662590027
671.607727051	40.5508651733
671.897094727	50.5238189697
672.186523438	54.9079856873
672.475891113	41.2764472961
672.765258789	58.6722564697
673.0546875	37.852809906
673.344055176	48.800617218
673.633422852	73.4708404541
673.922851563	101.497581482
674.212219238	57.5601387024
674.501586914	50.8726921082
674.791015625	53.9121322632
675.080383301	57.2073516846
675.369750977	46.9356803894
675.659179688	52.2356185913
675.948547363	63.4456329346
676.237915039	55.4193191528
676.52734375	61.4651069641
676.816711426	56.7439727783
677.106079102	28.5484695435
677.395507813	50.0119819641
677.684875488	58.3521232605
677.974304199	52.2453231812
678.263671875	35.940448761
678.553039551	29.8167228699
678.842468262	58.0578231812
679.131835938	76.1875152588
679.421203613	59.1057853699
679.710632324	38.7250595093
680	48.3610992432
680.289367676	31.7866916656
680.578796387	33.0338935852
680.868164063	58.932144165
681.157531738	51.6389846802
681.446960449	39.6498603821
681.736328125	38.1894645691
682.025695801	54.3064651489
682.315124512	56.0319404602
682.604492188	44.8794059753
682.893920898	57.919090271
683.183288574	63.0761260986
683.47265625	59.073009491
683.762084961	48.8148422241
684.051452637	36.4662628174
684.340820313	34.9426345825
684.630249023	40.3966255188
684.919616699	25.8913097382
685.208984375	28.6245193481
685.498413086	45.5067329407
685.787780762	48.1452140808
686.077148438	38.7180252075
686.366577148	26.1703052521
686.655944824	60.1376457214
686.9453125	72.838142395
687.234741211	68.5912017822
687.524108887	55.8578605652
687.813476563	51.4121131897
688.102905273	48.8167877197
688.392272949	39.3891067505
688.68170166	23.101398468
688.971069336	20.043592453
689.260437012	47.4000930786
689.549865723	29.6763496399
689.839233398	54.3631706238
690.128601074	35.8976516724
690.418029785	42.816242218
690.707397461	36.5907096863
690.996765137	59.6068763733
691.286193848	36.0598907471
691.575561523	61.1619987488
691.864929199	38.4318275452
692.15435791	36.0547637939
692.443725586	35.5599441528
692.733093262	44.194278717
693.022521973	46.3211212158
693.311889648	34.6063308716
693.601257324	43.0521850586
693.890686035	46.3401603699
694.180053711	37.1827468872
694.469482422	40.8025054932
694.758850098	48.7656974792
695.048217773	37.539188385
695.337646484	11.5644693375
695.62701416	18.1480197906
695.916381836	38.6529579163
696.205810547	81.6447906494
696.495178223	27.2385940552
696.784545898	41.0286903381
697.073974609	40.7441558838
697.363342285	53.1992874146
697.652709961	27.6939716339
697.942138672	46.1709098816
698.231506348	53.1050491333
698.520874023	80.5870361328
698.810302734	58.8491325378
699.09967041	56.7385902405
699.389038086	54.2947998047
699.678466797	57.4646110535
699.967834473	63.3538246155
700.257263184	57.8424835205
700.546630859	60.6228103638
700.835998535	49.9849281311
701.125427246	34.9372062683
701.414794922	50.7778396606
701.704162598	28.2813129425
701.993591309	41.5275382996
702.282958984	20.7248592377
702.57232666	55.2949829102
702.861755371	34.5446281433
703.151123047	35.7082557678
703.440490723	39.8418579102
703.729919434	67.1893997192
704.019287109	35.9189491272
704.308654785	29.2525005341
704.598083496	64.339302063
704.887451172	82.544921875
705.176818848	40.1738853455
705.466247559	54.7399368286
705.755615234	47.3073730469
706.045043945	43.3863639832
706.334411621	41.9496536255
706.623779297	37.0593261719
706.913208008	35.49842453
707.202575684	37.0687904358
707.491943359	57.3537597656
707.78137207	74.4200515747
708.070739746	55.5658607483
708.360107422	54.3996543884
708.649536133	85.7078933716
708.938903809	74.9179077148
709.228271484	43.4035606384
709.517700195	84.6031570435
709.807067871	61.0162963867
710.096435547	95.6398849487
710.385864258	59.5599441528
710.675231934	77.6681518555
710.964660645	56.0904045105
711.25402832	52.1580848694
711.543395996	78.983581543
711.832824707	96.2456741333
712.122192383	130.67980957
712.411560059	92.6740112305
712.70098877	77.4790725708
712.990356445	85.1588134766
713.279724121	84.9762496948
713.569152832	90.1641311646
713.858520508	94.0489501953
714.147888184	83.3483200073
714.437316895	77.3064651489
714.72668457	99.0247802734
715.016052246	95.5831832886
715.305480957	81.0252151489
715.594848633	78.3897705078
715.884216309	67.0985641479
716.17364502	93.1087036133
716.463012695	93.0521240234
716.752441406	54.0266189575
717.041809082	85.2940063477
717.331176758	127.051383972
717.620605469	85.1052322388
717.909973145	69.588684082
718.19934082	83.3926925659
718.488769531	72.7536697388
718.778137207	91.9522094727
719.067504883	92.1133956909
719.356933594	103.658699036
719.64630127	105.765686035
719.935668945	106.575309753
720.225097656	100.799072266
720.514465332	89.098449707
720.803833008	79.2725753784
721.093261719	76.173828125
721.382629395	87.3777389526
721.67199707	82.0062179565
721.961425781	92.2736816406
722.250793457	103.000785828
722.540222168	78.6903762817
722.829589844	71.0856933594
723.11895752	66.1877975464
723.40838623	105.299263
723.697753906	45.9602012634
723.987121582	70.5327682495
724.276550293	80.0570678711
724.565917969	73.5224609375
724.855285645	55.6838912964
725.144714355	47.3532104492
725.434082031	50.2756309509
725.723449707	39.9507331848
726.012878418	30.2916870117
726.302246094	44.4550743103
726.59161377	55.0979499817
726.88104248	52.9337768555
727.170410156	37.5978927612
727.459777832	42.9285163879
727.749206543	56.4718589783
728.038574219	54.6357345581
728.32800293	52.3990516663
728.617370605	43.0184898376
728.906738281	46.6076583862
729.196166992	56.6761474609
729.485534668	51.8060874939
729.774902344	53.665271759
730.064331055	67.0433349609
730.35369873	64.2904586792
730.643066406	58.255115509
730.932495117	43.7266845703
731.221862793	17.7455368042
731.511230469	55.0551643372
731.80065918	36.675655365
732.090026855	24.5746383667
732.379394531	21.55809021
732.668823242	20.3641319275
732.958190918	27.5905056
733.247558594	21.1877288818
733.536987305	24.6026573181
733.82635498	26.0731697083
734.115783691	38.6001586914
734.405151367	24.1678409576
734.694519043	25.219165802
734.983947754	40.783996582
735.27331543	25.114616394
735.562683105	17.4694080353
735.852111816	25.7830181122
736.141479492	17.0230636597
736.430847168	4.49821567535
736.720275879	-11.4567298889
737.009643555	21.3536281586
737.29901123	15.2165250778
737.588439941	13.724568367
737.877807617	66.719543457
738.167175293	24.3148651123
738.456604004	3.50772190094
738.74597168	19.0713024139
739.035339355	20.3399620056
739.324768066	48.0682182312
739.614135742	19.7467899323
739.903564453	18.5124015808
740.192932129	24.9136295319
740.482299805	18.8692989349
740.771728516	7.10024309158
741.061096191	10.6901912689
741.350463867	21.0567512512
741.639892578	12.545750618
741.929260254	24.7672901154
742.21862793	32.8518676758
742.508056641	12.3474588394
742.797424316	9.22231864929
743.086791992	20.8518180847
743.376220703	20.0939903259
743.665588379	23.1448764801
743.954956055	31.035118103
744.244384766	31.0590305328
744.533752441	24.0222682953
744.823181152	30.2571182251
745.112548828	3.36366772652
745.401916504	5.16137933731
745.691345215	13.4391975403
745.980712891	25.2947711945
746.270080566	42.8761749268
746.559509277	44.174987793
746.848876953	14.8030223846
747.138244629	15.739405632
747.42767334	2.31995820999
747.717041016	64.5500411987
748.006408691	45.801612854
748.295837402	29.9119491577
748.585205078	39.993598938
748.874572754	33.7092781067
749.164001465	44.0176124573
749.453369141	26.3990650177
749.742736816	44.5776367188
750.032165527	35.0139007568
750.321533203	9.53085136414
750.610961914	17.0918731689
750.90032959	17.2672710419
751.189697266	29.0715732574
751.479125977	39.6328392029
751.768493652	30.4808444977
752.057861328	43.7709884644
752.347290039	31.1889419556
752.636657715	10.3970546722
752.926025391	19.3851966858
753.215454102	41.6910896301
753.504821777	29.3767414093
753.794189453	47.6146392822
754.083618164	34.5042724609
754.37298584	47.5314788818
754.662353516	40.5967674255
754.951782227	39.4773674011
755.241149902	43.8456382751
755.530517578	15.2478408813
755.819946289	61.0285873413
756.109313965	46.1595535278
756.398742676	35.1038742065
756.688110352	53.1188697815
756.977478027	48.3062324524
757.266906738	43.7090492249
757.556274414	41.9044647217
757.84564209	27.0339641571
758.135070801	9.39772033691
758.424438477	39.245967865
758.713806152	52.7387504578
759.003234863	53.4015769958
759.292602539	49.6526565552
759.581970215	45.1820602417
759.871398926	29.1263809204
760.160766602	30.9380092621
760.450134277	55.8775672913
760.739562988	39.323841095
761.028930664	24.1415729523
761.31829834	44.5323028564
761.607727051	52.6602172852
761.897094727	45.7967987061
762.186523438	15.6822814941
762.475891113	53.4067497253
762.765258789	39.4859580994
763.0546875	41.5447807312
763.344055176	45.4086532593
763.633422852	38.2564163208
763.922851563	28.7673873901
764.212219238	8.48013877869
764.501586914	31.4516773224
764.791015625	26.9196815491
765.080383301	42.1302337646
765.369750977	30.0241394043
765.659179688	24.8808135986
765.948547363	41.7178344727
766.237915039	28.3190116882
766.52734375	35.7696800232
766.816711426	31.7338962555
767.106079102	37.4332199097
767.395507813	28.6370639801
767.684875488	30.7802333832
767.974304199	29.8195266724
768.263671875	27.5508327484
768.553039551	18.6510334015
768.842468262	23.5423774719
769.131835938	26.5888690948
769.421203613	20.3150463104
769.710632324	35.213470459
770	36.4284172058
770.289367676	30.7034244537
770.578796387	10.4141044617
770.868164063	22.7987308502
771.157531738	29.9116287231
771.446960449	32.087638855
771.736328125	27.2356929779
772.025695801	24.1969795227
772.315124512	23.3920326233
772.604492188	11.9045886993
772.893920898	9.06644058228
773.183288574	14.9017496109
773.47265625	12.450925827
773.762084961	21.3185882568
774.051452637	32.3433494568
774.340820313	38.7858390808
774.630249023	20.2113609314
774.919616699	20.0115146637
775.208984375	21.2894496918
775.498413086	28.4078445435
775.787780762	29.8195705414
776.077148438	33.6929664612
776.366577148	25.2915840149
776.655944824	20.1635150909
776.9453125	17.1743621826
777.234741211	24.8503723145
777.524108887	26.6991100311
777.813476563	34.3679161072
778.102905273	24.0190238953
778.392272949	4.46907997131
778.68170166	23.372631073
778.971069336	17.5429019928
779.260437012	20.0874385834
779.549865723	15.4538803101
779.839233398	-1.32457995415
780.128601074	-8.95826435089
780.418029785	6.65597915649
780.707397461	8.50129795074
780.996765137	2.28118777275
781.286193848	11.3385467529
781.575561523	15.0574016571
781.864929199	3.49476146698
782.15435791	5.7662320137
782.443725586	-8.08547019958
782.733093262	-1.93180167675
783.022521973	10.4422082901
783.311889648	16.0165309906
783.601257324	4.88772916794
783.890686035	-15.9550580978
784.180053711	12.2843036652
784.469482422	-1.26244306564
784.758850098	-9.57172870636
785.048217773	7.62606573105
785.337646484	0.348674565554
785.62701416	19.3577480316
785.916381836	5.1099858284
786.205810547	7.42829799652
786.495178223	9.45104312897
786.784545898	-7.62044906616
787.073974609	2.29429841042
787.363342285	7.38149690628
787.652709961	13.9425725937
787.942138672	1.62367773056
788.231506348	8.61688232422
788.520874023	14.0429477692
788.810302734	8.285820961
789.09967041	0.627413988113
789.389038086	-1.08861005306
789.678466797	11.2121238708
789.967834473	2.22022104263
790.257263184	1.87544727325
790.546630859	-14.0605478287
790.835998535	-12.0785732269
791.125427246	22.2043380737
791.414794922	16.5100421906
791.704162598	26.6897716522
791.993591309	9.96828746796
792.282958984	10.7800960541
792.57232666	38.5506439209
792.861755371	28.2947368622
793.151123047	20.6038608551
793.440490723	19.3336372375
793.729919434	18.9080524445
794.019287109	20.97498703
794.308654785	20.154958725
794.598083496	15.6434373856
794.887451172	12.3617401123
795.176818848	17.1913700104
795.466247559	20.1249160767
795.755615234	-1.56718170643
796.045043945	0.935944914818
796.334411621	1.77045798302
796.623779297	-3.04737257957
796.913208008	18.7125892639
797.202575684	30.4758148193
797.491943359	0.0967039391398
797.78137207	34.4079360962
798.070739746	40.1206245422
798.360107422	23.9063072205
798.649536133	-9.83934497833
798.938903809	12.8684597015
799.228271484	35.3941345215
799.517700195	-2.18257284164
799.807067871	20.7344589233
800.096435547	26.3365516663
800.385864258	21.9446582794
800.675231934	20.4136924744
800.964660645	30.1907444
801.25402832	41.3465461731
801.543395996	42.1434631348
801.832824707	42.4105033875
802.122192383	30.8536605835
802.411560059	36.2992591858
802.70098877	38.1673736572
802.990356445	24.856136322
803.279724121	22.3156490326
803.569152832	39.4484138489
803.858520508	55.3883972168
804.147888184	57.4970779419
804.437316895	53.4977645874
804.72668457	47.5622558594
805.016052246	47.3623466492
805.305480957	33.2558555603
805.594848633	50.6487159729
805.884216309	31.9580841064
806.17364502	29.2759075165
806.463012695	26.7752151489
806.752441406	43.7419662476
807.041809082	45.5029907227
807.331176758	44.1299858093
807.620605469	21.3574771881
807.909973145	39.3186988831
808.19934082	-11.2164163589
808.488769531	20.2918376923
808.778137207	52.115852356
809.067504883	25.215013504
809.356933594	26.3880615234
809.64630127	36.6744804382
809.935668945	71.1867294312
810.225097656	40.5028419495
810.514465332	30.7638683319
810.803833008	54.2954025269
811.093261719	40.472114563
811.382629395	32.8212738037
811.67199707	62.5783958435
811.961425781	81.6547622681
812.250793457	72.4348373413
812.540222168	63.426486969
812.829589844	61.0136833191
813.11895752	49.7629928589
813.40838623	43.90259552
813.697753906	36.8345184326
813.987121582	33.2996482849
814.276550293	43.7346572876
814.565917969	44.5401191711
814.855285645	85.2554931641
815.144714355	49.9356193542
815.434082031	59.9810714722
815.723449707	52.9957580566
816.012878418	63.4297943115
816.302246094	47.8421897888
816.59161377	71.5321731567
816.88104248	69.1654205322
817.170410156	27.35247612
817.459777832	64.0419692993
817.749206543	74.6139450073
818.038574219	46.0944519043
818.32800293	18.7071990967
818.617370605	37.5712547302
818.906738281	36.8762245178
819.196166992	57.8102607727
819.485534668	47.0331993103
819.774902344	48.826210022
820.064331055	60.2590255737
820.35369873	68.0981750488
820.643066406	65.6778030396
820.932495117	52.8115463257
821.221862793	58.7002601624
821.511230469	60.9283294678
821.80065918	56.5256919861
822.090026855	73.6487808228
822.379394531	62.4962310791
822.668823242	40.2601013184
822.958190918	55.4935417175
823.247558594	75.9955368042
823.536987305	69.4129638672
823.82635498	67.6417694092
824.115783691	44.6675987244
824.405151367	64.362953186
824.694519043	66.118850708
824.983947754	54.231842041
825.27331543	37.2106399536
825.562683105	20.1928596497
825.852111816	51.7121009827
826.141479492	41.5104789734
826.430847168	78.2859115601
826.720275879	49.049533844
827.009643555	49.2985992432
827.29901123	61.3298912048
827.588439941	56.9138259888
827.877807617	48.1111335754
828.167175293	58.0540466309
828.456604004	47.6943778992
828.74597168	53.4331893921
829.035339355	60.8082275391
829.324768066	41.2630157471
829.614135742	57.6129112244
829.903564453	73.0989456177
830.192932129	60.4061164856
830.482299805	57.2577171326
830.771728516	69.7144546509
831.061096191	73.5047836304
831.350463867	64.6329956055
831.639892578	60.4251861572
831.929260254	58.4613571167
832.21862793	46.9931373596
832.508056641	47.295337677
832.797424316	67.5827331543
833.086791992	44.685798645
833.376220703	34.8039131165
833.665588379	74.5913085938
833.954956055	84.6965713501
834.244384766	72.3159103394
834.533752441	63.6484718323
834.823181152	60.3727874756
835.112548828	42.0332298279
835.401916504	84.9136428833
835.691345215	80.1299057007
835.980712891	54.9231567383
836.270080566	38.8804702759
836.559509277	51.7383346558
836.848876953	51.2400856018
837.138244629	81.750869751
837.42767334	63.5733299255
837.717041016	58.1873817444
838.006408691	54.8983612061
838.295837402	40.0616455078
838.585205078	48.2076797485
838.874572754	34.9223213196
839.164001465	46.1983985901
839.453369141	49.4086418152
839.742736816	67.3000411987
840.032165527	54.8278236389
840.321533203	41.8149261475
840.610961914	49.368347168
840.90032959	60.0365982056
841.189697266	57.5298042297
841.479125977	42.7843933105
841.768493652	56.3198356628
842.057861328	71.852104187
842.347290039	43.9948768616
842.636657715	25.5852508545
842.926025391	31.7281131744
843.215454102	32.828163147
843.504821777	47.271320343
843.794189453	19.31042099
844.083618164	41.0801506042
844.37298584	11.7845363617
844.662353516	52.4166564941
844.951782227	11.8660726547
845.241149902	28.5436019897
845.530517578	46.8371009827
845.819946289	65.3377838135
846.109313965	77.5692749023
846.398742676	53.8282585144
846.688110352	41.4017829895
846.977478027	47.5048522949
847.266906738	41.2262382507
847.556274414	27.0544052124
847.84564209	11.582034111
848.135070801	71.9535675049
848.424438477	23.5991172791
848.713806152	44.5322608948
849.003234863	46.0573616028
849.292602539	32.3210754395
849.581970215	51.2713088989
849.871398926	64.4800033569
850.160766602	68.0056762695
850.450134277	49.8057670593
850.739562988	46.9631919861
851.028930664	47.9412574768
851.31829834	36.7359771729
851.607727051	43.2488708496
851.897094727	43.692024231
852.186523438	30.7593612671
852.475891113	30.015504837
852.765258789	33.164226532
853.0546875	37.9674034119
853.344055176	41.7027931213
853.633422852	41.5561065674
853.922851563	40.2962913513
854.212219238	40.7079544067
854.501586914	59.083240509
854.791015625	35.9684448242
855.080383301	21.9741020203
855.369750977	28.0940151215
855.659179688	41.6904029846
855.948547363	43.51222229
856.237915039	48.3613815308
856.52734375	37.4316482544
856.816711426	16.8965320587
857.106079102	25.0242576599
857.395507813	40.4729423523
857.684875488	42.939289093
857.974304199	32.7910499573
858.263671875	37.1052970886
858.553039551	61.6314620972
858.842468262	55.2310256958
859.131835938	46.6619720459
859.421203613	46.2899436951
859.710632324	34.7620620728
860	25.942035675
860.289367676	16.7279644012
860.578796387	16.3243541718
860.868164063	38.4945602417
861.157531738	19.0966510773
861.446960449	28.1554412842
861.736328125	38.699672699
862.025695801	38.8542518616
862.315124512	10.0128974915
862.604492188	18.9641094208
862.893920898	8.41035175323
863.183288574	26.7551193237
863.47265625	28.9429035187
863.762084961	15.5876312256
864.051452637	19.7905521393
864.340820313	38.8916664124
864.630249023	24.6020698547
864.919616699	22.1477642059
865.208984375	41.7354507446
865.498413086	24.6411647797
865.787780762	15.252289772
866.077148438	15.8043317795
866.366577148	3.20369887352
866.655944824	14.3265419006
866.9453125	24.8761425018
867.234741211	40.2340049744
867.524108887	47.4740371704
867.813476563	32.1469268799
868.102905273	23.8963928223
868.392272949	23.9035129547
868.68170166	25.1183109283
868.971069336	12.9227933884
869.260437012	15.1623363495
869.549865723	16.0331382751
869.839233398	22.7651119232
870.128601074	-14.0766439438
870.418029785	12.8031921387
870.707397461	17.1342868805
870.996765137	11.2380867004
871.286193848	36.402431488
871.575561523	17.5320110321
871.864929199	9.04098415375
872.15435791	58.7287597656
872.443725586	31.1544799805
872.733093262	25.935426712
873.022521973	22.2208576202
873.311889648	-9.81509017944
873.601257324	10.8415880203
873.890686035	38.5874671936
874.180053711	3.51636385918
874.469482422	28.4983272552
874.758850098	7.00779008865
875.048217773	19.7665195465
875.337646484	26.8173313141
875.62701416	-8.90855789185
875.916381836	21.1917247772
876.205810547	25.6033763885
876.495178223	14.7244100571
876.784545898	21.4885101318
877.073974609	14.1855621338
877.363342285	10.001909256
877.652709961	23.5011177063
877.942138672	18.4020271301
878.231506348	-0.287485957146
878.520874023	4.25176143646
878.810302734	19.4656581879
879.09967041	8.00514984131
879.389038086	-9.41434288025
879.678466797	1.58641993999
879.967834473	17.5949058533
880.257263184	12.1027479172
880.546630859	10.8722200394
880.835998535	17.5083904266
881.125427246	16.269651413
881.414794922	16.2710571289
881.704162598	8.5405292511
881.993591309	-0.705534160137
882.282958984	1.15768766403
882.57232666	16.0445919037
882.861755371	27.3029232025
883.151123047	18.1763973236
883.440490723	24.3577346802
883.729919434	18.5840835571
884.019287109	34.3779678345
884.308654785	39.1076469421
884.598083496	18.8159294128
884.887451172	16.9950695038
885.176818848	-8.37095737457
885.466247559	-12.7398233414
885.755615234	19.8089447021
886.045043945	-0.578964054585
886.334411621	27.6326465607
886.623779297	24.0942573547
886.913208008	24.4644050598
887.202575684	41.9951057434
887.491943359	40.0233688354
887.78137207	23.8178310394
888.070739746	23.7486801147
888.360107422	-1.23087131977
888.649536133	26.3182315826
888.938903809	18.1716880798
889.228271484	-11.2309598923
889.517700195	18.993434906
889.807067871	26.5583171844
890.096435547	20.606842041
890.385864258	8.46478271484
890.675231934	17.9962177277
890.964660645	-2.44906449318
891.25402832	-23.2040061951
891.543395996	18.8620948792
891.832824707	8.88580799103
892.122192383	-32.1271896362
892.411560059	-2.85137152672
892.70098877	9.66672515869
892.990356445	12.1903476715
893.279724121	3.20713353157
893.569152832	21.2437858582
893.858520508	4.4685792923
894.147888184	44.2207183838
894.437316895	-6.68672323227
894.72668457	9.30320739746
895.016052246	19.6376209259
895.305480957	9.49458503723
895.594848633	32.4820747375
895.884216309	34.138507843
896.17364502	11.1837053299
896.463012695	16.6228542328
896.752441406	40.3345565796
897.041809082	46.5019760132
897.331176758	41.5299911499
897.620605469	36.3229904175
897.909973145	29.7909507751
898.19934082	30.2769737244
898.488769531	36.7953147888
898.778137207	50.4305114746
899.067504883	39.2580871582
899.356933594	13.686340332
899.64630127	31.9367694855
899.935668945	30.8908119202
900.225097656	5.24972820282
900.514465332	14.1593370438
900.803833008	15.7225093842
901.093261719	16.0623836517
901.382629395	15.9072952271
901.67199707	5.13013601303
901.961425781	-4.62789011002
902.250793457	13.2326459885
902.540222168	14.650645256
902.829589844	5.78486347198
903.11895752	24.3470592499
903.40838623	48.2491912842
903.697753906	33.7701263428
903.987121582	18.0347156525
904.276550293	22.4600391388
904.565917969	23.9079780579
904.855285645	36.1461982727
905.144714355	28.1286506653
905.434082031	24.18816185
905.723449707	33.3931808472
906.012878418	42.651512146
906.302246094	45.5933456421
906.59161377	39.807888031
906.88104248	72.6719284058
907.170410156	35.9548301697
907.459777832	58.819519043
907.749206543	15.2423992157
908.038574219	36.0589904785
908.32800293	44.9872436523
908.617370605	29.9927997589
908.906738281	11.4265775681
909.196166992	4.78622722626
909.485534668	55.7314796448
909.774902344	59.5578384399
910.064331055	20.2746639252
910.35369873	67.7868118286
910.643066406	62.8988113403
910.932495117	43.626625061
911.221862793	53.2439994812
911.511230469	51.148235321
911.80065918	54.9348869324
912.090026855	19.0405406952
912.379394531	48.2062530518
912.668823242	5.18846130371
912.958190918	31.3998279572
913.247558594	39.0147590637
913.536987305	57.3377876282
913.82635498	51.603351593
914.115783691	60.8065071106
914.405151367	39.6924362183
914.694519043	37.9987716675
914.983947754	32.4065170288
915.27331543	45.5744247437
915.562683105	75.2713851929
915.852111816	41.4325523376
916.141479492	28.273311615
916.430847168	50.4978637695
916.720275879	26.0476970673
917.009643555	25.2273254395
917.29901123	26.6076374054
917.588439941	42.8220214844
917.877807617	38.0919837952
918.167175293	31.6632118225
918.456604004	19.1642189026
918.74597168	31.8357906342
919.035339355	46.6196670532
919.324768066	49.2300491333
919.614135742	55.9028396606
919.903564453	58.2410049438
920.192932129	47.9548149109
920.482299805	43.8273124695
920.771728516	68.5731964111
921.061096191	60.1744537354
921.350463867	37.9876251221
921.639892578	34.6644134521
921.929260254	22.8542957306
922.21862793	29.0412483215
922.508056641	13.7321958542
922.797424316	19.4621162415
923.086791992	32.3561019897
923.376220703	52.7423629761
923.665588379	61.3472824097
923.954956055	62.3428268433
924.244384766	75.6927108765
924.533752441	46.6799583435
924.823181152	32.9627037048
925.112548828	64.9760742188
925.401916504	60.9125366211
925.691345215	30.7546062469
925.980712891	35.1727600098
926.270080566	48.0203552246
926.559509277	45.6715087891
926.848876953	35.8164710999
927.138244629	36.9250526428
927.42767334	43.0364112854
927.717041016	51.6874771118
928.006408691	62.8216934204
928.295837402	55.6659622192
928.585205078	44.4056472778
928.874572754	42.0252189636
929.164001465	46.0142631531
929.453369141	38.8257255554
929.742736816	12.4206371307
930.032165527	24.5236949921
930.321533203	47.5800323486
930.610961914	18.7604827881
930.90032959	28.0397205353
931.189697266	38.5923957825
931.479125977	18.8871021271
931.768493652	8.93098831177
932.057861328	19.5193080902
932.347290039	49.4993209839
932.636657715	46.8808517456
932.926025391	30.6444644928
933.215454102	41.5402450562
933.504821777	30.313867569
933.794189453	25.6741600037
934.083618164	24.8331260681
934.37298584	28.9744243622
934.662353516	38.6418457031
934.951782227	50.0710754395
935.241149902	42.131072998
935.530517578	47.7787208557
935.819946289	48.4303627014
936.109313965	33.4207801819
936.398742676	43.8968849182
936.688110352	44.5938453674
936.977478027	42.1711807251
937.266906738	41.0711135864
937.556274414	34.0305252075
937.84564209	36.3166007996
938.135070801	24.8266391754
938.424438477	30.7499198914
938.713806152	35.7147064209
939.003234863	14.5113658905
939.292602539	40.6231231689
939.581970215	22.6347827911
939.871398926	41.4297332764
940.160766602	44.5685920715
940.450134277	21.285572052
940.739562988	9.59175491333
941.028930664	32.7831001282
941.31829834	23.9422225952
941.607727051	29.6026535034
941.897094727	-2.7934024334
942.186523438	20.7520389557
942.475891113	41.0647239685
942.765258789	19.8390769958
943.0546875	14.6481895447
943.344055176	6.19549369812
943.633422852	39.2852783203
943.922851563	16.5079650879
944.212219238	39.9590759277
944.501586914	20.7788410187
944.791015625	49.2373695374
945.080383301	18.5407752991
945.369750977	8.33539390564
945.659179688	20.6703853607
945.948547363	32.7174453735
946.237915039	14.9634790421
946.52734375	18.7877292633
946.816711426	16.3809299469
947.106079102	31.4672966003
947.395507813	40.4634208679
947.684875488	35.9304008484
947.974304199	27.4231090546
948.263671875	13.5744161606
948.553039551	22.4271411896
948.842468262	6.93986606598
949.131835938	-12.7296266556
949.421203613	18.8635749817
949.710632324	12.1592597961
950	1.19289195538
950.289367676	12.5036230087
950.578796387	23.1667404175
950.868164063	12.8798151016
951.157531738	3.32580065727
951.446960449	39.6402854919
951.736328125	4.67196273804
952.025695801	6.3083782196
952.315124512	-19.1481342316
952.604492188	7.49462842941
952.893920898	11.0771780014
953.183288574	11.8808298111
953.47265625	21.4635334015
953.762084961	7.27655267715
954.051452637	10.1314735413
954.340820313	28.8775081635
954.630249023	19.6167964935
954.919616699	8.5410528183
955.208984375	26.0761508942
955.498413086	17.5512771606
955.787780762	5.3600564003
956.077148438	9.2286491394
956.366577148	-9.93391799927
956.655944824	-17.3092212677
956.9453125	27.441696167
957.234741211	3.84944081306
957.524108887	-3.58055019379
957.813476563	-8.01957416534
958.102905273	10.0507688522
958.392272949	3.98210549355
958.68170166	6.35322952271
958.971069336	4.32558202744
959.260437012	0.217124328017
959.549865723	-6.80432939529
959.839233398	0.210015207529
960.128601074	-3.82227087021
960.418029785	0.283960789442
960.707397461	-2.67166519165
960.996765137	-13.8636188507
961.286193848	11.3165874481
961.575561523	-0.314575850964
961.864929199	-8.29363918304
962.15435791	1.75741660595
962.443725586	-4.06954717636
962.733093262	-5.24685287476
963.022521973	-35.1328086853
963.311889648	-5.25982141495
963.601257324	-6.39025163651
963.890686035	-1.26045703888
964.180053711	-5.68831729889
964.469482422	-1.82783567905
964.758850098	5.1735033989
965.048217773	-18.3432235718
965.337646484	3.37321472168
965.62701416	-6.64424514771
965.916381836	-19.082359314
966.205810547	-20.0185089111
966.495178223	-5.03743314743
966.784545898	-14.3825292587
967.073974609	-4.80647182465
967.363342285	-0.606890618801
967.652709961	4.31876468658
967.942138672	-29.0021495819
968.231506348	-32.341632843
968.520874023	-14.2782802582
968.810302734	2.6825428009
969.09967041	-35.8944854736
969.389038086	-23.6184902191
969.678466797	-27.8263683319
969.967834473	-28.0811328888
970.257263184	-30.1120090485
970.546630859	-3.09235858917
970.835998535	-24.7194366455
971.125427246	-16.6292190552
971.414794922	-5.11420869827
971.704162598	-5.34944200516
971.993591309	-8.35321807861
972.282958984	-18.487865448
972.57232666	-9.86811828613
972.861755371	-6.09162092209
973.151123047	-21.7396965027
973.440490723	-11.6878194809
973.729919434	-22.4469661713
974.019287109	-29.3113498688
974.308654785	-36.9909210205
974.598083496	-31.5220394135
974.887451172	-29.3173313141
975.176818848	-38.0830841064
975.466247559	-42.5729408264
975.755615234	-45.0767288208
976.045043945	-28.5997943878
976.334411621	-29.7022151947
976.623779297	-30.8046360016
976.913208008	-31.9072875977
977.202575684	-33.0097084045
977.491943359	-19.1521682739
977.78137207	-20.3158569336
978.070739746	-0.732487022877
978.360107422	-4.46869659424
978.649536133	-33.4634399414
978.938903809	-33.5636634827
979.228271484	-1.17780268192
979.517700195	2.92706370354
979.807067871	-14.6521635056
980.096435547	-15.8693304062
980.385864258	-20.2144145966
980.675231934	-14.089053154
980.964660645	-27.0576725006
981.25402832	-37.6473999023
981.543395996	-27.0081195831
981.832824707	-22.7279605865
982.122192383	-37.4937095642
982.411560059	-38.3212280273
982.70098877	-29.3106021881
982.990356445	-16.8829936981
983.279724121	-17.4077777863
983.569152832	-28.1742477417
983.858520508	-6.73394441605
984.147888184	-37.5858764648
984.437316895	-46.1751022339
984.72668457	-35.0497398376
985.016052246	-27.5017700195
985.305480957	-7.0658493042
985.594848633	-20.555721283
985.884216309	-37.3788452148
986.17364502	-31.0147018433
986.463012695	-25.301448822
986.752441406	-15.0752439499
987.041809082	-15.6466588974
987.331176758	-12.391169548
987.620605469	-27.4745349884
987.909973145	-34.2371139526
988.19934082	-32.278011322
988.488769531	-12.0945301056
988.778137207	-20.6649684906
989.067504883	-17.1528873444
989.356933594	3.16389346123
989.64630127	-15.3252458572
989.935668945	-50.1425094604
990.225097656	-36.1814422607
990.514465332	-19.812915802
990.803833008	-22.2224655151
991.093261719	-47.8597869873
991.382629395	-27.7837409973
991.67199707	-17.3248825073
991.961425781	-32.6335906982
992.250793457	-22.8085212708
992.540222168	-11.9719648361
992.829589844	-24.0836639404
993.11895752	-13.2778806686
993.40838623	-17.3678379059
993.697753906	-4.44975137711
993.987121582	-4.59514093399
994.276550293	-23.9292392731
994.565917969	-3.67423820496
994.855285645	-19.5601062775
995.144714355	2.36067795753
995.434082031	4.00361871719
995.723449707	-26.9308338165
996.012878418	-18.1487216949
996.302246094	-12.8453798294
996.59161377	-34.8374481201
996.88104248	-8.41373538971
997.170410156	-69.7715301514
997.459777832	-18.6461639404
997.749206543	-35.8166885376
998.038574219	-42.7215995789
998.32800293	6.18038606644
998.617370605	-18.345375061
998.906738281	-47.1477470398
999.196166992	-21.4613380432
999.485534668	-11.6748418808
999.774902344	1.82454395294
1000.06433105	-12.3877286911
1000.35369873	13.7249383926
1000.64306641	-7.35795068741
1000.93249512	-7.30410957336
1001.22186279	-26.5469112396
1001.51123047	-23.1459140778
1001.80065918	-35.2229309082
1002.09002686	-25.9816036224
1002.37939453	-18.8306064606
1002.66882324	-17.6112384796
1002.95819092	15.1525526047
1003.24755859	21.685874939
1003.5369873	-36.2195129395
1003.82635498	-8.76089859009
1004.11578369	15.9352760315
1004.40515137	0.61532586813
1004.69451904	13.3376121521
1004.98394775	-14.3685569763
1005.27331543	-9.3362121582
1005.56268311	-9.63809490204
1005.85211182	3.49484729767
1006.14147949	-5.38052272797
1006.43084717	11.6166658401
1006.72027588	17.5079097748
1007.00964355	-1.06887674332
1007.29901123	18.9556560516
1007.58843994	-0.645776808262
1007.87780762	0.267427504063
1008.16717529	2.02291703224
1008.456604	-5.75942373276
1008.74597168	-4.98464727402
1009.03533936	-3.35366940498
1009.32476807	-11.5886468887
1009.61413574	-22.7003440857
1009.90356445	-10.0061235428
1010.19293213	-2.88832902908
1010.4822998	-3.2441675663
1010.77172852	-3.99184036255
1011.06109619	8.08347320557
1011.35046387	8.01791763306
1011.63989258	9.67478561401
1011.92926025	18.0186538696
1012.21862793	16.1322975159
1012.50805664	10.813580513
1012.79742432	7.37302494049
1013.08679199	11.0735826492
1013.3762207	-4.63160943985
1013.66558838	-11.7735805511
1013.95495605	14.909538269
1014.24438477	26.5967178345
1014.53375244	22.1630973816
1014.82318115	9.98455524445
1015.11254883	8.57266330719
1015.4019165	19.6422176361
1015.69134521	23.3564968109
1015.98071289	16.5366458893
1016.27008057	9.9274892807
1016.55950928	8.58878993988
1016.84887695	30.3311958313
1017.13824463	30.2481613159
1017.42767334	49.1548233032
1017.71704102	41.6352653503
1018.00640869	15.8232278824
1018.2958374	31.8519592285
1018.58520508	31.3302059174
1018.87457275	38.0564956665
1019.16400146	36.9651107788
1019.45336914	55.8410644531
1019.74273682	38.9001197815
1020.03216553	30.0035572052
1020.3215332	32.2386398315
1020.61096191	39.2490615845
1020.90032959	58.9216423035
1021.18969727	35.0295257568
1021.47912598	39.5382385254
1021.76849365	42.6532020569
1022.05786133	62.756690979
1022.34729004	62.9201889038
1022.63665771	46.8354454041
1022.92602539	56.0920143127
1023.2154541	60.000629425
1023.50482178	68.186882019
1023.79418945	59.9917869568
1024.08361816	64.3359451294
1024.37304688	86.0844039917
1024.66235352	77.2489852905
1024.95178223	79.9520339966
1025.24121094	79.6726608276
1025.53051758	70.3069610596
1025.81994629	86.8718261719
1026.109375	88.5953826904
1026.39868164	66.5651321411
1026.68811035	86.8716964722
1026.97753906	110.318397522
1027.2668457	105.145080566
1027.55627441	109.14402771
1027.84570313	141.791900635
1028.13500977	118.848075867
1028.42443848	114.581886292
1028.71386719	145.309356689
1029.00317383	161.024215698
1029.29260254	158.712615967
1029.58203125	151.534805298
1029.87133789	170.616867065
1030.1607666	159.049407959
1030.45019531	164.562515259
1030.73950195	192.331085205
1031.02893066	188.828079224
1031.31835938	205.237670898
1031.60766602	212.069244385
1031.89709473	208.026199341
1032.18652344	218.031494141
1032.47583008	213.198501587
1032.76525879	228.525085449
1033.0546875	236.244247437
1033.34399414	237.685195923
1033.63342285	239.287658691
1033.92285156	290.251434326
1034.2121582	301.274902344
1034.50158691	310.444763184
1034.79101563	319.251312256
1035.08044434	320.511016846
1035.36975098	334.253234863
1035.65917969	357.154998779
1035.9486084	357.220367432
1036.23791504	374.325836182
1036.52734375	389.825775146
1036.81677246	428.068359375
1037.1060791	450.375030518
1037.39550781	474.114715576
1037.68493652	503.930541992
1037.97424316	529.478393555
1038.26367188	564.66973877
1038.55310059	596.668212891
1038.84240723	648.719970703
1039.13183594	692.897155762
1039.42126465	724.498168945
1039.71057129	775.44934082
1040	832.538635254
1040.28942871	903.087890625
1040.57873535	959.920898438
1040.86816406	1003.01361084
1041.15759277	1093.52868652
1041.44689941	1190.23474121
1041.73632813	1283.31176758
1042.02575684	1359.80981445
1042.31506348	1435.48217773
1042.60449219	1546.87902832
1042.8939209	1685.1270752
1043.18322754	1813.87756348
1043.47265625	1953.74511719
1043.76208496	2125.98730469
1044.0513916	2270.28466797
1044.34082031	2405.86767578
1044.63024902	2583.10229492
1044.91955566	2769.86645508
1045.20898438	2955.02563477
1045.49841309	3163.82202148
1045.7878418	3375.58837891
1046.07714844	3561.3972168
1046.36657715	3737.8828125
1046.65600586	3907.2578125
1046.9453125	4103.23730469
1047.23474121	4285.87158203
1047.52416992	4417.99707031
1047.81347656	4546.27539063
1048.10290527	4654.22021484
1048.39233398	4720.17724609
1048.68164063	4754.29931641
1048.97106934	4770.96191406
1049.26049805	4781.58935547
1049.54980469	4739.17529297
1049.8392334	4678.72753906
1050.12866211	4578.90673828
1050.41796875	4466.41162109
1050.70739746	4277.15136719
1050.99682617	4127.30810547
1051.28613281	3907.5949707
1051.57556152	3729.98803711
1051.86499023	3531.60473633
1052.15429688	3348.44116211
1052.44372559	3101.64770508
1052.7331543	2882.73925781
1053.02246094	2702.77587891
1053.31188965	2528.37255859
1053.60131836	2328.88818359
1053.890625	2154.04101563
1054.18005371	2012.79382324
1054.46948242	1821.03393555
1054.75878906	1699.60192871
1055.04821777	1574.36547852
1055.33764648	1449.15490723
1055.62695313	1323.45715332
1055.91638184	1225.15148926
1056.20581055	1193.1484375
1056.49511719	1066.21728516
1056.7845459	987.403320313
1057.07397461	913.99987793
1057.36340332	839.656066895
1057.65270996	835.290893555
1057.94213867	733.303955078
1058.23156738	674.573913574
1058.52087402	665.849304199
1058.81030273	610.339477539
1059.09973145	585.112854004
1059.38903809	528.276428223
1059.6784668	509.946777344
1059.96789551	488.465270996
1060.25720215	479.138122559
1060.54663086	429.938354492
1060.83605957	417.733184814
1061.12536621	396.54864502
1061.41479492	340.475830078
1061.70422363	314.058746338
1061.99353027	333.621276855
1062.28295898	284.375091553
1062.5723877	262.66506958
1062.86169434	254.112350464
1063.15112305	251.88961792
1063.44055176	227.412002563
1063.7298584	231.819747925
1064.01928711	210.606781006
1064.30871582	225.938247681
1064.59802246	183.033004761
1064.88745117	197.551483154
1065.17687988	168.599258423
1065.46618652	181.3644104
1065.75561523	169.472732544
1066.04504395	147.144042969
1066.33435059	127.559104919
1066.6237793	135.93598938
1066.91320801	148.901245117
1067.20251465	128.243057251
1067.49194336	92.7737503052
1067.78137207	95.7521896362
1068.07067871	113.036392212
1068.36010742	127.210144043
1068.64953613	112.492294312
1068.93896484	86.3755187988
1069.22827148	81.9917526245
1069.5177002	92.3393325806
1069.80712891	95.7206039429
1070.09643555	76.0824432373
1070.38586426	83.3318786621
1070.67529297	104.571060181
1070.96459961	85.2356338501
1071.25402832	61.0983505249
1071.54345703	57.4669265747
1071.83276367	58.5807189941
1072.12219238	56.1070098877
1072.41162109	77.986328125
1072.70092773	68.4209213257
1072.99035645	46.6786613464
1073.27978516	39.2879600525
1073.5690918	42.6224555969
1073.85852051	42.4451332092
1074.14794922	32.9011116028
1074.43725586	20.6252555847
1074.72668457	35.5753746033
1075.01611328	24.8458061218
1075.30541992	43.7061805725
1075.59484863	37.5854988098
1075.88427734	-10.038599968
1076.17358398	15.5737295151
1076.4630127	-6.24665975571
1076.75244141	51.0472106934
1077.04174805	33.5858078003
1077.33117676	18.8205947876
1077.62060547	20.6808700562
1077.90991211	31.3642997742
1078.19934082	13.8088970184
1078.48876953	-18.5819549561
1078.77807617	0.397117614746
1079.06750488	0.309977054596
1079.35693359	40.6574058533
1079.6463623	23.6474151611
1079.93566895	17.7187728882
1080.22509766	41.0769424438
1080.51452637	17.2422447205
1080.80383301	19.74426651
1081.09326172	4.92128658295
1081.38269043	24.7980136871
1081.67199707	21.5959339142
1081.96142578	27.2290077209
1082.25085449	-16.1261997223
1082.54016113	2.16049027443
1082.82958984	-0.762099564075
1083.11901855	1.53406071663
1083.4083252	17.0409660339
1083.69775391	11.7194499969
1083.98718262	0.0590668842196
1084.27648926	4.86431121826
1084.56591797	11.8660373688
1084.85534668	13.7959871292
1085.14465332	21.7198829651
1085.43408203	19.7987594604
1085.72351074	23.728219986
1086.01281738	17.8181324005
1086.30224609	11.499546051
1086.5916748	12.8103551865
1086.88098145	3.93493533134
1087.17041016	15.524064064
1087.45983887	11.9603614807
1087.74914551	-5.29835939407
1088.03857422	4.72826957703
1088.32800293	4.97316026688
1088.61730957	0.647057056427
1088.90673828	3.36411571503
1089.19616699	0.308225214481
1089.48547363	5.06024694443
1089.77490234	26.7275009155
1090.06433105	26.3986606598
1090.3536377	-2.21357512474
1090.64306641	5.43854236603
1090.93249512	-13.5485010147
1091.22192383	18.9610385895
1091.51123047	15.2350330353
1091.80065918	22.2367591858
1092.09008789	-4.33622074127
1092.37939453	8.46169948578
1092.66882324	-5.82661342621
1092.95825195	-5.13201570511
1093.24755859	15.5072135925
1093.5369873	-5.91488838196
1093.82641602	8.36564731598
1094.11572266	3.90087175369
1094.40515137	36.0803337097
1094.69458008	50.0161399841
1094.98388672	18.3082027435
1095.27331543	-2.92151641846
1095.56274414	3.47620630264
1095.85205078	-5.28300237656
1096.14147949	-5.38723278046
1096.4309082	-24.4387283325
1096.72021484	-26.341003418
1097.00964355	21.3741016388
1097.29907227	-2.76577353477
1097.58837891	-2.13728690147
1097.87780762	-25.7493305206
1098.16723633	12.7733926773
1098.45654297	39.2939682007
1098.74597168	24.9187431335
1099.03540039	3.33941459656
1099.32470703	10.2701473236
1099.61413574	7.71962785721
1099.90356445	23.6588554382
1100.19287109	37.034412384
1100.4822998	30.5341854095
1100.77172852	14.6384506226
1101.06103516	8.68637084961
1101.35046387	11.1446399689
1101.63989258	1.31335914135
1101.92932129	0.78041779995
1102.21862793	-32.1604309082
1102.50805664	-34.9687652588
1102.79748535	-13.4943809509
1103.08679199	16.9710197449
1103.3762207	-6.77627706528
1103.66564941	30.2322864532
1103.95495605	45.5927047729
1104.24438477	19.8473625183
1104.53381348	-4.23977851868
1104.82312012	-31.2016239166
1105.11254883	-19.2516555786
1105.40197754	11.8955793381
1105.69128418	5.10219097137
1105.98071289	11.5033311844
1106.2701416	-21.6712112427
1106.55944824	24.1999511719
1106.84887695	30.2563648224
1107.13830566	12.7317247391
1107.4276123	-7.59730863571
1107.71704102	-6.13171482086
1108.00646973	9.24012947083
1108.29577637	16.2909793854
1108.58520508	37.1911430359
1108.87463379	11.4916982651
1109.16394043	6.52008676529
1109.45336914	22.7146854401
1109.74279785	27.4703178406
1110.03210449	-4.73811006546
1110.3215332	1.42181956768
1110.61096191	14.2970809937
1110.90026855	13.761505127
1111.18969727	6.99028301239
1111.47912598	-7.27166223526
1111.76843262	-10.0220823288
1112.05786133	5.83901977539
1112.34729004	21.4427967072
1112.63659668	30.193353653
1112.92602539	16.389415741
1113.2154541	-12.4887399673
1113.50488281	13.0764636993
1113.79418945	22.9505558014
1114.08361816	22.6265983582
1114.37304688	1.56387197971
1114.66235352	5.5956788063
1114.95178223	9.24877262115
1115.24121094	12.8647575378
1115.53051758	19.2588691711
1115.81994629	-4.87221717834
1116.109375	-24.8636550903
1116.39868164	27.110534668
1116.68811035	3.80610918999
1116.97753906	-3.12722277641
1117.2668457	9.49296283722
1117.55627441	8.83795166016
1117.84570313	-22.0529003143
1118.13500977	23.5135746002
1118.42443848	-12.2454404831
1118.71386719	10.0014028549
1119.00317383	4.16699886322
1119.29260254	11.3279056549
1119.58203125	24.0093193054
1119.87133789	-0.368541777134
1120.1607666	27.9427547455
1120.45019531	12.1056146622
1120.73950195	15.6017770767
1121.02893066	-31.0717887878
1121.31835938	-11.5451602936
1121.60766602	2.75666594505
1121.89709473	9.03427124023
1122.18652344	7.24302959442
1122.47583008	8.30169200897
1122.76525879	9.92597675323
1123.0546875	7.42330884933
1123.34399414	18.8193740845
1123.63342285	7.30791664124
1123.92285156	15.0845460892
1124.2121582	33.0226020813
1124.50158691	19.0018692017
1124.79101563	0.342950373888
1125.08044434	9.59077072144
1125.36975098	-8.01560592651
1125.65917969	8.55496788025
1125.9486084	-1.11127376556
1126.23791504	-4.88073635101
1126.52734375	2.08974003792
1126.81677246	7.09781455994
1127.1060791	16.8415355682
1127.39550781	26.890625
1127.68493652	16.0754566193
1127.97424316	-20.0167598724
1128.26367188	-20.2152271271
1128.55310059	-1.11877465248
1128.84240723	-15.3643112183
1129.13183594	-12.4617061615
1129.42126465	-5.5053896904
1129.71057129	-16.3837394714
1130	5.68146419525
1130.28942871	-25.4017696381
1130.57873535	12.9518136978
1130.86816406	-0.0943108424544
1131.15759277	-20.4836978912
1131.44689941	-19.4323596954
1131.73632813	-27.6762390137
1132.02575684	-19.9557609558
1132.31506348	-9.49524402618
1132.60449219	-18.0862903595
1132.8939209	15.282623291
1133.18322754	26.3627700806
1133.47265625	3.90551257133
1133.76208496	-28.9433460236
1134.0513916	-27.3050937653
1134.34082031	-9.89907073975
1134.63024902	-25.1112117767
1134.91955566	0.897157609463
1135.20898438	8.44282913208
1135.49841309	15.3415288925
1135.7878418	-6.17481088638
1136.07714844	1.07428109646
1136.36657715	14.2801094055
1136.65600586	1.03476560116
1136.9453125	22.1388378143
1137.23474121	24.9286499023
1137.52416992	-2.72001338005
1137.81347656	-4.21652698517
1138.10290527	14.656293869
1138.39233398	0.1995241642
1138.68164063	21.7938308716
1138.97106934	-2.00424695015
1139.26049805	-13.8267393112
1139.54980469	-20.8779392242
1139.8392334	-1.85619401932
1140.12866211	-6.69528770447
1140.41796875	6.04013252258
1140.70739746	2.79478883743
1140.99682617	6.13489437103
1141.28613281	3.46259951591
1141.57556152	-12.1821584702
1141.86499023	-9.19996261597
1142.15429688	-12.1627845764
1142.44372559	-9.45451545715
1142.7331543	12.9334421158
1143.02246094	4.7557759285
1143.31188965	14.0846509933
1143.60131836	14.0414562225
1143.890625	10.7758998871
1144.18005371	25.6453018188
1144.46948242	9.14263439178
1144.75878906	-2.094602108
1145.04821777	21.3412055969
1145.33764648	23.2989883423
1145.62695313	6.101790905
1145.91638184	0.331544786692
1146.20581055	28.1355171204
1146.49511719	10.1487693787
1146.7845459	26.9835033417
1147.07397461	1.58532845974
1147.36340332	-6.77280807495
1147.65270996	40.4870262146
1147.94213867	-17.7646656036
1148.23156738	-19.6843261719
1148.52087402	17.3753128052
1148.81030273	5.53231334686
1149.09973145	16.1800365448
1149.38903809	-3.34919214249
1149.6784668	13.6613235474
1149.96789551	15.4198865891
1150.25720215	12.7178058624
1150.54663086	-9.51484203339
1150.83605957	-1.15764665604
1151.12536621	13.0177145004
1151.41479492	14.5580158234
1151.70422363	24.5968513489
1151.99353027	23.1359825134
1152.28295898	13.9804830551
1152.5723877	10.3122873306
1152.86169434	31.9900913239
1153.15112305	14.5665245056
1153.44055176	5.48524284363
1153.7298584	69.537071228
1154.01928711	15.3498315811
1154.30871582	17.5400352478
1154.59802246	-21.1932945251
1154.88745117	-17.1725254059
1155.17687988	30.3052749634
1155.46618652	20.5699920654
1155.75561523	13.9662494659
1156.04504395	-14.5129804611
1156.33435059	51.432888031
1156.6237793	2.93070912361
1156.91320801	-8.86492729187
1157.20251465	2.35340285301
1157.49194336	8.79878139496
1157.78137207	8.55377292633
1158.07067871	15.2060728073
1158.36010742	-10.9964542389
1158.64953613	12.78881073
1158.93896484	26.9144077301
1159.22827148	30.0588951111
1159.5177002	16.6483612061
1159.80712891	35.6142883301
1160.09643555	33.3832893372
1160.38586426	13.5625972748
1160.67529297	29.8786239624
1160.96459961	16.4171543121
1161.25402832	9.24783039093
1161.54345703	28.0794830322
1161.83276367	16.2210407257
1162.12219238	33.1010322571
1162.41162109	39.0249710083
1162.70092773	0.072777569294
1162.99035645	64.7638015747
1163.27978516	8.04858207703
1163.5690918	66.7355499268
1163.85852051	19.6770648956
1164.14794922	14.4511003494
1164.43725586	6.35681819916
1164.72668457	6.96825551987
1165.01611328	1.26231026649
1165.30541992	31.3565044403
1165.59484863	4.12712144852
1165.88427734	37.1965675354
1166.17358398	7.81126880646
1166.4630127	14.3206558228
1166.75244141	9.70992469788
1167.04174805	22.6849784851
1167.33117676	18.0083293915
1167.62060547	-4.76841592789
1167.90991211	5.81308269501
1168.19934082	41.8234443665
1168.48876953	54.7864456177
1168.77807617	38.1931419373
1169.06750488	24.4974479675
1169.35693359	26.486328125
1169.6463623	55.0801887512
1169.93566895	53.3711585999
1170.22509766	36.5890426636
1170.51452637	21.0056552887
1170.80383301	51.2800254822
1171.09326172	-4.24183893204
1171.38269043	36.6176452637
1171.67199707	48.2372283936
1171.96142578	54.1972999573
1172.25085449	30.6061019897
1172.54016113	45.1485366821
1172.82958984	40.6354637146
1173.11901855	61.6448516846
1173.4083252	53.556427002
1173.69775391	39.7372016907
1173.98718262	20.1049861908
1174.27648926	28.8275985718
1174.56591797	51.3872756958
1174.85534668	46.408870697
1175.14465332	55.7789459229
1175.43408203	43.7790527344
1175.72351074	50.8372688293
1176.01281738	32.940738678
1176.30224609	53.0477828979
1176.5916748	75.1626358032
1176.88098145	52.2631797791
1177.17041016	35.2349700928
1177.45983887	36.609588623
1177.74914551	26.7404060364
1178.03857422	49.4944190979
1178.32800293	-3.76767683029
1178.61730957	20.2562046051
1178.90673828	54.8007469177
1179.19616699	24.5205841064
1179.48547363	42.5820617676
1179.77490234	37.8258247375
1180.06433105	52.795173645
1180.3536377	48.5231552124
1180.64306641	54.8030509949
1180.93249512	71.1942749023
1181.22192383	63.4360809326
1181.51123047	38.0976600647
1181.80065918	36.5840950012
1182.09008789	53.8630142212
1182.37939453	62.7887496948
1182.66882324	65.8235244751
1182.95825195	41.5941467285
1183.24755859	52.7513275146
1183.5369873	32.1264381409
1183.82641602	73.3452987671
1184.11572266	58.1675186157
1184.40515137	64.0289535522
1184.69458008	56.9777946472
1184.98388672	81.4001159668
1185.27331543	53.8216094971
1185.56274414	33.0531654358
1185.85205078	72.0389633179
1186.14147949	40.9233474731
1186.4309082	61.0645713806
1186.72021484	61.704662323
1187.00964355	55.9039916992
1187.29907227	48.8914031982
1187.58837891	48.3884315491
1187.87780762	33.8709602356
1188.16723633	39.5146255493
1188.45654297	40.5341148376
1188.74597168	43.2104911804
1189.03540039	37.7550354004
1189.32470703	80.184677124
1189.61413574	68.2731704712
1189.90356445	37.0633163452
1190.19287109	50.3401260376
1190.4822998	54.2904319763
1190.77172852	37.0283317566
1191.06103516	52.3354187012
1191.35046387	25.3252735138
1191.63989258	57.6012611389
1191.92932129	30.1580123901
1192.21862793	63.6325759888
1192.50805664	59.3245811462
1192.79748535	56.4321136475
1193.08679199	57.2040405273
1193.3762207	59.0273933411
1193.66564941	44.9479103088
1193.95495605	65.5147628784
1194.24438477	60.0939712524
1194.53381348	49.9153709412
1194.82312012	53.7527313232
1195.11254883	60.751373291
1195.40197754	64.2070465088
1195.69128418	52.5136451721
1195.98071289	65.0777206421
1196.2701416	55.4323234558
1196.55944824	79.5909729004
1196.84887695	87.5998687744
1197.13830566	74.3070068359
1197.4276123	26.6321601868
1197.71704102	63.9647903442
1198.00646973	34.3589401245
1198.29577637	42.6460075378
1198.58520508	58.6666221619
1198.87463379	70.1945648193
1199.16394043	68.0280151367
1199.45336914	58.3611335754
1199.74279785	53.8402481079
1200.03210449	50.3904953003
1200.3215332	47.2480278015
1200.61096191	23.2398357391
1200.90026855	21.7808074951
1201.18969727	50.7833595276
1201.47912598	34.1154975891
1201.76843262	51.4601821899
1202.05786133	81.4226913452
1202.34729004	74.2055130005
1202.63659668	56.9828147888
1202.92602539	60.4878082275
1203.2154541	58.2447547913
1203.50488281	45.005115509
1203.79418945	64.5729446411
1204.08361816	58.2825279236
1204.37304688	63.5760917664
1204.66235352	44.7567138672
1204.95178223	58.5746917725
1205.24121094	61.6915016174
1205.53051758	56.2441902161
1205.81994629	57.5929336548
1206.109375	59.2839622498
1206.39868164	57.3478813171
1206.68811035	59.9681091309
1206.97753906	54.1239776611
1207.2668457	56.3973731995
1207.55627441	72.9082260132
1207.84570313	70.2491531372
1208.13500977	46.5904197693
1208.42443848	44.4572257996
1208.71386719	68.0642700195
1209.00317383	59.7619781494
1209.29260254	55.6522254944
1209.58203125	47.1918869019
1209.87133789	48.0570755005
1210.1607666	68.6030807495
1210.45019531	54.3351249695
1210.73950195	63.1593017578
1211.02893066	63.657459259
1211.31835938	81.916847229
1211.60766602	51.8225631714
1211.89709473	59.9564590454
1212.18652344	56.1162376404
1212.47583008	43.9199028015
1212.76525879	53.611907959
1213.0546875	53.425983429
1213.34399414	48.0465431213
1213.63342285	48.9597396851
1213.92285156	52.137096405
1214.2121582	57.6043357849
1214.50158691	19.472120285
1214.79101563	45.5361938477
1215.08044434	65.7750701904
1215.36975098	53.2896766663
1215.65917969	37.8972091675
1215.9486084	48.116558075
1216.23791504	64.7542114258
1216.52734375	59.0453338623
1216.81677246	63.0527648926
1217.1060791	41.1464729309
1217.39550781	44.7588882446
1217.68493652	46.1466903687
1217.97424316	51.7340507507
1218.26367188	41.8591575623
1218.55310059	47.8538970947
1218.84240723	38.4246520996
1219.13183594	48.3153877258
1219.42126465	43.1382522583
1219.71057129	41.4697494507
1220	58.3560905457
1220.28942871	32.7507324219
1220.57873535	54.6857452393
1220.86816406	62.565738678
1221.15759277	40.1385993958
1221.44689941	36.7948074341
1221.73632813	58.7910079956
1222.02575684	43.9556694031
1222.31506348	33.4712486267
1222.60449219	38.3175506592
1222.8939209	38.2668800354
1223.18322754	44.9064826965
1223.47265625	48.0032730103
1223.76208496	35.9286766052
1224.0513916	45.8929862976
1224.34082031	35.7632141113
1224.63024902	39.0118560791
1224.91955566	42.4507789612
1225.20898438	42.6051826477
1225.49841309	40.5315628052
1225.7878418	36.1376304626
1226.07714844	29.2669792175
1226.36657715	52.833984375
1226.65600586	43.92735672
1226.9453125	40.2700843811
1227.23474121	46.5304489136
1227.52416992	34.6272354126
1227.81347656	39.6945762634
1228.10290527	34.6731987
1228.39233398	40.9345397949
1228.68164063	32.2870330811
1228.97106934	40.1211280823
1229.26049805	27.8502426147
1229.54980469	40.9678726196
1229.8392334	38.4435691833
1230.12866211	34.7942657471
1230.41796875	36.0442199707
1230.70739746	31.3001880646
1230.99682617	25.7407283783
1231.28613281	38.8832626343
1231.57556152	26.4229221344
1231.86499023	48.869808197
1232.15429688	22.3360729218
1232.44372559	18.8542480469
1232.7331543	4.74888944626
1233.02246094	34.4221839905
1233.31188965	24.5092086792
1233.60131836	43.2012138367
1233.890625	32.3779258728
1234.18005371	29.9556713104
1234.46948242	49.0944519043
1234.75878906	30.7867927551
1235.04821777	44.2331886292
1235.33764648	48.4574203491
1235.62695313	14.0569858551
1235.91638184	25.0873680115
1236.20581055	7.46247816086
1236.49511719	33.7563781738
1236.7845459	21.0426216125
1237.07397461	26.3435115814
1237.36340332	19.7747745514
1237.65270996	42.9187736511
1237.94213867	32.1337242126
1238.23156738	45.3955535889
1238.52087402	46.4790039063
1238.81030273	27.2325325012
1239.09973145	11.881567955
1239.38903809	4.6032037735
1239.6784668	27.019329071
1239.96789551	31.7425823212
1240.25720215	25.0325775146
1240.54663086	25.6796588898
1240.83605957	29.7373867035
1241.12536621	34.857460022
1241.41479492	11.2169437408
1241.70422363	7.51197481155
1241.99353027	32.670135498
1242.28295898	40.4607696533
1242.5723877	23.7440834045
1242.86169434	9.00575733185
1243.15112305	7.51807403564
1243.44055176	18.5494327545
1243.7298584	20.3906974792
1244.01928711	5.18475246429
1244.30871582	34.7605438232
1244.59802246	-1.47973322868
1244.88745117	17.6199855804
1245.17687988	4.33884477615
1245.46618652	2.84954285622
1245.75561523	-7.72358989716
1246.04504395	8.44107055664
1246.33435059	16.9463977814
1246.6237793	16.469455719
1246.91320801	15.6062841415
1247.20251465	-2.29415082932
1247.49194336	13.5003919601
1247.78137207	11.6303844452
1248.07067871	25.5512390137
1248.36010742	30.4595508575
1248.64953613	14.5657205582
1248.93896484	6.16646385193
1249.22827148	15.8296222687
1249.5177002	16.4318294525
1249.80712891	4.87095165253
1250.09643555	35.3788375854
1250.38586426	35.494228363
1250.67529297	-1.31469702721
1250.96459961	10.6863527298
1251.25402832	20.0654163361
1251.54345703	20.3473110199
1251.83276367	27.9665241241
1252.12219238	40.6922683716
1252.41162109	24.0439853668
1252.70092773	20.6402511597
1252.99035645	18.9695091248
1253.27978516	32.9232788086
1253.5690918	28.1894645691
1253.85852051	21.3204803467
1254.14794922	4.32112598419
1254.43725586	-6.65585184097
1254.72668457	-0.422784805298
1255.01611328	14.5676059723
1255.30541992	17.865530014
1255.59484863	17.406703949
1255.88427734	21.8927001953
1256.17358398	4.48652267456
1256.4630127	16.2269134521
1256.75244141	2.73537135124
1257.04174805	8.04745578766
1257.33117676	19.4255428314
1257.62060547	-2.75349998474
1257.90991211	0.613272249699
1258.19934082	-10.569188118
1258.48876953	-3.86297678947
1258.77807617	7.16932296753
1259.06750488	-10.7323760986
1259.35693359	6.39375734329
1259.6463623	23.1058273315
1259.93566895	0.825627684593
1260.22509766	10.5645542145
1260.51452637	20.9138317108
1260.80383301	27.6990604401
1261.09326172	-6.58300876617
1261.38269043	14.8956632614
1261.67199707	-16.2829742432
1261.96142578	-3.76426291466
1262.25085449	8.70415592194
1262.54016113	12.1134080887
1262.82958984	40.2043838501
1263.11901855	4.16987419128
1263.4083252	27.352563858
1263.69775391	11.0016469955
1263.98718262	15.1800260544
1264.27648926	16.6312713623
1264.56591797	14.9873847961
1264.85534668	4.59838151932
1265.14465332	-7.0890455246
1265.43408203	-6.48732662201
1265.72351074	15.4952526093
1266.01281738	9.80440711975
1266.30224609	46.7073974609
1266.5916748	41.5264015198
1266.88098145	31.2642669678
1267.17041016	8.71315383911
1267.45983887	-3.44538116455
1267.74914551	9.15430164337
1268.03857422	12.974770546
1268.32800293	25.1062755585
1268.61730957	2.15078139305
1268.90673828	13.9775981903
1269.19616699	8.82736492157
1269.48547363	16.5964794159
1269.77490234	23.4926338196
1270.06433105	4.58019256592
1270.3536377	9.88739395142
1270.64306641	22.4725112915
1270.93249512	11.1303834915
1271.22192383	-15.1082296371
1271.51123047	-12.547121048
1271.80065918	13.9149494171
1272.09008789	30.4678401947
1272.37939453	7.42055034637
1272.66882324	8.51103878021
1272.95825195	1.30416476727
1273.24755859	-16.2494735718
1273.5369873	18.8366203308
1273.82641602	-6.88880825043
1274.11572266	20.4301128387
1274.40515137	11.3531208038
1274.69458008	8.92700767517
1274.98388672	12.9905576706
1275.27331543	33.6557540894
1275.56274414	48.0406761169
1275.85205078	21.2272720337
1276.14147949	-11.4576301575
1276.4309082	30.4995574951
1276.72021484	21.1690654755
1277.00964355	35.1257629395
1277.29907227	-19.4692935944
1277.58837891	24.1328296661
1277.87780762	-5.6052942276
1278.16723633	46.6883201599
1278.45654297	-2.65389275551
1278.74597168	16.399974823
1279.03540039	4.34397935867
1279.32470703	12.573056221
1279.61413574	7.95602560043
1279.90356445	29.2896785736
1280.19287109	20.2174854279
1280.4822998	10.2357091904
1280.77172852	6.85402965546
1281.06103516	9.5259771347
1281.35046387	-3.12327980995
1281.63989258	1.04533410072
1281.92932129	16.9073066711
1282.21862793	27.9698810577
1282.50805664	17.5994319916
1282.79748535	-0.416036754847
1283.08679199	-7.518014431
1283.3762207	35.7262840271
1283.66564941	-5.18908786774
1283.95495605	-8.99907302856
1284.24438477	22.9722747803
1284.53381348	12.8537788391
1284.82312012	8.35141086578
1285.11254883	29.5366268158
1285.40197754	47.5255508423
1285.69128418	49.1979866028
1285.98071289	25.425195694
1286.2701416	38.6631469727
1286.55944824	26.5133171082
1286.84887695	4.95829725266
1287.13830566	9.37886428833
1287.4276123	12.6577453613
1287.71704102	45.1779212952
1288.00646973	3.74643826485
1288.29577637	21.1254177094
1288.58520508	25.4195194244
1288.87463379	25.9963359833
1289.16394043	51.6658439636
1289.45336914	11.69627285
1289.74279785	21.87758255
1290.03210449	10.8171081543
1290.3215332	19.6151161194
1290.61096191	11.7422266006
1290.90026855	3.57579541206
1291.18969727	3.35622572899
1291.47912598	18.5580425262
1291.76843262	0.0849710553885
1292.05786133	-8.84748935699
1292.34729004	16.165851593
1292.63659668	13.7899475098
1292.92602539	23.9365882874
1293.2154541	-6.61696577072
1293.50488281	33.1502799988
1293.79418945	25.9023075104
1294.08361816	18.4888896942
1294.37304688	29.0871906281
1294.66235352	13.0945882797
1294.95178223	20.284198761
1295.24121094	16.4523239136
1295.53051758	15.0954627991
1295.81994629	22.8861465454
1296.109375	9.29255390167
1296.39868164	2.26723599434
1296.68811035	30.1653423309
1296.97753906	27.656709671
1297.2668457	24.9272899628
1297.55627441	24.4313526154
1297.84570313	7.61803340912
1298.13500977	16.9413490295
1298.42443848	35.5357437134
1298.71386719	34.4099235535
1299.00317383	-1.19303047657
1299.29260254	-3.95459246635
1299.58203125	14.1837482452
1299.87133789	19.3747386932
1300.1607666	14.8724546432
1300.45019531	26.3647975922
1300.73950195	22.3468055725
1301.02893066	23.7864151001
1301.31835938	7.07563400269
1301.60766602	17.8100814819
1301.89709473	47.611995697
1302.18652344	43.2215270996
1302.47583008	18.3212108612
1302.76525879	29.43708992
1303.0546875	13.8454504013
1303.34399414	4.0481595993
1303.63342285	0.998023450375
1303.92285156	18.0572624207
1304.2121582	36.7658309937
1304.50158691	26.5970420837
1304.79101563	17.2793292999
1305.08044434	13.9044847488
1305.36975098	31.711687088
1305.65917969	-2.55915236473
1305.9486084	10.8892469406
1306.23791504	5.58267879486
1306.52734375	36.0164299011
1306.81677246	26.75340271
1307.1060791	24.0024986267
1307.39550781	-1.3288872242
1307.68493652	16.6590633392
1307.97424316	-2.44486856461
1308.26367188	-4.50086402893
1308.55310059	-1.31760179996
1308.84240723	6.31137752533
1309.13183594	6.04835033417
1309.42126465	-7.33479356766
1309.71057129	20.1599082947
1310	30.2538146973
1310.28942871	46.5728187561
1310.57873535	57.4019927979
1310.86816406	37.7229499817
1311.15759277	40.2890281677
1311.44689941	6.00491952896
1311.73632813	-23.219045639
1312.02575684	14.8963460922
1312.31506348	39.3353843689
1312.60449219	-19.5985412598
1312.8939209	-9.42992687225
1313.18322754	-5.63835048676
1313.47265625	-19.910654068
1313.76208496	13.0006351471
1314.0513916	40.1969985962
1314.34082031	5.41834497452
1314.63024902	6.80815029144
1314.91955566	15.5552930832
1315.20898438	14.7795715332
1315.49841309	16.9242591858
1315.7878418	-0.282615035772
1316.07714844	6.7389421463
1316.36657715	0.563806056976
1316.65600586	15.6269512177
1316.9453125	21.4619846344
1317.23474121	23.5593090057
1317.52416992	16.4666938782
1317.81347656	14.7817077637
1318.10290527	29.8101844788
1318.39233398	16.0452041626
1318.68164063	19.8611946106
1318.97106934	4.34914493561
1319.26049805	1.95818865299
1319.54980469	18.1794528961
1319.8392334	-14.9536914825
1320.12866211	13.7808408737
1320.41796875	-9.01498508453
1320.70739746	-1.25848042965
1320.99682617	8.37253570557
1321.28613281	-4.3632311821
1321.57556152	-28.2473526001
1321.86499023	4.2088599205
1322.15429688	33.8788528442
1322.44372559	35.7720794678
1322.7331543	-13.7648744583
1323.02246094	1.99642848969
1323.31188965	23.3295936584
1323.60131836	13.101234436
1323.890625	15.1076545715
1324.18005371	-33.5870132446
1324.46948242	-19.5219135284
1324.75878906	1.04309988022
1325.04821777	-0.81953638792
1325.33764648	-18.3560009003
1325.62695313	-6.43698263168
1325.91638184	-1.32159125805
1326.20581055	-4.32729387283
1326.49511719	0.944263398647
1326.7845459	17.8433456421
1327.07397461	25.4885215759
1327.36340332	-9.85165309906
1327.65270996	22.8486156464
1327.94213867	19.381975174
1328.23156738	-8.68329811096
1328.52087402	-12.9161348343
1328.81030273	13.546423912
1329.09973145	6.09972572327
1329.38903809	11.4090194702
1329.6784668	10.0587348938
1329.96789551	-9.68559360504
1330.25720215	33.0485038757
1330.54663086	40.2138442993
1330.83605957	-12.1608543396
1331.12536621	-13.0898418427
1331.41479492	-28.3356342316
1331.70422363	-24.9100399017
1331.99353027	-15.3678369522
1332.28295898	-2.99253606796
1332.5723877	14.7763195038
1332.86169434	-10.845539093
1333.15112305	-9.42140960693
1333.44055176	-8.20480060577
1333.7298584	-35.9526367188
1334.01928711	-29.3942298889
1334.30871582	-0.660041689873
1334.59802246	11.8767910004
1334.88745117	-2.64536905289
1335.17687988	-5.16606426239
1335.46618652	5.74088573456
1335.75561523	10.3652105331
1336.04504395	9.19363594055
1336.33435059	22.111328125
1336.6237793	-50.6554603577
1336.91320801	-10.8392419815
1337.20251465	-17.7428379059
1337.49194336	-17.3670501709
1337.78137207	3.71674752235
1338.07067871	2.60953712463
1338.36010742	-5.63869714737
1338.64953613	-18.9616374969
1338.93896484	-22.0638771057
1339.22827148	-41.2653236389
1339.5177002	-9.03553199768
1339.80712891	-5.81208610535
1340.09643555	-11.9349212646
1340.38586426	-22.9058113098
1340.67529297	-3.98119473457
1340.96459961	3.21286463737
1341.25402832	-25.0690612793
1341.54345703	-12.058506012
1341.83276367	4.6545958519
1342.12219238	-1.55506396294
1342.41162109	-25.3526153564
1342.70092773	-33.8875579834
1342.99035645	4.30610132217
1343.27978516	-4.93822669983
1343.5690918	-4.20608139038
1343.85852051	-14.9142770767
1344.14794922	-7.91397571564
1344.43725586	-24.0998001099
1344.72668457	0.321888297796
1345.01611328	-3.8355255127
1345.30541992	4.774061203
1345.59484863	1.54194009304
1345.88427734	12.9714403152
1346.17358398	1.58542132378
1346.4630127	8.51492118835
1346.75244141	-4.59073448181
1347.04174805	23.1917037964
1347.33117676	-22.75623703
1347.62060547	-41.4639434814
1347.90991211	-12.8719358444
1348.19934082	52.0805130005
1348.48876953	-8.56176376343
1348.77807617	3.60348677635
1349.06750488	-3.60177850723
1349.35693359	-13.6830205917
1349.6463623	-18.6627006531
1349.93566895	1.10215985775
1350.22509766	30.1556835175
1350.51452637	4.6159453392
1350.80383301	-41.9981002808
1351.09326172	-2.79955768585
1351.38269043	-19.8705463409
1351.67199707	-21.922580719
1351.96142578	0.97762298584
1352.25085449	10.6478462219
1352.54016113	-6.60438394547
1352.82958984	-2.75007915497
1353.11901855	6.10324907303
1353.4083252	-9.26909828186
1353.69775391	-40.0607872009
1353.98718262	-9.95453071594
1354.27648926	-11.6457252502
1354.56591797	-6.85294437408
1354.85534668	-38.8052787781
1355.14465332	-15.7518453598
1355.43408203	-36.7798652649
1355.72351074	-9.77370452881
1356.01281738	-8.12114906311
1356.30224609	7.35229587555
1356.5916748	87.9609985352
1356.88098145	51.6413841248
1357.17041016	-26.6688632965
1357.45983887	-14.7325267792
1357.74914551	-16.3392486572
1358.03857422	-8.82820606232
1358.32800293	-18.8323001862
1358.61730957	-20.4585533142
1358.90673828	2.57495141029
1359.19616699	-26.4296302795
1359.48547363	1.84255373478
1359.77490234	-16.968667984
1360.06433105	5.77821397781
1360.3536377	-14.3392496109
1360.64306641	-20.4229335785
1360.93249512	-17.4685306549
1361.22192383	-21.4989910126
1361.51123047	-23.3137207031
1361.80065918	-31.0043392181
1362.09008789	-15.9205417633
1362.37939453	-21.1132011414
1362.66882324	-13.5025482178
1362.95825195	-8.61259937286
1363.24755859	-19.5459804535
1363.5369873	11.1320543289
1363.82641602	0.356476128101
1364.11572266	-17.7043476105
1364.40515137	-29.5316829681
1364.69458008	-6.24524927139
1364.98388672	-21.2733573914
1365.27331543	-25.3887805939
1365.56274414	-8.46513938904
1365.85205078	-4.22615766525
1366.14147949	42.5734596252
1366.4309082	4.39846754074
1366.72021484	10.3474092484
1367.00964355	2.02739787102
1367.29907227	11.1141242981
1367.58837891	-35.2757987976
1367.87780762	-30.1963977814
1368.16723633	-11.6272497177
1368.45654297	-37.4453964233
1368.74597168	-27.0515422821
1369.03540039	5.79592752457
1369.32470703	-7.93725919724
1369.61413574	-0.289009213448
1369.90356445	15.4412717819
1370.19287109	2.14070248604
1370.4822998	7.15125751495
1370.77172852	-19.6887741089
1371.06103516	-20.0542850494
1371.35046387	-35.6037902832
1371.63989258	-14.8842496872
1371.92932129	-9.81510066986
1372.21862793	-28.5258274078
1372.50805664	-37.1451530457
1372.79748535	-24.6931934357
1373.08679199	-36.13438797
1373.3762207	-34.6106491089
1373.66564941	-11.781247139
1373.95495605	-33.0012512207
1374.24438477	-38.0214576721
1374.53381348	-47.5611953735
1374.82312012	-16.2523899078
1375.11254883	9.95396614075
1375.40197754	-5.97688579559
1375.69128418	12.3817243576
1375.98071289	-2.8733458519
1376.2701416	-9.2280254364
1376.55944824	13.8483581543
1376.84887695	-16.5717506409
1377.13830566	0.48323738575
1377.4276123	-0.839304924011
1377.71704102	-18.1768951416
1378.00646973	-21.2337226868
1378.29577637	7.71668434143
1378.58520508	5.44208288193
1378.87463379	-26.3051738739
1379.16394043	-28.3342590332
1379.45336914	-1.41501367092
1379.74279785	0.60481852293
1380.03210449	1.77446377277
1380.3215332	18.8406829834
1380.61096191	5.23112010956
1380.90026855	-11.4864416122
1381.18969727	-28.1301841736
1381.47912598	-2.73583960533
1381.76843262	10.9718914032
1382.05786133	4.29836416245
1382.34729004	-10.1827802658
1382.63659668	-21.5360832214
1382.92602539	-34.6100006104
1383.2154541	1.54508423805
1383.50488281	-24.8706302643
1383.79418945	10.0231361389
1384.08361816	-5.53173923492
1384.37304688	-7.57928943634
1384.66235352	-1.32761311531
1384.95178223	-11.9518241882
1385.24121094	-9.1815032959
1385.53051758	-2.54115509987
1385.81994629	-11.0540380478
1386.109375	-35.6621360779
1386.39868164	-29.0754985809
1386.68811035	-49.6884765625
1386.97753906	-35.5929641724
1387.2668457	12.8042221069
1387.55627441	-8.17887592316
1387.84570313	-51.6399993896
1388.13500977	-12.1021909714
1388.42443848	-11.0594100952
1388.71386719	-11.6108665466
1389.00317383	-3.14874100685
1389.29260254	-3.28955340385
1389.58203125	-32.3537063599
1389.87133789	-14.3202905655
1390.1607666	7.35823297501
1390.45019531	-14.9744739532
1390.73950195	24.7869682312
1391.02893066	-6.64339494705
1391.31835938	-15.5674104691
1391.60766602	11.4772348404
1391.89709473	16.1469688416
1392.18652344	-7.65302276611
1392.47583008	-16.0116977692
1392.76525879	-33.7784881592
1393.0546875	0.441052377224
1393.34399414	-5.40736865997
1393.63342285	-17.9305057526
1393.92285156	-7.88967704773
1394.2121582	17.9391479492
1394.50158691	-10.8847703934
1394.79101563	-34.5285110474
1395.08044434	-2.87489080429
1395.36975098	13.1160430908
1395.65917969	-18.3084602356
1395.9486084	-15.0449752808
1396.23791504	21.8859004974
1396.52734375	42.3866882324
1396.81677246	-0.818087995052
1397.1060791	-1.19629430771
1397.39550781	-10.4210910797
1397.68493652	-0.99110263586
1397.97424316	10.6155538559
1398.26367188	-6.20201587677
1398.55310059	0.627874970436
1398.84240723	16.4415626526
1399.13183594	-5.71096801758
1399.42126465	-13.1794166565
1399.71057129	-17.0278377533
1400	19.633108139
