500	-87.4342498779
500.289398193	-51.9573669434
500.578765869	-38.7298698425
500.868164063	-60.9990768433
501.157562256	-60.7060279846
501.446960449	-51.4522857666
501.736328125	-66.5233764648
502.025726318	-72.8416519165
502.315124512	-47.7168197632
502.604492188	-77.0620803833
502.893890381	-40.9160041809
503.183288574	-34.5067405701
503.47265625	-42.2538566589
503.762054443	-50.4598312378
504.051452637	-49.8306007385
504.34085083	-55.2482452393
504.630218506	-61.7390136719
504.919616699	-65.5489883423
505.209014893	-65.4268417358
505.498382568	-55.2962684631
505.787780762	-44.4033660889
506.077178955	-24.0048503876
506.366546631	-38.9690055847
506.655944824	-19.5599899292
506.945343018	-11.4805641174
507.234741211	-12.7807760239
507.524108887	-30.9136333466
507.81350708	-29.8122348785
508.102905273	-18.1432094574
508.392272949	-4.68915271759
508.681671143	16.6124420166
508.971069336	13.4238014221
509.260437012	-18.786693573
509.549835205	-20.6088790894
509.839233398	7.69393634796
510.128631592	-5.64851236343
510.417999268	17.6690692902
510.707397461	-3.82425808907
510.996795654	-9.69868946075
511.28616333	-4.26025772095
511.575561523	-11.2967987061
511.864959717	-10.576259613
512.15435791	3.03612589836
512.443725586	-16.086233139
512.733093262	-12.7791490555
513.022521973	11.7076282501
513.311889648	24.1621742249
513.601257324	0.397236138582
513.890686035	-20.4216499329
514.180053711	-15.3443021774
514.469482422	-32.0210990906
514.758850098	-23.5567874908
515.048217773	-2.23359084129
515.337646484	-14.1410999298
515.62701416	-19.5481281281
515.916381836	-7.56379699707
516.205810547	-12.6937189102
516.495178223	-10.3194961548
516.784545898	13.200966835
517.073974609	-1.48657155037
517.363342285	6.20234870911
517.652709961	-3.37899518013
517.942138672	-10.7369441986
518.231506348	-0.898609817028
518.520874023	7.18923616409
518.810302734	2.66649222374
519.09967041	7.79071521759
519.389038086	27.1290493011
519.678466797	0.335309326649
519.967834473	12.9998149872
520.257263184	-11.3473911285
520.546630859	-7.36647891998
520.835998535	-6.27448272705
521.125427246	-0.804306685925
521.414794922	1.57870519161
521.704162598	1.09233224392
521.993591309	4.74659061432
522.282958984	14.2187137604
522.57232666	21.0665683746
522.861755371	7.22839593887
523.151123047	-21.0499687195
523.440490723	-1.5800434351
523.729919434	36.9475059509
524.019287109	4.09077167511
524.308654785	26.2884807587
524.598083496	14.2076311111
524.887451172	21.1248226166
525.176818848	23.9145736694
525.466247559	10.2670736313
525.755615234	10.1405639648
526.045043945	8.36366939545
526.334411621	22.9417495728
526.623779297	33.1492233276
526.913208008	7.40528964996
527.202575684	21.978975296
527.491943359	18.2062244415
527.78137207	28.0033054352
528.070739746	14.0992078781
528.360107422	20.7590751648
528.649536133	13.9438514709
528.938903809	-0.615031301975
529.228271484	6.52213096619
529.517700195	5.58630132675
529.807067871	11.3089122772
530.096435547	9.83547878265
530.385864258	27.9572658539
530.675231934	9.51752471924
530.964660645	11.0043020248
531.25402832	9.0106048584
531.543395996	29.364320755
531.832824707	2.51564884186
532.122192383	-5.05348777771
532.411560059	13.9977369308
532.70098877	14.3751392365
532.990356445	12.4454069138
533.279724121	12.4668464661
533.569152832	15.5844841003
533.858520508	23.816860199
534.147888184	0.554365158081
534.437316895	-0.780878603458
534.72668457	14.103597641
535.016052246	18.203163147
535.305480957	25.6691875458
535.594848633	26.8810577393
535.884216309	19.6749591827
536.17364502	32.7007980347
536.463012695	44.3933792114
536.752441406	3.16018772125
537.041809082	15.4638538361
537.331176758	13.9120512009
537.620605469	33.0453147888
537.909973145	23.6976127625
538.19934082	12.6331148148
538.488769531	27.6157417297
538.778137207	23.1569576263
539.067504883	21.1422634125
539.356933594	28.8941783905
539.64630127	28.4832439423
539.935668945	10.0630340576
540.225097656	-6.85424137115
540.514465332	3.07344818115
540.803833008	-4.94393062592
541.093261719	15.5819101334
541.382629395	22.5696582794
541.67199707	22.5066242218
541.961425781	41.8544883728
542.250793457	18.8734855652
542.540222168	5.11294794083
542.829589844	30.0728645325
543.11895752	38.7776527405
543.40838623	22.759059906
543.697753906	18.2599925995
543.987121582	18.7706890106
544.276550293	48.6773872375
544.565917969	23.7840328217
544.855285645	-5.9835896492
545.144714355	32.396987915
545.434082031	10.6386413574
545.723449707	20.9310779572
546.012878418	13.4884119034
546.302246094	3.13582754135
546.59161377	9.07963085175
546.88104248	19.4775409698
547.170410156	26.818561554
547.459777832	33.9606056213
547.749206543	30.7679405212
548.038574219	26.0884513855
548.32800293	28.9516944885
548.617370605	30.5068264008
548.906738281	32.6874465942
549.196166992	37.8226585388
549.485534668	32.8770599365
549.774902344	36.7024536133
550.064331055	43.2922592163
550.35369873	28.5385513306
550.643066406	41.7553024292
550.932495117	60.8365631104
551.221862793	34.0332946777
551.511230469	63.6665534973
551.80065918	53.867389679
552.090026855	35.5840187073
552.379394531	27.5958118439
552.668823242	25.235452652
552.958190918	38.6530075073
553.247558594	40.0722732544
553.536987305	8.22119235992
553.82635498	7.79475402832
554.115783691	20.5215530396
554.405151367	22.2350082397
554.694519043	29.8605709076
554.983947754	41.4216003418
555.27331543	31.222700119
555.562683105	3.72228717804
555.852111816	16.5162258148
556.141479492	45.8336830139
556.430847168	9.07911968231
556.720275879	13.4853630066
557.009643555	43.3970603943
557.29901123	43.5389785767
557.588439941	37.0011329651
557.877807617	21.7321643829
558.167175293	15.9209594727
558.456604004	23.2188034058
558.74597168	20.5470046997
559.035339355	33.6684188843
559.324768066	56.382522583
559.614135742	24.1208782196
559.903564453	22.4353237152
560.192932129	4.91220617294
560.482299805	12.4928483963
560.771728516	35.0192070007
561.061096191	25.4006309509
561.350463867	31.5589103699
561.639892578	37.8130531311
561.929260254	26.1100025177
562.21862793	20.8822956085
562.508056641	28.7360477448
562.797424316	28.1499423981
563.086791992	37.8956222534
563.376220703	25.7440032959
563.665588379	-16.4939575195
563.954956055	38.5254058838
564.244384766	12.2297430038
564.533752441	5.35286521912
564.823181152	13.6887950897
565.112548828	15.30996418
565.401916504	21.1042289734
565.691345215	27.7492408752
565.980712891	36.5850105286
566.270080566	44.5242958069
566.559509277	35.5511436462
566.848876953	30.7216281891
567.138244629	35.2400131226
567.42767334	22.4809741974
567.717041016	34.9331970215
568.006408691	15.8490447998
568.295837402	68.6390762329
568.585205078	59.0834884644
568.874572754	29.7215023041
569.164001465	25.3801860809
569.453369141	40.9823112488
569.742736816	42.4894676208
570.032165527	31.5163173676
570.321533203	28.1533546448
570.610961914	28.4819602966
570.90032959	49.0750541687
571.189697266	-3.1196949482
571.479125977	24.9755115509
571.768493652	16.5019550323
572.057861328	43.5261993408
572.347290039	36.3355178833
572.636657715	36.2423324585
572.926025391	23.8830337524
573.215454102	32.7426452637
573.504821777	54.2576141357
573.794189453	56.3597412109
574.083618164	40.6382980347
574.37298584	42.0812416077
574.662353516	68.7524642944
574.951782227	46.3982048035
575.241149902	79.387046814
575.530517578	77.3216934204
575.819946289	58.5328712463
576.109313965	54.0585823059
576.398742676	45.1528129578
576.688110352	40.6494674683
576.977478027	28.7381668091
577.266906738	34.3563232422
577.556274414	55.9740753174
577.84564209	66.2275695801
578.135070801	61.6189193726
578.424438477	59.4693374634
578.713806152	61.0731697083
579.003234863	64.1476287842
579.292602539	71.5068359375
579.581970215	82.8264923096
579.871398926	52.9971351624
580.160766602	41.6827583313
580.450134277	60.3280982971
580.739562988	66.0465927124
581.028930664	52.0093193054
581.31829834	54.6356124878
581.607727051	60.1019134521
581.897094727	72.0822143555
582.186523438	85.0104293823
582.475891113	68.2800369263
582.765258789	76.5091171265
583.0546875	74.4051055908
583.344055176	77.138092041
583.633422852	103.347396851
583.922851563	84.4662857056
584.212219238	99.098197937
584.501586914	77.418586731
584.791015625	70.2860107422
585.080383301	95.3805618286
585.369750977	96.8230209351
585.659179688	75.0332183838
585.948547363	77.0186462402
586.237915039	88.7318572998
586.52734375	71.1112442017
586.816711426	66.5322189331
587.106079102	78.7205276489
587.395507813	75.4336547852
587.684875488	74.286026001
587.974304199	66.4813308716
588.263671875	97.6962509155
588.553039551	82.9714736938
588.842468262	70.271270752
589.131835938	77.415145874
589.421203613	71.0836715698
589.710632324	68.2394332886
590	81.4702148438
590.289367676	96.0916290283
590.578796387	95.7993850708
590.868164063	78.3646469116
591.157531738	84.1994400024
591.446960449	97.4194030762
591.736328125	97.4226531982
592.025695801	72.8341064453
592.315124512	73.9764328003
592.604492188	90.3026809692
592.893920898	88.8002319336
593.183288574	102.854507446
593.47265625	77.6941833496
593.762084961	73.0652694702
594.051452637	85.2521133423
594.340820313	78.1188812256
594.630249023	74.8947525024
594.919616699	88.6316452026
595.208984375	101.405891418
595.498413086	112.476196289
595.787780762	81.1549835205
596.077148438	60.2405090332
596.366577148	78.7619857788
596.655944824	85.5179214478
596.9453125	84.8334274292
597.234741211	64.7496795654
597.524108887	93.4763183594
597.813476563	106.536453247
598.102905273	85.0945510864
598.392272949	80.5951156616
598.68170166	91.8021392822
598.971069336	91.7172546387
599.260437012	91.4114151001
599.549865723	69.8406066895
599.839233398	84.092880249
600.128601074	72.6598510742
600.418029785	57.5392417908
600.707397461	95.0234451294
600.996765137	73.2832870483
601.286193848	63.6057891846
601.575561523	86.3414611816
601.864929199	94.247543335
602.15435791	99.9965591431
602.443725586	101.157524109
602.733093262	88.9095535278
603.022521973	83.4334716797
603.311889648	93.7365264893
603.601257324	97.7270736694
603.890686035	98.1342926025
604.180053711	88.6934509277
604.469482422	94.644859314
604.758850098	74.2023086548
605.048217773	106.831047058
605.337646484	79.7477874756
605.62701416	49.2630004883
605.916381836	76.610244751
606.205810547	76.1483230591
606.495178223	70.5695419312
606.784545898	89.7410049438
607.073974609	88.8386535645
607.363342285	68.9918060303
607.652709961	68.008972168
607.942138672	67.7238082886
608.231506348	82.1518630981
608.520874023	90.8142852783
608.810302734	74.1922073364
609.09967041	71.8395004272
609.389038086	70.5986099243
609.678466797	60.6884498596
609.967834473	102.434127808
610.257263184	78.6243057251
610.546630859	53.7623214722
610.835998535	60.4640579224
611.125427246	76.9296264648
611.414794922	52.68409729
611.704162598	54.6885681152
611.993591309	94.8435897827
612.282958984	77.5724258423
612.57232666	84.8647384644
612.861755371	72.5036468506
613.151123047	71.1731567383
613.440490723	56.8978385925
613.729919434	58.8499794006
614.019287109	85.8556671143
614.308654785	68.8410949707
614.598083496	68.3066635132
614.887451172	59.4927749634
615.176818848	37.1605758667
615.466247559	53.2213592529
615.755615234	53.1936035156
616.045043945	52.0983810425
616.334411621	69.9212112427
616.623779297	64.731590271
616.913208008	68.7362213135
617.202575684	63.8224754333
617.491943359	28.769329071
617.78137207	55.3240089417
618.070739746	67.2618255615
618.360107422	75.7875366211
618.649536133	65.7426071167
618.938903809	35.4448356628
619.228271484	56.6744003296
619.517700195	25.493730545
619.807067871	34.1896057129
620.096435547	49.9362640381
620.385864258	47.1725845337
620.675231934	60.3042526245
620.964660645	64.457321167
621.25402832	37.1563720703
621.543395996	33.8729972839
621.832824707	31.4071712494
622.122192383	39.817401886
622.411560059	33.0088844299
622.70098877	30.0804100037
622.990356445	43.6554374695
623.279724121	44.3730430603
623.569152832	47.1384162903
623.858520508	48.6922035217
624.147888184	34.746963501
624.437316895	26.3626804352
624.72668457	24.0724716187
625.016052246	41.9077529907
625.305480957	54.1440734863
625.594848633	49.4070892334
625.884216309	52.7584838867
626.17364502	38.7086715698
626.463012695	23.7241268158
626.752441406	47.0595664978
627.041809082	35.9634513855
627.331176758	50.7821311951
627.620605469	47.8514595032
627.909973145	38.2204322815
628.19934082	31.1291980743
628.488769531	38.751750946
628.778137207	44.181022644
629.067504883	30.698677063
629.356933594	35.0619506836
629.64630127	50.9079742432
629.935668945	42.0491638184
630.225097656	26.0772323608
630.514465332	33.8412246704
630.803833008	40.8735237122
631.093261719	32.7809906006
631.382629395	27.3403911591
631.67199707	58.4520378113
631.961425781	55.0553016663
632.250793457	6.36323928833
632.540222168	44.6359367371
632.829589844	55.7920188904
633.11895752	52.2437553406
633.40838623	30.4026813507
633.697753906	30.1659412384
633.987121582	35.1647949219
634.276550293	49.9912033081
634.565917969	35.7603225708
634.855285645	21.9144515991
635.144714355	37.5206451416
635.434082031	38.7763366699
635.723449707	46.3899345398
636.012878418	26.6614131927
636.302246094	15.5616350174
636.59161377	47.5001869202
636.88104248	30.2130432129
637.170410156	46.7702980042
637.459777832	21.6588554382
637.749206543	9.13829421997
638.038574219	47.888420105
638.32800293	28.0731830597
638.617370605	17.4312210083
638.906738281	11.1964855194
639.196166992	22.864402771
639.485534668	30.9123802185
639.774902344	25.3080158234
640.064331055	27.9419975281
640.35369873	29.88621521
640.643066406	34.5233078003
640.932495117	38.4624633789
641.221862793	24.4479427338
641.511230469	34.5530509949
641.80065918	29.9704780579
642.090026855	59.6266098022
642.379394531	30.6704406738
642.668823242	20.4636001587
642.958190918	26.8082103729
643.247558594	47.6342658997
643.536987305	42.8388023376
643.82635498	23.8797016144
644.115783691	35.6450309753
644.405151367	53.4669342041
644.694519043	33.0857162476
644.983947754	12.4430837631
645.27331543	19.1482887268
645.562683105	11.7753696442
645.852111816	30.9703865051
646.141479492	39.3711471558
646.430847168	16.1840190887
646.720275879	9.46570587158
647.009643555	23.9707164764
647.29901123	19.9566822052
647.588439941	35.3055076599
647.877807617	46.1320495605
648.167175293	19.3460464478
648.456604004	21.3921356201
648.74597168	26.3929958344
649.035339355	35.3306236267
649.324768066	26.9821815491
649.614135742	22.3292331696
649.903564453	42.218585968
650.192932129	46.7609481812
650.482299805	35.9082946777
650.771728516	38.830116272
651.061096191	31.8644237518
651.350463867	43.0139656067
651.639892578	42.0163536072
651.929260254	43.1070556641
652.21862793	62.53150177
652.508056641	34.7492218018
652.797424316	14.6770839691
653.086791992	11.5136365891
653.376220703	24.8976173401
653.665588379	30.0288486481
653.954956055	51.3905487061
654.244384766	54.6468429565
654.533752441	32.8845214844
654.823181152	29.4826126099
655.112548828	42.4055900574
655.401916504	44.552936554
655.691345215	43.5943870544
655.980712891	36.4641418457
656.270080566	46.0340957642
656.559509277	33.4117279053
656.848876953	23.4228420258
657.138244629	1.62560534477
657.42767334	42.1309242249
657.717041016	41.0158157349
658.006408691	43.3501739502
658.295837402	81.2488021851
658.585205078	84.5062561035
658.874572754	68.1274719238
659.164001465	47.2143363953
659.453369141	35.1878509521
659.742736816	45.2414474487
660.032165527	53.5282592773
660.321533203	52.9888381958
660.610961914	54.6833648682
660.90032959	46.3763618469
661.189697266	44.7971458435
661.479125977	37.2196998596
661.768493652	40.2168960571
662.057861328	64.2863616943
662.347290039	44.4000778198
662.636657715	17.3003520966
662.926025391	86.4745483398
663.215454102	87.0892486572
663.504821777	75.28565979
663.794189453	76.4310531616
664.083618164	66.2962341309
664.37298584	69.0409927368
664.662353516	60.151714325
664.951782227	39.3037605286
665.241149902	47.529964447
665.530517578	77.7700805664
665.819946289	82.8918533325
666.109313965	60.504776001
666.398742676	49.8955917358
666.688110352	65.9089050293
666.977478027	68.9444274902
667.266906738	47.3215751648
667.556274414	71.2731170654
667.84564209	21.0864772797
668.135070801	48.3933105469
668.424438477	89.8748855591
668.713806152	61.3706169128
669.003234863	58.1256904602
669.292602539	78.8819198608
669.581970215	65.3317565918
669.871398926	71.6366348267
670.160766602	74.8169403076
670.450134277	62.4025154114
670.739562988	55.851436615
671.028930664	53.9003944397
671.31829834	49.2533035278
671.607727051	38.0103302002
671.897094727	26.8859462738
672.186523438	53.8585510254
672.475891113	61.6345558167
672.765258789	52.0101737976
673.0546875	51.9022102356
673.344055176	69.2265548706
673.633422852	88.5120849609
673.922851563	60.3706741333
674.212219238	54.4088859558
674.501586914	80.5220489502
674.791015625	52.4282493591
675.080383301	73.747467041
675.369750977	58.4443740845
675.659179688	53.3630218506
675.948547363	48.3565597534
676.237915039	43.1350059509
676.52734375	51.6478919983
676.816711426	62.9439201355
677.106079102	76.4394073486
677.395507813	76.9842758179
677.684875488	62.0303039551
677.974304199	63.6994400024
678.263671875	16.1509838104
678.553039551	30.4514026642
678.842468262	48.7694664001
679.131835938	57.5181274414
679.421203613	55.2577590942
679.710632324	53.7913970947
680	63.8742866516
680.289367676	34.5948753357
680.578796387	37.2579078674
680.868164063	62.422832489
681.157531738	57.9283294678
681.446960449	63.4124069214
681.736328125	69.969909668
682.025695801	78.3030395508
682.315124512	65.3923492432
682.604492188	24.4498462677
682.893920898	26.5823631287
683.183288574	59.5063171387
683.47265625	49.0674819946
683.762084961	60.7632293701
684.051452637	75.7916793823
684.340820313	75.9993209839
684.630249023	67.1145095825
684.919616699	63.9613113403
685.208984375	56.9248199463
685.498413086	56.4193954468
685.787780762	46.8765525818
686.077148438	62.7228736877
686.366577148	62.2447929382
686.655944824	59.6765632629
686.9453125	50.5167770386
687.234741211	54.0728759766
687.524108887	52.330329895
687.813476563	40.3255729675
688.102905273	35.4932441711
688.392272949	44.6012840271
688.68170166	56.2211036682
688.971069336	58.2961807251
689.260437012	51.0856170654
689.549865723	40.7986984253
689.839233398	56.8129844666
690.128601074	51.3753700256
690.418029785	75.6773223877
690.707397461	45.4010772705
690.996765137	28.553062439
691.286193848	42.4328918457
691.575561523	59.5775527954
691.864929199	53.2827568054
692.15435791	54.9196662903
692.443725586	50.2974815369
692.733093262	54.7048339844
693.022521973	49.3786087036
693.311889648	55.7473907471
693.601257324	63.9945869446
693.890686035	76.1158752441
694.180053711	61.2702980042
694.469482422	42.2228813171
694.758850098	47.0169525146
695.048217773	41.1762619019
695.337646484	47.5048217773
695.62701416	33.3130531311
695.916381836	54.9286613464
696.205810547	58.1270942688
696.495178223	63.262966156
696.784545898	62.1083068848
697.073974609	25.635597229
697.363342285	44.3134613037
697.652709961	63.63048172
697.942138672	57.2847251892
698.231506348	64.2870483398
698.520874023	62.8887405396
698.810302734	41.1460113525
699.09967041	47.2606430054
699.389038086	52.9597434998
699.678466797	65.5177993774
699.967834473	42.3785209656
700.257263184	34.6060066223
700.546630859	64.1537399292
700.835998535	69.647277832
701.125427246	64.5935134888
701.414794922	67.3809967041
701.704162598	58.4572944641
701.993591309	57.5339012146
702.282958984	43.7161598206
702.57232666	57.2341079712
702.861755371	82.4274139404
703.151123047	57.859916687
703.440490723	9.81536483765
703.729919434	56.0775184631
704.019287109	52.2619743347
704.308654785	51.0631256104
704.598083496	68.8736190796
704.887451172	80.453338623
705.176818848	84.5950698853
705.466247559	62.208782196
705.755615234	56.4506111145
706.045043945	53.2545127869
706.334411621	55.6909179688
706.623779297	66.9232254028
706.913208008	74.5545196533
707.202575684	98.628868103
707.491943359	114.444419861
707.78137207	81.9543838501
708.070739746	64.2718887329
708.360107422	67.8215789795
708.649536133	89.2197189331
708.938903809	95.1229248047
709.228271484	76.7331619263
709.517700195	74.5827178955
709.807067871	63.892414093
710.096435547	80.0297470093
710.385864258	100.761383057
710.675231934	97.8354873657
710.964660645	99.8356781006
711.25402832	91.7606124878
711.543395996	101.219963074
711.832824707	108.085151672
712.122192383	108.779121399
712.411560059	85.6640167236
712.70098877	71.579246521
712.990356445	93.7368469238
713.279724121	108.355377197
713.569152832	98.098739624
713.858520508	113.919906616
714.147888184	128.830932617
714.437316895	105.008361816
714.72668457	110.16620636
715.016052246	109.52571106
715.305480957	118.830833435
715.594848633	134.623199463
715.884216309	130.263214111
716.17364502	102.005592346
716.463012695	128.851913452
716.752441406	139.641906738
717.041809082	137.254089355
717.331176758	132.582336426
717.620605469	131.124282837
717.909973145	132.825088501
718.19934082	121.712181091
718.488769531	119.832000732
718.778137207	111.829200745
719.067504883	144.758529663
719.356933594	136.529220581
719.64630127	131.759338379
719.935668945	120.300476074
720.225097656	122.703742981
720.514465332	143.154556274
720.803833008	143.334609985
721.093261719	128.063812256
721.382629395	106.619110107
721.67199707	109.067726135
721.961425781	122.587692261
722.250793457	111.31023407
722.540222168	78.0264892578
722.829589844	119.206794739
723.11895752	129.947647095
723.40838623	113.431724548
723.697753906	75.1435165405
723.987121582	99.3631286621
724.276550293	90.1177139282
724.565917969	106.998458862
724.855285645	113.492240906
725.144714355	91.7490234375
725.434082031	82.7828369141
725.723449707	89.2495193481
726.012878418	56.5587921143
726.302246094	53.0562362671
726.59161377	58.3940086365
726.88104248	56.9435157776
727.170410156	55.3752861023
727.459777832	69.9281463623
727.749206543	74.0692062378
728.038574219	76.7209472656
728.32800293	87.7489700317
728.617370605	65.9629669189
728.906738281	68.2880401611
729.196166992	78.5787658691
729.485534668	73.5386047363
729.774902344	49.3006973267
730.064331055	20.5401477814
730.35369873	32.482170105
730.643066406	25.01745224
730.932495117	56.2371253967
731.221862793	61.8275871277
731.511230469	83.2178497314
731.80065918	37.6081771851
732.090026855	60.0670471191
732.379394531	58.0212745667
732.668823242	47.9831352234
732.958190918	37.4715461731
733.247558594	35.5280685425
733.536987305	36.9100990295
733.82635498	37.4383010864
734.115783691	20.4065093994
734.405151367	24.1764125824
734.694519043	24.3049583435
734.983947754	13.7482652664
735.27331543	20.5333042145
735.562683105	26.1491546631
735.852111816	16.2733707428
736.141479492	11.3980093002
736.430847168	25.0597572327
736.720275879	26.0062389374
737.009643555	-2.47825336456
737.29901123	1.84438383579
737.588439941	26.9747028351
737.877807617	53.6093521118
738.167175293	24.8233451843
738.456604004	16.9817409515
738.74597168	34.072933197
739.035339355	62.8672485352
739.324768066	19.3420505524
739.614135742	-1.27696251869
739.903564453	14.3919305801
740.192932129	-1.41116476059
740.482299805	33.5533180237
740.771728516	3.45731854439
741.061096191	-14.081372261
741.350463867	-9.23798370361
741.639892578	-13.482665062
741.929260254	34.2713699341
742.21862793	21.1613883972
742.508056641	-16.3835849762
742.797424316	-8.44473743439
743.086791992	9.6288766861
743.376220703	21.0384922028
743.665588379	24.7629852295
743.954956055	23.6974658966
744.244384766	19.4050102234
744.533752441	32.1216506958
744.823181152	7.64657878876
745.112548828	13.6010141373
745.401916504	10.3628225327
745.691345215	9.09087467194
745.980712891	32.9164047241
746.270080566	40.5661506653
746.559509277	42.451675415
746.848876953	15.161236763
747.138244629	11.6767072678
747.42767334	13.8188209534
747.717041016	25.5327777863
748.006408691	19.2159729004
748.295837402	19.4779605865
748.585205078	18.1828842163
748.874572754	20.6234035492
749.164001465	26.639541626
749.453369141	24.1191234589
749.742736816	36.8260002136
750.032165527	26.900976181
750.321533203	27.7401771545
750.610961914	28.9267253876
750.90032959	28.9158287048
751.189697266	31.9928226471
751.479125977	37.4637947083
751.768493652	33.6609039307
752.057861328	20.924911499
752.347290039	35.4993972778
752.636657715	31.9301509857
752.926025391	32.4248695374
753.215454102	4.8924241066
753.504821777	21.6754722595
753.794189453	40.5215110779
754.083618164	21.3357429504
754.37298584	57.0887641907
754.662353516	42.6110687256
754.951782227	31.7048435211
755.241149902	54.305519104
755.530517578	39.073677063
755.819946289	47.6657409668
756.109313965	26.1143169403
756.398742676	30.7571640015
756.688110352	5.89030981064
756.977478027	11.9934272766
757.266906738	53.7275810242
757.556274414	39.3978385925
757.84564209	139.741195679
758.135070801	41.5180702209
758.424438477	49.1656188965
758.713806152	49.0455932617
759.003234863	37.744102478
759.292602539	62.852104187
759.581970215	60.0199165344
759.871398926	38.1676483154
760.160766602	47.3315544128
760.450134277	54.4800834656
760.739562988	38.8729286194
761.028930664	24.8510456085
761.31829834	46.701965332
761.607727051	39.6768417358
761.897094727	48.3463668823
762.186523438	61.9765167236
762.475891113	80.4121551514
762.765258789	64.1439361572
763.0546875	33.923500061
763.344055176	47.3803749084
763.633422852	31.6712379456
763.922851563	29.5662822723
764.212219238	61.019985199
764.501586914	68.4128952026
764.791015625	40.6973457336
765.080383301	36.7452850342
765.369750977	45.6181793213
765.659179688	40.900428772
765.948547363	28.441778183
766.237915039	42.7424049377
766.52734375	43.1638183594
766.816711426	38.3494529724
767.106079102	49.7452964783
767.395507813	33.3993721008
767.684875488	23.2905750275
767.974304199	38.5008049011
768.263671875	41.1258926392
768.553039551	29.4548416138
768.842468262	29.7378253937
769.131835938	30.9649658203
769.421203613	38.2707176208
769.710632324	38.0666427612
770	46.8167304993
770.289367676	40.3339118958
770.578796387	21.9979991913
770.868164063	31.8154716492
771.157531738	36.8568191528
771.446960449	32.8129005432
771.736328125	35.7165527344
772.025695801	33.0042419434
772.315124512	22.0967941284
772.604492188	27.7326259613
772.893920898	40.130355835
773.183288574	31.4580821991
773.47265625	45.3627128601
773.762084961	35.7785072327
774.051452637	30.3332862854
774.340820313	41.7730751038
774.630249023	38.7276878357
774.919616699	47.0117111206
775.208984375	34.9588241577
775.498413086	44.2227630615
775.787780762	53.1154327393
776.077148438	34.2060966492
776.366577148	43.2200393677
776.655944824	30.8019161224
776.9453125	28.1125526428
777.234741211	31.2890892029
777.524108887	33.5655479431
777.813476563	39.8910751343
778.102905273	49.6035041809
778.392272949	35.4226837158
778.68170166	33.1219291687
778.971069336	27.2746047974
779.260437012	39.6116104126
779.549865723	33.9797973633
779.839233398	27.0111370087
780.128601074	49.4392051697
780.418029785	50.3300971985
780.707397461	36.5652961731
780.996765137	41.3119697571
781.286193848	40.4855766296
781.575561523	38.7918167114
781.864929199	31.6732559204
782.15435791	25.0014057159
782.443725586	33.4714660645
782.733093262	32.2247276306
783.022521973	36.0992660522
783.311889648	34.1799201965
783.601257324	36.8809394836
783.890686035	43.8953666687
784.180053711	19.2221183777
784.469482422	27.1349830627
784.758850098	18.126039505
785.048217773	10.8014230728
785.337646484	23.6300601959
785.62701416	15.2202377319
785.916381836	24.7816066742
786.205810547	33.0724029541
786.495178223	39.14793396
786.784545898	4.40656709671
787.073974609	20.3714351654
787.363342285	27.448184967
787.652709961	13.7261066437
787.942138672	15.0256919861
788.231506348	26.9891605377
788.520874023	26.134513855
788.810302734	43.7363433838
789.09967041	45.3753509521
789.389038086	41.6967277527
789.678466797	42.9201431274
789.967834473	26.7185726166
790.257263184	38.8704528809
790.546630859	32.4384117126
790.835998535	25.4870853424
791.125427246	44.5874519348
791.414794922	50.7874946594
791.704162598	59.5942230225
791.993591309	40.2504997253
792.282958984	56.139503479
792.57232666	41.140083313
792.861755371	40.3097839355
793.151123047	39.7672691345
793.440490723	30.1745185852
793.729919434	29.6402378082
794.019287109	43.6068115234
794.308654785	28.0323696136
794.598083496	44.459274292
794.887451172	32.5728187561
795.176818848	30.7732791901
795.466247559	54.4023323059
795.755615234	37.9914627075
796.045043945	38.5206604004
796.334411621	34.0197029114
796.623779297	33.1005363464
796.913208008	29.1299781799
797.202575684	47.7313156128
797.491943359	38.4976959229
797.78137207	20.6099014282
798.070739746	37.0256919861
798.360107422	52.0933418274
798.649536133	45.463848114
798.938903809	47.87109375
799.228271484	43.1238021851
799.517700195	20.721113205
799.807067871	26.8034095764
800.096435547	56.3686180115
800.385864258	26.0406360626
800.675231934	39.6964187622
800.964660645	68.396270752
801.25402832	53.0713424683
801.543395996	48.579662323
801.832824707	48.612033844
802.122192383	43.8896408081
802.411560059	48.4716949463
802.70098877	44.8812637329
802.990356445	58.5297203064
803.279724121	58.6054267883
803.569152832	59.8968315125
803.858520508	74.5843505859
804.147888184	60.1627426147
804.437316895	49.7429656982
804.72668457	59.4048500061
805.016052246	65.6016464233
805.305480957	60.542224884
805.594848633	56.6626052856
805.884216309	65.0554504395
806.17364502	51.5958786011
806.463012695	63.7631340027
806.752441406	52.7625465393
807.041809082	61.8387374878
807.331176758	95.9801177979
807.620605469	38.9553604126
807.909973145	68.8135375977
808.19934082	33.6570625305
808.488769531	29.4897270203
808.778137207	69.2961425781
809.067504883	45.8843002319
809.356933594	67.1476287842
809.64630127	46.3637123108
809.935668945	65.4599227905
810.225097656	53.2596321106
810.514465332	35.6190261841
810.803833008	42.1373596191
811.093261719	58.2305221558
811.382629395	59.149974823
811.67199707	64.9258728027
811.961425781	68.0002365112
812.250793457	74.30909729
812.540222168	83.6659317017
812.829589844	70.8788452148
813.11895752	58.793170929
813.40838623	62.5994682312
813.697753906	79.2550048828
813.987121582	84.1268539429
814.276550293	58.8547821045
814.565917969	87.1170120239
814.855285645	78.7256698608
815.144714355	63.6286506653
815.434082031	63.7273025513
815.723449707	80.9038391113
816.012878418	48.4342575073
816.302246094	66.4875030518
816.59161377	74.435760498
816.88104248	42.0626182556
817.170410156	50.0475006104
817.459777832	54.9867324829
817.749206543	67.9212036133
818.038574219	52.9680976868
818.32800293	61.2966117859
818.617370605	64.3674316406
818.906738281	84.2383041382
819.196166992	79.7714080811
819.485534668	52.3100013733
819.774902344	64.2267684937
820.064331055	78.0093841553
820.35369873	75.8311843872
820.643066406	68.5917053223
820.932495117	51.4136276245
821.221862793	55.2195549011
821.511230469	77.9229431152
821.80065918	70.2685470581
822.090026855	53.3198394775
822.379394531	64.6487197876
822.668823242	71.6806030273
822.958190918	56.654499054
823.247558594	55.038066864
823.536987305	66.8485107422
823.82635498	89.3211898804
824.115783691	77.2793426514
824.405151367	59.2710609436
824.694519043	110.796226501
824.983947754	25.2541389465
825.27331543	57.6469802856
825.562683105	58.921661377
825.852111816	31.5753688812
826.141479492	63.2291984558
826.430847168	80.5407409668
826.720275879	71.2679367065
827.009643555	60.3587799072
827.29901123	70.4359512329
827.588439941	69.7864379883
827.877807617	69.3040390015
828.167175293	68.7842788696
828.456604004	60.2075195313
828.74597168	71.8650131226
829.035339355	97.0168914795
829.324768066	70.0753860474
829.614135742	50.9294090271
829.903564453	49.7835578918
830.192932129	60.5186843872
830.482299805	54.2843322754
830.771728516	53.0325241089
831.061096191	52.7053947449
831.350463867	51.6231422424
831.639892578	73.0266036987
831.929260254	64.0957183838
832.21862793	62.7085342407
832.508056641	67.9025268555
832.797424316	74.9203720093
833.086791992	64.9799575806
833.376220703	50.9852333069
833.665588379	48.9281234741
833.954956055	37.7118377686
834.244384766	29.5291194916
834.533752441	61.4490623474
834.823181152	44.8737678528
835.112548828	72.6377029419
835.401916504	56.4844055176
835.691345215	75.2286911011
835.980712891	48.5739250183
836.270080566	60.5290260315
836.559509277	35.8131065369
836.848876953	22.7203521729
837.138244629	63.1927871704
837.42767334	57.918762207
837.717041016	52.5755195618
838.006408691	29.1343784332
838.295837402	26.7761249542
838.585205078	36.2905502319
838.874572754	42.6772918701
839.164001465	34.604927063
839.453369141	49.6015281677
839.742736816	54.6860237122
840.032165527	60.8282546997
840.321533203	43.3778381348
840.610961914	35.9194869995
840.90032959	55.0110588074
841.189697266	54.5298805237
841.479125977	46.9348106384
841.768493652	53.54737854
842.057861328	45.9099502563
842.347290039	36.676940918
842.636657715	49.0321846008
842.926025391	43.3932914734
843.215454102	52.726688385
843.504821777	53.5282211304
843.794189453	42.2662811279
844.083618164	25.1216487885
844.37298584	38.6890525818
844.662353516	34.1893196106
844.951782227	23.6611423492
845.241149902	27.5796203613
845.530517578	52.5737800598
845.819946289	31.9376964569
846.109313965	39.0859107971
846.398742676	56.4092979431
846.688110352	74.6842193604
846.977478027	34.9571914673
847.266906738	25.3452758789
847.556274414	15.7400712967
847.84564209	30.34116745
848.135070801	39.9870643616
848.424438477	23.1911849976
848.713806152	24.4836864471
849.003234863	34.8847122192
849.292602539	32.8652000427
849.581970215	40.5673713684
849.871398926	28.2799167633
850.160766602	28.9947814941
850.450134277	43.4249801636
850.739562988	28.990064621
851.028930664	26.6888160706
851.31829834	38.4283370972
851.607727051	8.21290683746
851.897094727	34.4880752563
852.186523438	55.1146850586
852.475891113	42.4171943665
852.765258789	47.4880180359
853.0546875	38.9605751038
853.344055176	51.7682113647
853.633422852	54.0367889404
853.922851563	26.9822444916
854.212219238	28.8601951599
854.501586914	28.5528430939
854.791015625	26.7194919586
855.080383301	47.1865539551
855.369750977	39.1023483276
855.659179688	44.3854484558
855.948547363	16.5890846252
856.237915039	11.8237247467
856.52734375	26.1095142365
856.816711426	22.487953186
857.106079102	12.948179245
857.395507813	32.2705879211
857.684875488	35.8121147156
857.974304199	-0.918209969997
858.263671875	52.2876205444
858.553039551	35.7729949951
858.842468262	2.51532626152
859.131835938	8.12838459015
859.421203613	19.9045276642
859.710632324	42.2852897644
860	21.6131896973
860.289367676	-5.69269704819
860.578796387	-2.98820662498
860.868164063	22.9781227112
861.157531738	7.08410072327
861.446960449	-9.61424064636
861.736328125	14.9372940063
862.025695801	6.74371147156
862.315124512	-1.52396631241
862.604492188	16.4770317078
862.893920898	17.2376747131
863.183288574	23.1905765533
863.47265625	-3.67366099358
863.762084961	-18.9957828522
864.051452637	-2.39615154266
864.340820313	-3.71278095245
864.630249023	9.00391674042
864.919616699	14.2409982681
865.208984375	7.32329416275
865.498413086	4.71577310562
865.787780762	-2.64699912071
866.077148438	3.32372498512
866.366577148	-2.42442131042
866.655944824	-2.21102142334
866.9453125	8.51214408875
867.234741211	-2.35172486305
867.524108887	16.0665092468
867.813476563	30.3211688995
868.102905273	40.7114486694
868.392272949	19.6106414795
868.68170166	12.1332464218
868.971069336	-5.58743572235
869.260437012	26.0234260559
869.549865723	8.1141462326
869.839233398	-14.5066823959
870.128601074	3.81560397148
870.418029785	20.6565685272
870.707397461	24.1600074768
870.996765137	-1.09607458115
871.286193848	-9.24094963074
871.575561523	-6.9411239624
871.864929199	4.21734428406
872.15435791	-26.0886631012
872.443725586	22.7150688171
872.733093262	12.3491230011
873.022521973	-13.5359859467
873.311889648	-8.41518783569
873.601257324	-58.4979286194
873.890686035	7.58741521835
874.180053711	26.4922218323
874.469482422	12.7831335068
874.758850098	2.35224747658
875.048217773	9.64572715759
875.337646484	18.5985031128
875.62701416	-14.7654886246
875.916381836	4.03140878677
876.205810547	9.44634246826
876.495178223	-2.03947472572
876.784545898	8.21787166595
877.073974609	-8.32251644135
877.363342285	-13.2807455063
877.652709961	8.10160064697
877.942138672	17.1537418365
878.231506348	-7.42680215836
878.520874023	-19.8235092163
878.810302734	-2.88855481148
879.09967041	-18.2671947479
879.389038086	-16.642660141
879.678466797	-13.1422767639
879.967834473	-12.3761415482
880.257263184	-0.582789480686
880.546630859	-11.5019569397
880.835998535	-3.01536202431
881.125427246	13.5900020599
881.414794922	25.7877788544
881.704162598	26.5553779602
881.993591309	-7.50063467026
882.282958984	-1.31506550312
882.57232666	2.68910717964
882.861755371	-10.7860956192
883.151123047	-1.45794808865
883.440490723	14.6951503754
883.729919434	9.73435211182
884.019287109	-32.5812988281
884.308654785	8.63405513763
884.598083496	-2.85506367683
884.887451172	7.16326904297
885.176818848	-18.3948135376
885.466247559	-10.4039516449
885.755615234	31.1439208984
886.045043945	10.2480649948
886.334411621	25.4944248199
886.623779297	17.8723773956
886.913208008	4.08565092087
887.202575684	7.51975536346
887.491943359	-10.2561016083
887.78137207	6.32216310501
888.070739746	-11.6031074524
888.360107422	-16.5466880798
888.649536133	0.427815616131
888.938903809	-1.65712296963
889.228271484	-3.83166122437
889.517700195	-6.10813331604
889.807067871	6.91508245468
890.096435547	1.14386439323
890.385864258	16.9469814301
890.675231934	-5.33448982239
890.964660645	3.37023925781
891.25402832	-10.3233423233
891.543395996	-19.7141895294
891.832824707	-6.14739894867
892.122192383	-2.05606818199
892.411560059	27.6275482178
892.70098877	6.41870260239
892.990356445	8.08522891998
893.279724121	36.2234344482
893.569152832	102.805358887
893.858520508	27.0790653229
894.147888184	-6.99464321136
894.437316895	0.0965606272221
894.72668457	17.0641117096
895.016052246	17.0487537384
895.305480957	1.20001590252
895.594848633	20.1341209412
895.884216309	26.0972766876
896.17364502	24.9233436584
896.463012695	7.20315170288
896.752441406	4.04264640808
897.041809082	0.430608212948
897.331176758	13.1586580276
897.620605469	22.7178783417
897.909973145	3.12976670265
898.19934082	10.9803752899
898.488769531	30.2624969482
898.778137207	34.7332229614
899.067504883	29.7059001923
899.356933594	16.9472503662
899.64630127	20.6367263794
899.935668945	26.5930480957
900.225097656	3.78923153877
900.514465332	3.3898396492
900.803833008	29.4374694824
901.093261719	1.94249141216
901.382629395	5.45911550522
901.67199707	23.7491760254
901.961425781	13.3874998093
902.250793457	12.7639865875
902.540222168	27.9889793396
902.829589844	49.1042366028
903.11895752	32.9004020691
903.40838623	27.1214866638
903.697753906	25.3507575989
903.987121582	23.4708976746
904.276550293	29.6614665985
904.565917969	2.82457447052
904.855285645	20.672252655
905.144714355	22.3664836884
905.434082031	-6.46918725967
905.723449707	23.9690685272
906.012878418	56.894744873
906.302246094	50.8041915894
906.59161377	32.7297477722
906.88104248	20.3224182129
907.170410156	30.1715621948
907.459777832	25.5585460663
907.749206543	16.367767334
908.038574219	46.7857589722
908.32800293	45.7563591003
908.617370605	33.3296203613
908.906738281	48.2769088745
909.196166992	37.3349113464
909.485534668	26.8857135773
909.774902344	6.29906606674
910.064331055	24.035533905
910.35369873	55.1114845276
910.643066406	58.2689781189
910.932495117	-1.53410696983
911.221862793	58.1968727112
911.511230469	55.1256065369
911.80065918	56.375743866
912.090026855	39.1680030823
912.379394531	35.8867759705
912.668823242	-3.41191315651
912.958190918	34.8388404846
913.247558594	51.6144981384
913.536987305	39.0706939697
913.82635498	40.9974708557
914.115783691	11.8198776245
914.405151367	-16.8470916748
914.694519043	42.1292495728
914.983947754	10.1818780899
915.27331543	42.822769165
915.562683105	47.3943252563
915.852111816	56.2596969604
916.141479492	37.0194854736
916.430847168	8.29856109619
916.720275879	37.5833702087
917.009643555	60.8536529541
917.29901123	26.5951328278
917.588439941	19.5422935486
917.877807617	59.7161445618
918.167175293	77.8838882446
918.456604004	53.2246055603
918.74597168	35.2226753235
919.035339355	27.0874423981
919.324768066	30.7672691345
919.614135742	35.2108955383
919.903564453	54.7264137268
920.192932129	33.3536338806
920.482299805	44.9823188782
920.771728516	50.298866272
921.061096191	44.2681274414
921.350463867	34.5657539368
921.639892578	51.1672134399
921.929260254	51.1784667969
922.21862793	41.8950424194
922.508056641	34.5470352173
922.797424316	31.5946655273
923.086791992	24.4953231812
923.376220703	61.1851577759
923.665588379	66.5516357422
923.954956055	44.4051742554
924.244384766	30.8645420074
924.533752441	13.817688942
924.823181152	45.9438056946
925.112548828	57.186504364
925.401916504	35.7456054688
925.691345215	25.9554634094
925.980712891	41.812664032
926.270080566	41.1037025452
926.559509277	18.5696601868
926.848876953	36.3221244812
927.138244629	62.754032135
927.42767334	46.3833198547
927.717041016	53.6047782898
928.006408691	52.661441803
928.295837402	43.6198348999
928.585205078	40.9897270203
928.874572754	20.7543983459
929.164001465	45.0587387085
929.453369141	45.1271209717
929.742736816	39.9420814514
930.032165527	47.4468612671
930.321533203	58.219833374
930.610961914	68.5007324219
930.90032959	58.2370834351
931.189697266	51.3118133545
931.479125977	34.0795288086
931.768493652	41.3986434937
932.057861328	57.0805511475
932.347290039	67.4674072266
932.636657715	64.1205062866
932.926025391	44.8363494873
933.215454102	40.513004303
933.504821777	17.3623905182
933.794189453	34.4505500793
934.083618164	38.5349159241
934.37298584	23.9756126404
934.662353516	32.8137702942
934.951782227	38.9042396545
935.241149902	56.4577293396
935.530517578	43.8964729309
935.819946289	49.2630653381
936.109313965	39.3495140076
936.398742676	68.7305145264
936.688110352	45.8670120239
936.977478027	45.7261619568
937.266906738	42.2297210693
937.556274414	59.431892395
937.84564209	62.261505127
938.135070801	71.8158416748
938.424438477	46.8031692505
938.713806152	33.4413757324
939.003234863	16.7330188751
939.292602539	39.0987625122
939.581970215	39.3658752441
939.871398926	51.8879890442
940.160766602	58.4580764771
940.450134277	57.7666931152
940.739562988	54.3015022278
941.028930664	48.1203727722
941.31829834	39.5574035645
941.607727051	56.590259552
941.897094727	36.0077629089
942.186523438	36.7732810974
942.475891113	36.6749153137
942.765258789	31.273815155
943.0546875	44.2085227966
943.344055176	63.9797859192
943.633422852	53.6958732605
943.922851563	38.1405944824
944.212219238	30.4621486664
944.501586914	33.2673454285
944.791015625	46.8600158691
945.080383301	23.4027614594
945.369750977	27.5731945038
945.659179688	15.7417907715
945.948547363	24.4669113159
946.237915039	44.3299713135
946.52734375	33.7722473145
946.816711426	39.9238815308
947.106079102	64.5169219971
947.395507813	27.371553421
947.684875488	0.913811743259
947.974304199	34.86170578
948.263671875	53.2962989807
948.553039551	34.8405075073
948.842468262	18.136302948
949.131835938	21.0369606018
949.421203613	30.2225284576
949.710632324	30.4672966003
950	15.6601905823
950.289367676	37.7429771423
950.578796387	37.3078117371
950.868164063	25.2551002502
951.157531738	25.8435020447
951.446960449	36.4273834229
951.736328125	34.0882911682
952.025695801	15.5944185257
952.315124512	0.256667017937
952.604492188	4.30087900162
952.893920898	43.7817306519
953.183288574	46.7575836182
953.47265625	21.4548721313
953.762084961	47.7589645386
954.051452637	57.8129425049
954.340820313	33.8002700806
954.630249023	11.890253067
954.919616699	15.5233316422
955.208984375	3.06314897537
955.498413086	2.11138391495
955.787780762	33.6746368408
956.077148438	37.3829116821
956.366577148	39.3574180603
956.655944824	50.2260932922
956.9453125	12.0737705231
957.234741211	10.2216148376
957.524108887	19.052936554
957.813476563	11.4352827072
958.102905273	33.8301963806
958.392272949	14.6786079407
958.68170166	25.2038936615
958.971069336	22.8093852997
959.260437012	22.2913398743
959.549865723	11.5075445175
959.839233398	14.9829082489
960.128601074	25.2275600433
960.418029785	47.134437561
960.707397461	47.7155151367
960.996765137	13.57051754
961.286193848	-7.20351362228
961.575561523	0.821899294853
961.864929199	22.0602035522
962.15435791	8.5171289444
962.443725586	32.0225219727
962.733093262	21.3194198608
963.022521973	16.7477817535
963.311889648	3.11377096176
963.601257324	-5.61203670502
963.890686035	23.3297519684
964.180053711	34.9704017639
964.469482422	46.6499824524
964.758850098	56.6055717468
965.048217773	39.8148231506
965.337646484	12.9546098709
965.62701416	35.3501396179
965.916381836	15.0901527405
966.205810547	29.5688076019
966.495178223	26.5046215057
966.784545898	-0.526362895966
967.073974609	29.385641098
967.363342285	25.7533397675
967.652709961	11.8610277176
967.942138672	10.6114110947
968.231506348	23.215681076
968.520874023	27.4764461517
968.810302734	17.7361068726
969.09967041	18.9948673248
969.389038086	18.0607395172
969.678466797	23.7254219055
969.967834473	16.7029151917
970.257263184	2.55802798271
970.546630859	17.3343505859
970.835998535	8.52131557465
971.125427246	28.3996219635
971.414794922	6.25553369522
971.704162598	0.807245790958
971.993591309	23.166021347
972.282958984	9.33272266388
972.57232666	13.0253047943
972.861755371	11.6948699951
973.151123047	15.8017578125
973.440490723	10.0756387711
973.729919434	13.2215223312
974.019287109	-0.938190877438
974.308654785	8.47875595093
974.598083496	-11.0089054108
974.887451172	-11.2389307022
975.176818848	1.29227352142
975.466247559	2.68888998032
975.755615234	-14.0010967255
976.045043945	10.6340446472
976.334411621	13.4838533401
976.623779297	-16.4190254211
976.913208008	-15.690621376
977.202575684	-12.9863204956
977.491943359	-28.685585022
977.78137207	-26.251127243
978.070739746	-8.72236347198
978.360107422	4.8562040329
978.649536133	-7.10899591446
978.938903809	-12.2325763702
979.228271484	-22.2484912872
979.517700195	4.96917009354
979.807067871	33.7247390747
980.096435547	20.4619998932
980.385864258	9.15671157837
980.675231934	11.8710212708
980.964660645	3.53228616714
981.25402832	-2.2831890583
981.543395996	-0.505402445793
981.832824707	-15.2044887543
982.122192383	-40.108833313
982.411560059	-42.5104866028
982.70098877	-26.0450248718
982.990356445	-0.478907525539
983.279724121	6.66875219345
983.569152832	2.9645383358
983.858520508	-6.5799407959
984.147888184	-16.3968811035
984.437316895	5.30100536346
984.72668457	7.56878185272
985.016052246	-24.0335578918
985.305480957	-28.1699008942
985.594848633	-12.2756595612
985.884216309	-4.95856618881
986.17364502	0.163880497217
986.463012695	-12.0080404282
986.752441406	-21.7247047424
987.041809082	-6.23353910446
987.331176758	14.5388765335
987.620605469	11.2338323593
987.909973145	-18.8079605103
988.19934082	-28.7894515991
988.488769531	-3.46534514427
988.778137207	13.7943744659
989.067504883	0.997698545456
989.356933594	-25.9970417023
989.64630127	-13.1267261505
989.935668945	-32.473941803
990.225097656	-30.7963180542
990.514465332	-15.8947515488
990.803833008	-34.8982162476
991.093261719	-10.1073122025
991.382629395	-13.5197105408
991.67199707	-7.39695358276
991.961425781	-6.87240743637
992.250793457	-46.9037017822
992.540222168	-12.2441473007
992.829589844	-22.1438503265
993.11895752	-15.9903316498
993.40838623	-14.9079246521
993.697753906	-30.3618278503
993.987121582	-13.4382886887
994.276550293	-18.9803924561
994.565917969	-25.488494873
994.855285645	4.43724060059
995.144714355	-13.4720506668
995.434082031	-9.4869890213
995.723449707	4.94094371796
996.012878418	9.66324424744
996.302246094	-28.6063327789
996.59161377	-21.4794254303
996.88104248	-21.963180542
997.170410156	-8.50253200531
997.459777832	-11.9364156723
997.749206543	-16.2597694397
998.038574219	-18.9331550598
998.32800293	-10.9996728897
998.617370605	-51.4291610718
998.906738281	-12.9072351456
999.196166992	2.12243819237
999.485534668	-18.5709667206
999.774902344	-10.4067058563
1000.06433105	-42.7857246399
1000.35369873	-15.4044218063
1000.64306641	-22.8092517853
1000.93249512	-6.44828033447
1001.22186279	-29.0423202515
1001.51123047	-13.0413885117
1001.80065918	-17.7099571228
1002.09002686	10.0287656784
1002.37939453	-27.2752342224
1002.66882324	13.5054149628
1002.95819092	-6.62500143051
1003.24755859	-8.14189243317
1003.5369873	3.43831753731
1003.82635498	-24.7961025238
1004.11578369	-46.7259025574
1004.40515137	1.83801698685
1004.69451904	14.1726884842
1004.98394775	-18.7580871582
1005.27331543	-1.92268419266
1005.56268311	-5.13098144531
1005.85211182	-1.00169909
1006.14147949	21.5717411041
1006.43084717	1.55729186535
1006.72027588	-20.0197238922
1007.00964355	-14.1862735748
1007.29901123	-9.7331943512
1007.58843994	-10.8539113998
1007.87780762	-18.1693878174
1008.16717529	-3.19018435478
1008.456604	-0.636341452599
1008.74597168	9.69076156616
1009.03533936	-4.01265335083
1009.32476807	-4.02643728256
1009.61413574	-3.87072086334
1009.90356445	-3.9589676857
1010.19293213	7.48629951477
1010.4822998	-8.86848258972
1010.77172852	-9.27801799774
1011.06109619	-12.6491575241
1011.35046387	3.16183209419
1011.63989258	7.91440534592
1011.92926025	11.6565475464
1012.21862793	10.5888748169
1012.50805664	4.69496440887
1012.79742432	11.5835905075
1013.08679199	18.1184577942
1013.3762207	17.1410503387
1013.66558838	19.0047740936
1013.95495605	24.123380661
1014.24438477	23.6594028473
1014.53375244	27.2540836334
1014.82318115	13.0703773499
1015.11254883	-4.57908248901
1015.4019165	22.7026100159
1015.69134521	31.3060131073
1015.98071289	15.2378530502
1016.27008057	20.5027008057
1016.55950928	28.7501468658
1016.84887695	28.5164585114
1017.13824463	30.4194889069
1017.42767334	37.1288490295
1017.71704102	40.1310005188
1018.00640869	29.0584468842
1018.2958374	24.9597015381
1018.58520508	35.3734741211
1018.87457275	8.03187656403
1019.16400146	15.0141859055
1019.45336914	35.0246391296
1019.74273682	41.8939781189
1020.03216553	32.1414260864
1020.3215332	33.2876205444
1020.61096191	58.7640686035
1020.90032959	21.4092884064
1021.18969727	40.2908325195
1021.47912598	52.0333976746
1021.76849365	37.9359397888
1022.05786133	34.1983451843
1022.34729004	64.6992111206
1022.63665771	51.7482376099
1022.92602539	67.1234359741
1023.2154541	77.9104309082
1023.50482178	98.3246917725
1023.79418945	80.0319213867
1024.08361816	72.4214630127
1024.37304688	96.8837509155
1024.66235352	89.7568206787
1024.95178223	74.6116867065
1025.24121094	98.8635253906
1025.53051758	103.470481873
1025.81994629	123.406402588
1026.109375	111.996627808
1026.39868164	114.288642883
1026.68811035	108.27973938
1026.97753906	124.472007751
1027.2668457	145.598495483
1027.55627441	137.695556641
1027.84570313	153.07043457
1028.13500977	164.383453369
1028.42443848	157.943389893
1028.71386719	162.335861206
1029.00317383	163.484802246
1029.29260254	183.669265747
1029.58203125	187.928436279
1029.87133789	206.198959351
1030.1607666	222.484008789
1030.45019531	216.615234375
1030.73950195	213.901885986
1031.02893066	230.944244385
1031.31835938	254.954391479
1031.60766602	268.323059082
1031.89709473	290.329315186
1032.18652344	275.580169678
1032.47583008	275.99230957
1032.76525879	280.791015625
1033.0546875	318.600952148
1033.34399414	318.29385376
1033.63342285	326.634552002
1033.92285156	332.221374512
1034.2121582	363.75213623
1034.50158691	381.496673584
1034.79101563	406.193817139
1035.08044434	410.984222412
1035.36975098	444.474975586
1035.65917969	468.545166016
1035.9486084	490.655914307
1036.23791504	526.26385498
1036.52734375	523.391662598
1036.81677246	536.77142334
1037.1060791	593.589294434
1037.39550781	639.443664551
1037.68493652	670.790771484
1037.97424316	712.050048828
1038.26367188	748.454223633
1038.55310059	786.633300781
1038.84240723	837.285217285
1039.13183594	878.815368652
1039.42126465	942.025695801
1039.71057129	1026.56091309
1040	1095.50561523
1040.28942871	1166.20666504
1040.57873535	1256.84094238
1040.86816406	1344.9765625
1041.15759277	1408.32897949
1041.44689941	1502.33581543
1041.73632813	1602.9050293
1042.02575684	1708.07739258
1042.31506348	1837.2722168
1042.60449219	1991.00256348
1042.8939209	2164.88818359
1043.18322754	2301.23974609
1043.47265625	2452.9140625
1043.76208496	2647.17163086
1044.0513916	2858.06762695
1044.34082031	3077.9284668
1044.63024902	3308.19140625
1044.91955566	3520.64111328
1045.20898438	3778.35791016
1045.49841309	4071.05541992
1045.7878418	4309.7109375
1046.07714844	4551.64404297
1046.36657715	4815.13037109
1046.65600586	5059.24121094
1046.9453125	5267.37792969
1047.23474121	5517.78369141
1047.52416992	5743.53320313
1047.81347656	5904.71777344
1048.10290527	6041.68554688
1048.39233398	6188.38916016
1048.68164063	6280.51611328
1048.97106934	6319.35351563
1049.26049805	6324.23095703
1049.54980469	6282.05029297
1049.8392334	6151.84570313
1050.12866211	6071.57226563
1050.41796875	5984.22070313
1050.70739746	5791.20849609
1050.99682617	5584.30566406
1051.28613281	5347.6640625
1051.57556152	5109.28369141
1051.86499023	4872.93164063
1052.15429688	4555.79492188
1052.44372559	4286.47753906
1052.7331543	4046.07861328
1053.02246094	3792.13378906
1053.31188965	3525.29052734
1053.60131836	3291.49487305
1053.890625	3054.68212891
1054.18005371	2795.42358398
1054.46948242	2580.92700195
1054.75878906	2369.51000977
1055.04821777	2270.66552734
1055.33764648	2040.95361328
1055.62695313	1911.53222656
1055.91638184	1749.28210449
1056.20581055	1665.4387207
1056.49511719	1516.30541992
1056.7845459	1422.80187988
1057.07397461	1317.77636719
1057.36340332	1233.78308105
1057.65270996	1123.87744141
1057.94213867	1051.93444824
1058.23156738	991.807312012
1058.52087402	902.248779297
1058.81030273	862.763793945
1059.09973145	814.686523438
1059.38903809	725.622558594
1059.6784668	709.019958496
1059.96789551	654.21270752
1060.25720215	633.39630127
1060.54663086	595.393737793
1060.83605957	563.84576416
1061.12536621	535.788208008
1061.41479492	482.672851563
1061.70422363	452.597045898
1061.99353027	449.406646729
1062.28295898	403.048614502
1062.5723877	374.434753418
1062.86169434	388.88494873
1063.15112305	387.597259521
1063.44055176	345.406219482
1063.7298584	305.975585938
1064.01928711	302.83581543
1064.30871582	270.618896484
1064.59802246	248.228302002
1064.88745117	258.064605713
1065.17687988	264.929260254
1065.46618652	257.135314941
1065.75561523	219.998977661
1066.04504395	186.330413818
1066.33435059	184.254257202
1066.6237793	177.239990234
1066.91320801	182.830215454
1067.20251465	173.902008057
1067.49194336	141.015670776
1067.78137207	158.878829956
1068.07067871	161.301223755
1068.36010742	135.865570068
1068.64953613	134.029022217
1068.93896484	122.62071228
1069.22827148	110.122192383
1069.5177002	124.083511353
1069.80712891	108.531150818
1070.09643555	85.1927947998
1070.38586426	80.9485397339
1070.67529297	85.2028198242
1070.96459961	99.2946395874
1071.25402832	104.018157959
1071.54345703	100.768051147
1071.83276367	47.4047889709
1072.12219238	36.0003814697
1072.41162109	42.6560287476
1072.70092773	58.1091766357
1072.99035645	68.5783004761
1073.27978516	58.5518226624
1073.5690918	24.0137577057
1073.85852051	37.9013404846
1074.14794922	32.4334564209
1074.43725586	37.6873817444
1074.72668457	34.3557281494
1075.01611328	20.0958499908
1075.30541992	28.3395233154
1075.59484863	44.2388267517
1075.88427734	34.471622467
1076.17358398	29.1982078552
1076.4630127	33.7513198853
1076.75244141	33.7028656006
1077.04174805	-9.53783512115
1077.33117676	19.7599048615
1077.62060547	5.36819076538
1077.90991211	39.6108894348
1078.19934082	40.4896812439
1078.48876953	-0.998484730721
1078.77807617	28.6637649536
1079.06750488	5.3907160759
1079.35693359	7.48192453384
1079.6463623	5.48914861679
1079.93566895	-5.59762430191
1080.22509766	-17.6416702271
1080.51452637	16.1985626221
1080.80383301	-3.64895319939
1081.09326172	34.5736045837
1081.38269043	-14.0051107407
1081.67199707	-17.3438358307
1081.96142578	2.76543831825
1082.25085449	-7.86796283722
1082.54016113	8.45297908783
1082.82958984	22.5842266083
1083.11901855	11.210103035
1083.4083252	2.1794822216
1083.69775391	-26.6458129883
1083.98718262	-16.9564609528
1084.27648926	-11.9348344803
1084.56591797	-12.1810283661
1084.85534668	5.24416399002
1085.14465332	-6.38606595993
1085.43408203	-3.94817781448
1085.72351074	1.78023767471
1086.01281738	-1.30018782616
1086.30224609	-12.6791944504
1086.5916748	-15.3819313049
1086.88098145	-11.7309112549
1087.17041016	-4.49907779694
1087.45983887	-4.57339668274
1087.74914551	-16.2856578827
1088.03857422	-4.18810176849
1088.32800293	11.2409973145
1088.61730957	2.99162650108
1088.90673828	-10.2535905838
1089.19616699	-11.0715618134
1089.48547363	-0.834116458893
1089.77490234	22.4079704285
1090.06433105	12.9322853088
1090.3536377	27.1755905151
1090.64306641	19.0246105194
1090.93249512	-10.3641614914
1091.22192383	-13.7822303772
1091.51123047	4.87074279785
1091.80065918	-11.9911737442
1092.09008789	18.86419487
1092.37939453	-57.1141815186
1092.66882324	1.08005619049
1092.95825195	-9.94885253906
1093.24755859	-17.8354301453
1093.5369873	-13.2076005936
1093.82641602	25.3723773956
1094.11572266	10.6440029144
1094.40515137	-15.0987730026
1094.69458008	1.51929068565
1094.98388672	-29.1192398071
1095.27331543	-35.3952178955
1095.56274414	12.6686458588
1095.85205078	2.81917691231
1096.14147949	6.33567857742
1096.4309082	-38.2381515503
1096.72021484	-11.5724840164
1097.00964355	13.379076004
1097.29907227	1.05085098743
1097.58837891	4.83712482452
1097.87780762	5.97130203247
1098.16723633	20.2793064117
1098.45654297	-11.5560007095
1098.74597168	-6.66156959534
1099.03540039	-19.2456550598
1099.32470703	-16.6952209473
1099.61413574	14.4892501831
1099.90356445	10.3641500473
1100.19287109	1.76663434505
1100.4822998	1.88176858425
1100.77172852	15.2522735596
1101.06103516	-1.94240927696
1101.35046387	-5.70715808868
1101.63989258	9.37037849426
1101.92932129	1.71842324734
1102.21862793	-2.00165081024
1102.50805664	-4.87284469604
1102.79748535	-4.4242143631
1103.08679199	-10.923584938
1103.3762207	-13.1072788239
1103.66564941	8.23832416534
1103.95495605	-12.4671010971
1104.24438477	-32.1088027954
1104.53381348	-11.7846841812
1104.82312012	-18.0902080536
1105.11254883	-27.4994869232
1105.40197754	2.40715074539
1105.69128418	-0.390071541071
1105.98071289	41.7392234802
1106.2701416	-26.8062877655
1106.55944824	-0.68602925539
1106.84887695	-14.582613945
1107.13830566	-34.1525382996
1107.4276123	4.25385284424
1107.71704102	12.7601003647
1108.00646973	18.7917385101
1108.29577637	-23.1920070648
1108.58520508	14.2048654556
1108.87463379	-0.940742611885
1109.16394043	8.17560958862
1109.45336914	2.78732562065
1109.74279785	14.353143692
1110.03210449	-19.2204456329
1110.3215332	-24.4866600037
1110.61096191	-25.1625404358
1110.90026855	-17.7629852295
1111.18969727	6.28476572037
1111.47912598	-14.1489286423
1111.76843262	-12.1678304672
1112.05786133	4.86331939697
1112.34729004	-15.0298471451
1112.63659668	-25.3446483612
1112.92602539	-26.2763881683
1113.2154541	-32.7130126953
1113.50488281	-14.3390884399
1113.79418945	-13.3042793274
1114.08361816	-19.4357280731
1114.37304688	-23.923620224
1114.66235352	-6.89271783829
1114.95178223	8.79663562775
1115.24121094	23.8844261169
1115.53051758	-2.47773790359
1115.81994629	-4.66973257065
1116.109375	-31.6048908234
1116.39868164	10.6598978043
1116.68811035	-5.88414716721
1116.97753906	-22.8490905762
1117.2668457	-13.7957277298
1117.55627441	-6.08147239685
1117.84570313	1.30514633656
1118.13500977	-9.60682201385
1118.42443848	-20.7275276184
1118.71386719	-7.16854572296
1119.00317383	24.3413600922
1119.29260254	-16.2471179962
1119.58203125	-27.1578636169
1119.87133789	12.1415948868
1120.1607666	-5.09629869461
1120.45019531	13.9319219589
1120.73950195	13.0482730865
1121.02893066	6.58674764633
1121.31835938	5.97531938553
1121.60766602	-33.3951454163
1121.89709473	-35.6442680359
1122.18652344	-14.5613613129
1122.47583008	-7.34588813782
1122.76525879	-8.27958202362
1123.0546875	10.2657279968
1123.34399414	-13.9523925781
1123.63342285	-9.79721927643
1123.92285156	7.16703605652
1124.2121582	-8.53643608093
1124.50158691	0.12606112659
1124.79101563	-5.50978136063
1125.08044434	7.43054866791
1125.36975098	11.1621341705
1125.65917969	-3.56794595718
1125.9486084	-10.5377721786
1126.23791504	-13.690952301
1126.52734375	19.4041748047
1126.81677246	-24.1905879974
1127.1060791	-24.5267124176
1127.39550781	-14.1214742661
1127.68493652	-29.5135993958
1127.97424316	-16.2838058472
1128.26367188	-19.079252243
1128.55310059	25.2532310486
1128.84240723	-29.0867996216
1129.13183594	13.8516407013
1129.42126465	17.6445732117
1129.71057129	-12.313621521
1130	-31.1095561981
1130.28942871	1.82302570343
1130.57873535	-7.70255184174
1130.86816406	-8.72456073761
1131.15759277	-12.1547718048
1131.44689941	-5.79411935806
1131.73632813	-11.7736473083
1132.02575684	-15.5148944855
1132.31506348	-22.0023860931
1132.60449219	-26.514629364
1132.8939209	-14.0883951187
1133.18322754	3.45878100395
1133.47265625	-10.9103956223
1133.76208496	-7.98953294754
1134.0513916	5.04494810104
1134.34082031	-5.43409204483
1134.63024902	-5.35746765137
1134.91955566	-10.6384162903
1135.20898438	3.72922348976
1135.49841309	10.4743051529
1135.7878418	-3.49692249298
1136.07714844	-18.9722080231
1136.36657715	0.588303744793
1136.65600586	1.33387327194
1136.9453125	8.68329524994
1137.23474121	-21.9700603485
1137.52416992	-9.88904190063
1137.81347656	-24.9326858521
1138.10290527	-21.3692455292
1138.39233398	-21.442035675
1138.68164063	-21.4598007202
1138.97106934	2.17737102509
1139.26049805	-16.7152423859
1139.54980469	-13.9415044785
1139.8392334	-9.6583366394
1140.12866211	-22.111497879
1140.41796875	-17.6478176117
1140.70739746	1.64902126789
1140.99682617	-4.89740133286
1141.28613281	-5.00989294052
1141.57556152	-20.3600273132
1141.86499023	-14.0026407242
1142.15429688	-33.8685493469
1142.44372559	-13.7382154465
1142.7331543	-9.46774291992
1143.02246094	2.62923765182
1143.31188965	3.96855735779
1143.60131836	-16.8073577881
1143.890625	3.09089279175
1144.18005371	9.02689170837
1144.46948242	-14.2446279526
1144.75878906	-0.573428452015
1145.04821777	-0.0544213652611
1145.33764648	-10.071059227
1145.62695313	-28.789018631
1145.91638184	-4.26464128494
1146.20581055	-12.569852829
1146.49511719	-43.1574440002
1146.7845459	16.12865448
1147.07397461	-13.7537050247
1147.36340332	1.13200092316
1147.65270996	-37.7807846069
1147.94213867	-23.0840415955
1148.23156738	-23.2710895538
1148.52087402	-21.8557491302
1148.81030273	-19.3186759949
1149.09973145	-2.62681746483
1149.38903809	-14.6226100922
1149.6784668	-23.998134613
1149.96789551	-2.87805294991
1150.25720215	-6.07062292099
1150.54663086	-15.8353071213
1150.83605957	-25.5643463135
1151.12536621	-15.4204912186
1151.41479492	-14.843378067
1151.70422363	-14.9606018066
1151.99353027	3.66176962852
1152.28295898	4.87706565857
1152.5723877	-10.6844940186
1152.86169434	-17.2310676575
1153.15112305	-24.9449710846
1153.44055176	-3.43524074554
1153.7298584	3.94347858429
1154.01928711	0.870688736439
1154.30871582	-19.5575695038
1154.59802246	-31.5553150177
1154.88745117	-20.4049606323
1155.17687988	-31.0690593719
1155.46618652	-16.5853595734
1155.75561523	-0.873481273651
1156.04504395	-26.6391429901
1156.33435059	-2.24772763252
1156.6237793	-7.07588863373
1156.91320801	-13.2199678421
1157.20251465	-10.5707406998
1157.49194336	-24.1742916107
1157.78137207	1.11326980591
1158.07067871	-6.86933898926
1158.36010742	25.0398044586
1158.64953613	-1.18874680996
1158.93896484	-15.034485817
1159.22827148	-2.98730969429
1159.5177002	15.0004472733
1159.80712891	14.5526580811
1160.09643555	18.7585258484
1160.38586426	7.38690757751
1160.67529297	-10.7425231934
1160.96459961	-1.43313980103
1161.25402832	26.1805934906
1161.54345703	3.78065562248
1161.83276367	-0.429980665445
1162.12219238	-5.81478214264
1162.41162109	-4.98815774918
1162.70092773	16.54778862
1162.99035645	21.2230453491
1163.27978516	-20.7315807343
1163.5690918	-16.1717090607
1163.85852051	26.154914856
1164.14794922	-1.16836309433
1164.43725586	0.102445952594
1164.72668457	25.7742843628
1165.01611328	-1.9235047102
1165.30541992	5.49427700043
1165.59484863	-8.4940404892
1165.88427734	-21.1718101501
1166.17358398	-25.8980712891
1166.4630127	-26.6617794037
1166.75244141	-0.835643529892
1167.04174805	2.14073204994
1167.33117676	-13.9623317719
1167.62060547	1.66458594799
1167.90991211	15.3904733658
1168.19934082	18.8157310486
1168.48876953	17.9099330902
1168.77807617	10.4585733414
1169.06750488	-10.5390205383
1169.35693359	-4.85936927795
1169.6463623	-22.9941711426
1169.93566895	-5.11642789841
1170.22509766	35.841545105
1170.51452637	33.1251983643
1170.80383301	-3.07127690315
1171.09326172	30.2865982056
1171.38269043	39.1303100586
1171.67199707	12.2106904984
1171.96142578	-7.48319244385
1172.25085449	5.27116584778
1172.54016113	37.2817230225
1172.82958984	46.2890090942
1173.11901855	18.0082111359
1173.4083252	11.8053884506
1173.69775391	24.9220504761
1173.98718262	31.0377388
1174.27648926	10.9359884262
1174.56591797	30.8583164215
1174.85534668	37.5535926819
1175.14465332	24.6530151367
1175.43408203	14.9889163971
1175.72351074	12.9586076736
1176.01281738	35.7699432373
1176.30224609	22.6815280914
1176.5916748	30.7645015717
1176.88098145	19.6642150879
1177.17041016	14.6168165207
1177.45983887	54.0791816711
1177.74914551	8.24110603333
1178.03857422	22.2137260437
1178.32800293	-0.104669310153
1178.61730957	21.0499286652
1178.90673828	28.789150238
1179.19616699	-10.2460412979
1179.48547363	34.5135383606
1179.77490234	50.5467033386
1180.06433105	34.7786026001
1180.3536377	27.1070289612
1180.64306641	19.8901958466
1180.93249512	23.6836166382
1181.22192383	24.9047718048
1181.51123047	23.3689403534
1181.80065918	22.3786697388
1182.09008789	36.2736549377
1182.37939453	41.0703430176
1182.66882324	50.3745040894
1182.95825195	19.2406806946
1183.24755859	29.1140289307
1183.5369873	21.1535434723
1183.82641602	43.0485267639
1184.11572266	16.2080078125
1184.40515137	35.2206687927
1184.69458008	26.9960212708
1184.98388672	34.4308929443
1185.27331543	52.4489250183
1185.56274414	17.5528926849
1185.85205078	37.1528015137
1186.14147949	28.6347007751
1186.4309082	52.3416938782
1186.72021484	70.327835083
1187.00964355	53.5084648132
1187.29907227	50.9390945435
1187.58837891	42.8861732483
1187.87780762	43.8729515076
1188.16723633	34.9691085815
1188.45654297	12.3175535202
1188.74597168	30.039686203
1189.03540039	57.9800796509
1189.32470703	65.7074279785
1189.61413574	45.2235069275
1189.90356445	35.4744491577
1190.19287109	39.43227005
1190.4822998	1.44541788101
1190.77172852	20.0645217896
1191.06103516	3.66638636589
1191.35046387	48.4959411621
1191.63989258	25.864068985
1191.92932129	59.8625679016
1192.21862793	47.0615997314
1192.50805664	52.6499443054
1192.79748535	36.1362342834
1193.08679199	24.9915161133
1193.3762207	23.5085697174
1193.66564941	40.9767951965
1193.95495605	51.4106903076
1194.24438477	39.7685661316
1194.53381348	31.690404892
1194.82312012	38.2356262207
1195.11254883	48.2311973572
1195.40197754	49.4958114624
1195.69128418	44.692401886
1195.98071289	45.7128715515
1196.2701416	61.177192688
1196.55944824	42.5852088928
1196.84887695	40.8092918396
1197.13830566	57.2291793823
1197.4276123	17.2421760559
1197.71704102	50.3856925964
1198.00646973	45.5116348267
1198.29577637	21.4357643127
1198.58520508	34.6779174805
1198.87463379	31.731590271
1199.16394043	46.3539619446
1199.45336914	53.1654510498
1199.74279785	26.5765476227
1200.03210449	21.1334877014
1200.3215332	38.1231994629
1200.61096191	39.7310714722
1200.90026855	42.896900177
1201.18969727	43.7826080322
1201.47912598	29.2855014801
1201.76843262	43.8360977173
1202.05786133	40.3116455078
1202.34729004	25.7461795807
1202.63659668	31.745016098
1202.92602539	48.6854095459
1203.2154541	66.5134963989
1203.50488281	7.20242881775
1203.79418945	46.0401306152
1204.08361816	70.6026000977
1204.37304688	26.0498256683
1204.66235352	42.8440742493
1204.95178223	58.3557548523
1205.24121094	53.5241775513
1205.53051758	43.8731117249
1205.81994629	27.7129192352
1206.109375	29.3691329956
1206.39868164	33.6956062317
1206.68811035	37.0798454285
1206.97753906	61.6511001587
1207.2668457	62.9516944885
1207.55627441	34.9873046875
1207.84570313	26.0868759155
1208.13500977	32.2263374329
1208.42443848	35.2507171631
1208.71386719	28.9552707672
1209.00317383	35.7890663147
1209.29260254	24.5038757324
1209.58203125	34.7596969604
1209.87133789	39.1716194153
1210.1607666	32.275100708
1210.45019531	50.7511405945
1210.73950195	35.7631607056
1211.02893066	54.2391967773
1211.31835938	39.7835960388
1211.60766602	20.8625087738
1211.89709473	35.0358123779
1212.18652344	18.7535514832
1212.47583008	18.1903762817
1212.76525879	37.808013916
1213.0546875	17.63854599
1213.34399414	27.2716598511
1213.63342285	38.1812934875
1213.92285156	50.0660209656
1214.2121582	39.5580215454
1214.50158691	30.1351356506
1214.79101563	26.9798259735
1215.08044434	30.7258834839
1215.36975098	44.066028595
1215.65917969	30.2622814178
1215.9486084	7.52103471756
1216.23791504	23.1321754456
1216.52734375	39.2600708008
1216.81677246	32.6325912476
1217.1060791	41.3496894836
1217.39550781	49.6997528076
1217.68493652	46.3808670044
1217.97424316	36.2542152405
1218.26367188	29.2854309082
1218.55310059	28.7570743561
1218.84240723	27.9409694672
1219.13183594	36.3471832275
1219.42126465	11.5370893478
1219.71057129	31.3655147552
1220	30.3571796417
1220.28942871	3.78390049934
1220.57873535	35.6684799194
1220.86816406	6.75731039047
1221.15759277	38.2685050964
1221.44689941	38.4577713013
1221.73632813	28.8600788116
1222.02575684	30.020198822
1222.31506348	25.0371017456
1222.60449219	32.1630439758
1222.8939209	40.7513847351
1223.18322754	16.674539566
1223.47265625	19.0372962952
1223.76208496	34.3141136169
1224.0513916	28.3402957916
1224.34082031	38.8163337708
1224.63024902	21.7176647186
1224.91955566	14.6886692047
1225.20898438	33.3746681213
1225.49841309	43.7901611328
1225.7878418	47.5791854858
1226.07714844	7.2103471756
1226.36657715	40.3953704834
1226.65600586	30.8054904938
1226.9453125	30.3956356049
1227.23474121	30.7456970215
1227.52416992	22.6577701569
1227.81347656	5.10094308853
1228.10290527	8.00373935699
1228.39233398	16.898235321
1228.68164063	12.411231041
1228.97106934	20.55377388
1229.26049805	21.0688743591
1229.54980469	3.92659711838
1229.8392334	9.98906135559
1230.12866211	28.8200798035
1230.41796875	18.2407913208
1230.70739746	16.7148761749
1230.99682617	29.0522422791
1231.28613281	20.9890670776
1231.57556152	19.4353218079
1231.86499023	34.9333305359
1232.15429688	-2.98873019218
1232.44372559	18.8178749084
1232.7331543	7.39401054382
1233.02246094	14.6448001862
1233.31188965	3.9343149662
1233.60131836	10.2960958481
1233.890625	20.8711032867
1234.18005371	24.3261451721
1234.46948242	26.6171264648
1234.75878906	2.99730968475
1235.04821777	14.8507890701
1235.33764648	16.6798553467
1235.62695313	6.14402341843
1235.91638184	14.7953548431
1236.20581055	10.3202209473
1236.49511719	14.6803855896
1236.7845459	9.4816198349
1237.07397461	21.4151763916
1237.36340332	12.9180707932
1237.65270996	15.351477623
1237.94213867	27.0711688995
1238.23156738	0.771327853203
1238.52087402	22.266746521
1238.81030273	26.2144641876
1239.09973145	16.0845451355
1239.38903809	10.2191238403
1239.6784668	6.7840294838
1239.96789551	-2.37860393524
1240.25720215	-4.44715023041
1240.54663086	0.452227860689
1240.83605957	-12.1498117447
1241.12536621	3.34759044647
1241.41479492	16.6102294922
1241.70422363	7.15802383423
1241.99353027	-5.07162427902
1242.28295898	-0.899806082249
1242.5723877	20.2891025543
1242.86169434	19.945684433
1243.15112305	0.391916632652
1243.44055176	-5.35423374176
1243.7298584	-12.2889604568
1244.01928711	-19.2299346924
1244.30871582	17.1616096497
1244.59802246	10.6848917007
1244.88745117	-24.7482700348
1245.17687988	4.56173086166
1245.46618652	-1.88422572613
1245.75561523	2.81444811821
1246.04504395	-13.4741830826
1246.33435059	-5.67599916458
1246.6237793	13.9582214355
1246.91320801	-6.73177671432
1247.20251465	-8.26269435883
1247.49194336	6.39740514755
1247.78137207	0.202524229884
1248.07067871	-0.241479411721
1248.36010742	-12.5945634842
1248.64953613	-25.3338775635
1248.93896484	-16.5897941589
1249.22827148	0.132217794657
1249.5177002	1.48909461498
1249.80712891	-13.4875249863
1250.09643555	-3.1077978611
1250.38586426	-6.6107840538
1250.67529297	-6.15185642242
1250.96459961	-1.63736414909
1251.25402832	14.738067627
1251.54345703	-13.8327903748
1251.83276367	2.27838206291
1252.12219238	-1.36132311821
1252.41162109	9.45453834534
1252.70092773	-13.8991336823
1252.99035645	-5.60426855087
1253.27978516	-1.13313376904
1253.5690918	-4.99119997025
1253.85852051	-4.16361999512
1254.14794922	-13.6050825119
1254.43725586	-22.9362926483
1254.72668457	-10.134103775
1255.01611328	-15.8104305267
1255.30541992	-2.36771535873
1255.59484863	0.516016900539
1255.88427734	32.2903747559
1256.17358398	-16.891910553
1256.4630127	-19.2196044922
1256.75244141	7.62994861603
1257.04174805	1.92422604561
1257.33117676	29.9822750092
1257.62060547	-15.2345790863
1257.90991211	-0.725457429886
1258.19934082	0.822337388992
1258.48876953	7.1606593132
1258.77807617	-8.15687942505
1259.06750488	-33.5690460205
1259.35693359	-47.0119743347
1259.6463623	-8.43243980408
1259.93566895	-18.0722446442
1260.22509766	1.99703466892
1260.51452637	12.5663137436
1260.80383301	12.4982872009
1261.09326172	-8.71319580078
1261.38269043	-19.6805381775
1261.67199707	-23.7129211426
1261.96142578	-30.6768436432
1262.25085449	9.6517124176
1262.54016113	8.68671226501
1262.82958984	-18.9310207367
1263.11901855	-11.4589090347
1263.4083252	18.0629081726
1263.69775391	-16.3038482666
1263.98718262	-26.9508781433
1264.27648926	-18.6439037323
1264.56591797	-5.45011329651
1264.85534668	2.64260315895
1265.14465332	-11.2086267471
1265.43408203	16.8518638611
1265.72351074	13.5905761719
1266.01281738	-18.3099708557
1266.30224609	-13.131316185
1266.5916748	-23.0053958893
1266.88098145	-23.4005718231
1267.17041016	-31.5139102936
1267.45983887	12.3712873459
1267.74914551	-23.5404891968
1268.03857422	18.8671684265
1268.32800293	-11.1792755127
1268.61730957	-25.7682991028
1268.90673828	6.56123447418
1269.19616699	0.932271420956
1269.48547363	-9.47413444519
1269.77490234	30.3871364594
1270.06433105	4.41833019257
1270.3536377	-4.52664995193
1270.64306641	6.46255111694
1270.93249512	6.10604906082
1271.22192383	4.1811876297
1271.51123047	-20.7608623505
1271.80065918	-2.73064637184
1272.09008789	2.52955079079
1272.37939453	-4.78603506088
1272.66882324	3.67533421516
1272.95825195	-6.13380479813
1273.24755859	2.54719161987
1273.5369873	13.7614908218
1273.82641602	6.74239063263
1274.11572266	18.1035633087
1274.40515137	-3.14551734924
1274.69458008	-20.0357112885
1274.98388672	-6.90696048737
1275.27331543	-30.4011573792
1275.56274414	-22.4485778809
1275.85205078	-5.34228849411
1276.14147949	3.16497898102
1276.4309082	7.1512503624
1276.72021484	21.7448444366
1277.00964355	13.5211544037
1277.29907227	-10.6668901443
1277.58837891	-4.9219288826
1277.87780762	-24.9405403137
1278.16723633	35.1912384033
1278.45654297	-19.0276679993
1278.74597168	-8.83924770355
1279.03540039	20.7930202484
1279.32470703	-26.8096752167
1279.61413574	-24.7540683746
1279.90356445	-5.67258167267
1280.19287109	-7.13367509842
1280.4822998	11.891658783
1280.77172852	3.82275438309
1281.06103516	0.163907051086
1281.35046387	0.199006557465
1281.63989258	-21.9441165924
1281.92932129	1.64078760147
1282.21862793	0.554694116116
1282.50805664	-18.3809089661
1282.79748535	5.85438537598
1283.08679199	1.26194417477
1283.3762207	19.7389373779
1283.66564941	-15.6038923264
1283.95495605	9.25728034973
1284.24438477	-3.12510085106
1284.53381348	11.2669324875
1284.82312012	28.1090621948
1285.11254883	10.4298057556
1285.40197754	-3.49017310143
1285.69128418	14.6590852737
1285.98071289	12.3611764908
1286.2701416	5.46024084091
1286.55944824	-17.8660869598
1286.84887695	22.9946956635
1287.13830566	21.2480583191
1287.4276123	2.62290143967
1287.71704102	-7.90547561646
1288.00646973	-10.1438131332
1288.29577637	-10.8651609421
1288.58520508	1.56886434555
1288.87463379	3.50679588318
1289.16394043	10.6106433868
1289.45336914	32.2385177612
1289.74279785	2.81267881393
1290.03210449	10.9311752319
1290.3215332	31.670375824
1290.61096191	55.0653381348
1290.90026855	35.7150840759
1291.18969727	17.3214740753
1291.47912598	38.781867981
1291.76843262	6.12790155411
1292.05786133	-27.6084823608
1292.34729004	-16.3858833313
1292.63659668	22.6642532349
1292.92602539	-7.86900663376
1293.2154541	0.533768773079
1293.50488281	16.5678920746
1293.79418945	22.556016922
1294.08361816	7.36699533463
1294.37304688	14.2717237473
1294.66235352	12.5362157822
1294.95178223	15.2051048279
1295.24121094	13.3652038574
1295.53051758	9.11260700226
1295.81994629	36.4812011719
1296.109375	20.503118515
1296.39868164	15.2099933624
1296.68811035	21.2675533295
1296.97753906	12.5048017502
1297.2668457	14.8483963013
1297.55627441	-5.7556643486
1297.84570313	37.2965240479
1298.13500977	16.8906078339
1298.42443848	9.68400764465
1298.71386719	26.6956691742
1299.00317383	31.6916065216
1299.29260254	23.079246521
1299.58203125	8.84481430054
1299.87133789	-1.02936542034
1300.1607666	35.7220420837
1300.45019531	5.18682956696
1300.73950195	6.1886267662
1301.02893066	23.1822223663
1301.31835938	23.8154659271
1301.60766602	5.03259563446
1301.89709473	34.4558792114
1302.18652344	-17.811756134
1302.47583008	-4.79628705978
1302.76525879	6.19926166534
1303.0546875	-6.31495523453
1303.34399414	28.0750255585
1303.63342285	25.963640213
1303.92285156	11.259970665
1304.2121582	38.1670417786
1304.50158691	33.4863204956
1304.79101563	25.2103843689
1305.08044434	29.1209716797
1305.36975098	21.5959148407
1305.65917969	14.7491779327
1305.9486084	21.082616806
1306.23791504	-18.1978130341
1306.52734375	0.840705037117
1306.81677246	52.2503166199
1307.1060791	14.349281311
1307.39550781	26.0699272156
1307.68493652	12.6274881363
1307.97424316	8.3011598587
1308.26367188	9.40217781067
1308.55310059	2.9172577858
1308.84240723	-5.0999879837
1309.13183594	15.6919469833
1309.42126465	28.4838829041
1309.71057129	27.4231796265
1310	35.9206809998
1310.28942871	13.9157419205
1310.57873535	22.7041606903
1310.86816406	6.68506097794
1311.15759277	26.2103939056
1311.44689941	-13.7311677933
1311.73632813	20.3859634399
1312.02575684	24.5153007507
1312.31506348	14.4350671768
1312.60449219	3.34370160103
1312.8939209	0.44374242425
1313.18322754	-11.4621753693
1313.47265625	1.47136175632
1313.76208496	2.45275020599
1314.0513916	1.56880521774
1314.34082031	-20.9844741821
1314.63024902	0.339199542999
1314.91955566	24.8224411011
1315.20898438	21.8565654755
1315.49841309	15.0435199738
1315.7878418	-5.56200551987
1316.07714844	39.2269020081
1316.36657715	-11.5280389786
1316.65600586	-3.74196243286
1316.9453125	5.88971757889
1317.23474121	1.0532348156
1317.52416992	10.2924356461
1317.81347656	24.4050731659
1318.10290527	27.2341175079
1318.39233398	13.8424596786
1318.68164063	6.31593608856
1318.97106934	5.39693403244
1319.26049805	47.5277366638
1319.54980469	1.71459257603
1319.8392334	45.7062339783
1320.12866211	25.9561786652
1320.41796875	43.7768249512
1320.70739746	25.6356525421
1320.99682617	5.93149471283
1321.28613281	23.6339759827
1321.57556152	13.2125320435
1321.86499023	6.59821748734
1322.15429688	-0.365805715322
1322.44372559	13.6424379349
1322.7331543	32.5183563232
1323.02246094	36.7374420166
1323.31188965	28.0362110138
1323.60131836	11.8159399033
1323.890625	-34.4034538269
1324.18005371	-31.2409133911
1324.46948242	15.8332490921
1324.75878906	-2.35391879082
1325.04821777	-21.6239948273
1325.33764648	15.1669635773
1325.62695313	19.0408306122
1325.91638184	15.3791532516
1326.20581055	26.8214797974
1326.49511719	12.8638038635
1326.7845459	22.2699966431
1327.07397461	11.2865419388
1327.36340332	25.5272083282
1327.65270996	10.0719738007
1327.94213867	-21.866071701
1328.23156738	25.3326034546
1328.52087402	-10.0977296829
1328.81030273	6.72399139404
1329.09973145	-48.0690345764
1329.38903809	-10.3323736191
1329.6784668	-0.161532044411
1329.96789551	28.3813800812
1330.25720215	-13.8624286652
1330.54663086	-13.8273286819
1330.83605957	-5.45043230057
1331.12536621	-21.7713890076
1331.41479492	-10.3817977905
1331.70422363	22.3007621765
1331.99353027	-1.96111190319
1332.28295898	6.10914373398
1332.5723877	12.2038135529
1332.86169434	25.4194774628
1333.15112305	12.665514946
1333.44055176	8.1791305542
1333.7298584	1.50905227661
1334.01928711	21.0807723999
1334.30871582	-7.04672527313
1334.59802246	0.741204738617
1334.88745117	12.7767925262
1335.17687988	6.74792718887
1335.46618652	43.0187683105
1335.75561523	4.7691988945
1336.04504395	-3.49941253662
1336.33435059	-5.53911924362
1336.6237793	-13.3799962997
1336.91320801	-5.66472101212
1337.20251465	0.418618947268
1337.49194336	22.6856517792
1337.78137207	8.03081035614
1338.07067871	3.51405262947
1338.36010742	15.2254219055
1338.64953613	-4.04904937744
1338.93896484	18.4987449646
1339.22827148	-49.5526809692
1339.5177002	-24.6635761261
1339.80712891	-1.88628947735
1340.09643555	-8.70285129547
1340.38586426	-3.78005695343
1340.67529297	-28.5213241577
1340.96459961	33.0156288147
1341.25402832	19.1474075317
1341.54345703	-2.0914182663
1341.83276367	20.2673130035
1342.12219238	28.7154979706
1342.41162109	19.5103626251
1342.70092773	5.61860561371
1342.99035645	-15.2642641068
1343.27978516	-34.3370742798
1343.5690918	-21.3704338074
1343.85852051	3.41417765617
1344.14794922	-22.4765033722
1344.43725586	27.4833011627
1344.72668457	13.6531658173
1345.01611328	26.4783039093
1345.30541992	27.6939697266
1345.59484863	3.01422476768
1345.88427734	-11.8686447144
1346.17358398	-17.6334495544
1346.4630127	5.41532230377
1346.75244141	6.11546087265
1347.04174805	-26.5634059906
1347.33117676	-10.7285013199
1347.62060547	12.1532773972
1347.90991211	-31.4323272705
1348.19934082	30.6296272278
1348.48876953	-8.35724639893
1348.77807617	-20.2065238953
1349.06750488	-17.6572628021
1349.35693359	-17.7876911163
1349.6463623	-17.813627243
1349.93566895	1.98651015759
1350.22509766	-8.88366413116
1350.51452637	11.9649124146
1350.80383301	9.44180679321
1351.09326172	11.7142114639
1351.38269043	20.4133739471
1351.67199707	-6.86315011978
1351.96142578	-14.6053943634
1352.25085449	13.4716978073
1352.54016113	2.19859242439
1352.82958984	18.5032234192
1353.11901855	7.75609588623
1353.4083252	-18.1058769226
1353.69775391	-24.6401119232
1353.98718262	3.21285772324
1354.27648926	23.8723697662
1354.56591797	14.5432109833
1354.85534668	6.73114299774
1355.14465332	-25.3212585449
1355.43408203	-7.78908920288
1355.72351074	-34.1011581421
1356.01281738	31.1296424866
1356.30224609	9.80292606354
1356.5916748	-15.8533802032
1356.88098145	-15.5800991058
1357.17041016	-20.5611133575
1357.45983887	-23.0992546082
1357.74914551	-29.4812469482
1358.03857422	2.02455544472
1358.32800293	-15.7137823105
1358.61730957	7.04485034943
1358.90673828	-55.5992507935
1359.19616699	-7.22772407532
1359.48547363	-7.75424718857
1359.77490234	-18.145904541
1360.06433105	-6.75191926956
1360.3536377	-1.20031738281
1360.64306641	-2.95183897018
1360.93249512	-10.5251379013
1361.22192383	3.42890691757
1361.51123047	12.6475009918
1361.80065918	-24.8310718536
1362.09008789	-38.9004631042
1362.37939453	-2.89231920242
1362.66882324	-4.17557907104
1362.95825195	2.55532121658
1363.24755859	1.69188392162
1363.5369873	25.6054019928
1363.82641602	-8.46545600891
1364.11572266	-2.62674498558
1364.40515137	-4.51352024078
1364.69458008	-32.7713890076
1364.98388672	-3.84234642982
1365.27331543	15.2586708069
1365.56274414	-3.04704976082
1365.85205078	-19.9666385651
1366.14147949	-21.1830043793
1366.4309082	3.31986808777
1366.72021484	-15.8653459549
1367.00964355	7.8128194809
1367.29907227	5.67506742477
1367.58837891	-8.79042053223
1367.87780762	7.03960084915
1368.16723633	2.37059879303
1368.45654297	13.0169267654
1368.74597168	12.4314212799
1369.03540039	-6.36697530746
1369.32470703	-4.67181873322
1369.61413574	11.9096670151
1369.90356445	2.13568472862
1370.19287109	-0.140350058675
1370.4822998	-18.540309906
1370.77172852	-14.5071630478
1371.06103516	-6.98241662979
1371.35046387	-10.8936061859
1371.63989258	-24.3262805939
1371.92932129	-1.94059443474
1372.21862793	-19.0169219971
1372.50805664	-44.9276237488
1372.79748535	-28.8460140228
1373.08679199	-44.4863853455
1373.3762207	-24.3796329498
1373.66564941	3.78132081032
1373.95495605	-10.1280937195
1374.24438477	-19.8167495728
1374.53381348	9.21578407288
1374.82312012	-33.427028656
1375.11254883	-38.3310165405
1375.40197754	-8.97182178497
1375.69128418	30.74376297
1375.98071289	-14.8550491333
1376.2701416	-31.6814002991
1376.55944824	-1.35839354992
1376.84887695	-18.1202926636
1377.13830566	10.1602888107
1377.4276123	20.4242153168
1377.71704102	20.8586044312
1378.00646973	-5.77927017212
1378.29577637	-22.0846805573
1378.58520508	-7.4637670517
1378.87463379	24.6727714539
1379.16394043	-17.6170139313
1379.45336914	-20.695318222
1379.74279785	-23.6530189514
1380.03210449	2.93219614029
1380.3215332	-15.9278469086
1380.61096191	-23.1370124817
1380.90026855	3.65572237968
1381.18969727	-6.63889122009
1381.47912598	-17.3104572296
1381.76843262	20.645362854
1382.05786133	15.0768222809
1382.34729004	-7.55177545547
1382.63659668	-17.4704666138
1382.92602539	-26.5673274994
1383.2154541	-11.2808856964
1383.50488281	-9.36749172211
1383.79418945	10.9965314865
1384.08361816	21.5476207733
1384.37304688	11.6509561539
1384.66235352	-4.08804750443
1384.95178223	-8.41342258453
1385.24121094	-7.19778299332
1385.53051758	20.3312797546
1385.81994629	5.45805263519
1386.109375	-6.3180065155
1386.39868164	-43.7181434631
1386.68811035	2.55267262459
1386.97753906	23.1374530792
1387.2668457	29.3530387878
1387.55627441	18.6433868408
1387.84570313	-21.8733959198
1388.13500977	-1.34579777718
1388.42443848	-13.7117004395
1388.71386719	1.9736661911
1389.00317383	23.3596630096
1389.29260254	4.58067321777
1389.58203125	7.79143095016
1389.87133789	27.7208843231
1390.1607666	25.2338867188
1390.45019531	49.2268714905
1390.73950195	9.9375743866
1391.02893066	3.3890542984
1391.31835938	1.65156936646
1391.60766602	-7.58841133118
1391.89709473	-2.4274585247
1392.18652344	19.8858375549
1392.47583008	34.0237884521
1392.76525879	-24.837720871
1393.0546875	20.2407112122
1393.34399414	18.0393047333
1393.63342285	28.3325824738
1393.92285156	25.8748836517
1394.2121582	53.1134185791
1394.50158691	19.3676319122
1394.79101563	10.2946977615
1395.08044434	24.1089706421
1395.36975098	23.6521930695
1395.65917969	10.3536739349
1395.9486084	23.8232192993
1396.23791504	21.9694690704
1396.52734375	9.44585227966
1396.81677246	-11.172003746
1397.1060791	-49.9700889587
1397.39550781	-30.2231998444
1397.68493652	-10.2189846039
1397.97424316	-0.228985220194
1398.26367188	18.4651699066
1398.55310059	38.092918396
1398.84240723	23.150302887
1399.13183594	14.0353765488
1399.42126465	17.0200595856
1399.71057129	0.779102563858
1400	15.7759923935
