500	-55.7868041992
500.289398193	-56.0946731567
500.578765869	-34.1446113586
500.868164063	-38.6736679077
501.157562256	-38.9236755371
501.446960449	-32.834815979
501.736328125	-40.184803009
502.025726318	-51.2983360291
502.315124512	-50.3078613281
502.604492188	-40.416885376
502.893890381	-51.981098175
503.183288574	-31.6195335388
503.47265625	-22.8779678345
503.762054443	-29.5618114471
504.051452637	-27.2959499359
504.34085083	-41.172908783
504.630218506	-36.7765579224
504.919616699	-20.2450714111
505.209014893	-18.8859462738
505.498382568	-18.4803199768
505.787780762	-31.9207553864
506.077178955	1.97669923306
506.366546631	-24.5507793427
506.655944824	-19.7028846741
506.945343018	-9.85499095917
507.234741211	2.3105301857
507.524108887	-0.460111796856
507.81350708	-1.2096298933
508.102905273	4.7893872261
508.392272949	1.95941901207
508.681671143	-4.72369289398
508.971069336	13.6285953522
509.260437012	32.523235321
509.549835205	-6.16939640045
509.839233398	-5.04879760742
510.128631592	-7.4902100563
510.417999268	-12.512804985
510.707397461	-8.60851478577
510.996795654	11.0816640854
511.28616333	19.0407581329
511.575561523	12.7741508484
511.864959717	6.37082386017
512.15435791	0.939665317535
512.443725586	3.850908041
512.733093262	9.85736560822
513.022521973	2.99737977982
513.311889648	33.6115036011
513.601257324	8.43827342987
513.890686035	20.1593418121
514.180053711	4.20730352402
514.469482422	2.19595050812
514.758850098	23.0039215088
515.048217773	21.9896278381
515.337646484	3.10132098198
515.62701416	18.5032863617
515.916381836	35.1227798462
516.205810547	4.08872270584
516.495178223	-0.638462126255
516.784545898	37.8733673096
517.073974609	22.5421886444
517.363342285	27.5781879425
517.652709961	30.3312282562
517.942138672	26.3875007629
518.231506348	21.6319961548
518.520874023	11.6296644211
518.810302734	4.85439538956
519.09967041	24.7253551483
519.389038086	46.4603271484
519.678466797	11.9729003906
519.967834473	11.8992795944
520.257263184	23.6201038361
520.546630859	12.8335933685
520.835998535	35.0356063843
521.125427246	37.1150741577
521.414794922	33.8615226746
521.704162598	32.946105957
521.993591309	36.819519043
522.282958984	44.4036102295
522.57232666	30.5287227631
522.861755371	0.628940939903
523.151123047	20.6217269897
523.440490723	17.1477146149
523.729919434	15.9991550446
524.019287109	6.71117925644
524.308654785	7.10142612457
524.598083496	23.7136077881
524.887451172	12.6226530075
525.176818848	16.2013759613
525.466247559	35.3467636108
525.755615234	18.560251236
526.045043945	-5.90422773361
526.334411621	9.80169296265
526.623779297	15.4717245102
526.913208008	3.72404336929
527.202575684	25.3384113312
527.491943359	34.1781196594
527.78137207	10.4057807922
528.070739746	1.57288336754
528.360107422	34.1025352478
528.649536133	39.6610069275
528.938903809	-0.134539052844
529.228271484	-9.51138210297
529.517700195	26.4628601074
529.807067871	15.0479307175
530.096435547	40.2980422974
530.385864258	-26.7799625397
530.675231934	30.094171524
530.964660645	9.36504459381
531.25402832	23.3424491882
531.543395996	38.2344055176
531.832824707	28.1439495087
532.122192383	18.3020191193
532.411560059	17.0623836517
532.70098877	17.1716346741
532.990356445	24.0433273315
533.279724121	32.7971000671
533.569152832	31.6009311676
533.858520508	8.0431804657
534.147888184	9.80427646637
534.437316895	-5.23710632324
534.72668457	17.602848053
535.016052246	22.3593044281
535.305480957	28.9460964203
535.594848633	11.0030908585
535.884216309	-5.15109586716
536.17364502	5.08095932007
536.463012695	8.00025844574
536.752441406	0.235975757241
537.041809082	33.765625
537.331176758	4.69005298615
537.620605469	4.52171754837
537.909973145	21.8196792603
538.19934082	35.2267723083
538.488769531	0.600916147232
538.778137207	10.1540050507
539.067504883	8.97003269196
539.356933594	3.21014428139
539.64630127	13.8457517624
539.935668945	16.7457637787
540.225097656	6.00516319275
540.514465332	10.5401849747
540.803833008	20.4926872253
541.093261719	35.7064323425
541.382629395	5.4235830307
541.67199707	3.94835138321
541.961425781	30.2043323517
542.250793457	19.8218746185
542.540222168	-2.84084653854
542.829589844	5.31673383713
543.11895752	26.2421360016
543.40838623	23.7129611969
543.697753906	9.32000541687
543.987121582	19.814743042
544.276550293	37.4381561279
544.565917969	-15.718960762
544.855285645	10.7354955673
545.144714355	49.9104232788
545.434082031	12.4063806534
545.723449707	36.0273399353
546.012878418	38.3360557556
546.302246094	10.46971035
546.59161377	0.0940880775452
546.88104248	14.3896198273
547.170410156	27.8655605316
547.459777832	17.9811477661
547.749206543	-10.7179489136
548.038574219	4.34051036835
548.32800293	-15.8180599213
548.617370605	14.24650383
548.906738281	31.6235656738
549.196166992	40.7723693848
549.485534668	32.9802436829
549.774902344	34.3028640747
550.064331055	39.0695877075
550.35369873	37.0457687378
550.643066406	22.3058891296
550.932495117	13.3716850281
551.221862793	26.8000183105
551.511230469	27.7234668732
551.80065918	10.2121143341
552.090026855	57.8557777405
552.379394531	61.1384086609
552.668823242	17.9132022858
552.958190918	8.50730037689
553.247558594	13.1604804993
553.536987305	9.37204360962
553.82635498	27.7808380127
554.115783691	27.4945983887
554.405151367	23.214427948
554.694519043	32.3485641479
554.983947754	17.7183303833
555.27331543	7.95573997498
555.562683105	8.6152677536
555.852111816	28.3441638947
556.141479492	14.3320608139
556.430847168	30.8214225769
556.720275879	6.28298521042
557.009643555	22.0745925903
557.29901123	35.5385627747
557.588439941	23.5213661194
557.877807617	6.22703695297
558.167175293	-11.1827716827
558.456604004	-13.6176929474
558.74597168	0.344324678183
559.035339355	-17.9900436401
559.324768066	-16.8971347809
559.614135742	-16.9680747986
559.903564453	12.5884580612
560.192932129	8.43670654297
560.482299805	32.7864189148
560.771728516	15.2513999939
561.061096191	-10.6718358994
561.350463867	-8.6956577301
561.639892578	2.33670544624
561.929260254	5.05140924454
562.21862793	-2.15966868401
562.508056641	-13.6241312027
562.797424316	-3.70459413528
563.086791992	36.0152359009
563.376220703	10.0685958862
563.665588379	3.86362123489
563.954956055	20.3158740997
564.244384766	1.72396934032
564.533752441	-3.46464753151
564.823181152	-16.0919513702
565.112548828	-16.2529811859
565.401916504	0.887015283108
565.691345215	10.2914485931
565.980712891	11.1755857468
566.270080566	9.69155883789
566.559509277	-8.70820713043
566.848876953	-23.6075172424
567.138244629	-6.11498117447
567.42767334	5.90200090408
567.717041016	37.3359413147
568.006408691	-1.90589666367
568.295837402	-30.1098613739
568.585205078	-18.6429615021
568.874572754	-32.1260108948
569.164001465	-21.7208461761
569.453369141	-14.4604873657
569.742736816	-26.0822105408
570.032165527	-30.2878837585
570.321533203	-18.6349487305
570.610961914	-4.04862976074
570.90032959	-14.0800199509
571.189697266	-17.8831386566
571.479125977	-23.89960289
571.768493652	-39.8560409546
572.057861328	-9.13987445831
572.347290039	-0.0660070702434
572.636657715	-13.1025238037
572.926025391	-19.2874794006
573.215454102	-8.18504714966
573.504821777	-13.7760076523
573.794189453	-16.1589603424
574.083618164	-6.7713727951
574.37298584	-19.4387493134
574.662353516	-11.9486551285
574.951782227	-6.10183906555
575.241149902	-32.4503669739
575.530517578	34.3820114136
575.819946289	25.0842971802
576.109313965	-1.81525790691
576.398742676	-14.9032564163
576.688110352	-11.1380157471
576.977478027	-4.68380975723
577.266906738	11.15812397
577.556274414	3.84157705307
577.84564209	-14.7044610977
578.135070801	-0.0781042426825
578.424438477	10.7313261032
578.713806152	-23.4245758057
579.003234863	1.7567127943
579.292602539	-3.52833938599
579.581970215	-13.9193487167
579.871398926	-16.5905990601
580.160766602	-5.05680370331
580.450134277	-28.1992778778
580.739562988	-7.86588907242
581.028930664	9.1014995575
581.31829834	8.23490428925
581.607727051	-2.76129674911
581.897094727	-12.8525018692
582.186523438	-8.32135868073
582.475891113	11.5478858948
582.765258789	27.414932251
583.0546875	8.2815246582
583.344055176	-12.73350811
583.633422852	-35.5009841919
583.922851563	-43.4261398315
584.212219238	-6.84571266174
584.501586914	-0.960843205452
584.791015625	-5.44215202332
585.080383301	-6.99697971344
585.369750977	3.41205978394
585.659179688	7.38827085495
585.948547363	0.497749567032
586.237915039	9.96172046661
586.52734375	17.5131263733
586.816711426	-24.1298351288
587.106079102	-13.7583942413
587.395507813	-11.4001026154
587.684875488	-43.7996559143
587.974304199	20.7915439606
588.263671875	17.168844223
588.553039551	4.94848966599
588.842468262	-4.90293598175
589.131835938	-3.88940429688
589.421203613	-0.597552418709
589.710632324	9.87719345093
590	9.12168216705
590.289367676	2.81514549255
590.578796387	9.64194202423
590.868164063	2.37324738503
591.157531738	2.0488884449
591.446960449	-0.711717128754
591.736328125	9.96587657928
592.025695801	-3.45931196213
592.315124512	0.374320656061
592.604492188	-12.1477918625
592.893920898	8.24052810669
593.183288574	4.61758518219
593.47265625	10.4819469452
593.762084961	16.2936077118
594.051452637	12.4602146149
594.340820313	4.05309200287
594.630249023	4.31030845642
594.919616699	15.6348752975
595.208984375	5.5807800293
595.498413086	11.5015707016
595.787780762	10.9508934021
596.077148438	10.2403039932
596.366577148	16.2255477905
596.655944824	23.0764827728
596.9453125	25.2924060822
597.234741211	24.8184223175
597.524108887	22.8907909393
597.813476563	8.85280990601
598.102905273	24.1727695465
598.392272949	24.3100814819
598.68170166	5.32022762299
598.971069336	16.9448432922
599.260437012	7.88733005524
599.549865723	-12.4179534912
599.839233398	20.2747783661
600.128601074	2.67809557915
600.418029785	-8.7819185257
600.707397461	7.29966926575
600.996765137	10.6258850098
601.286193848	8.22104740143
601.575561523	11.3468236923
601.864929199	33.2819252014
602.15435791	24.8341197968
602.443725586	22.0951499939
602.733093262	18.9528617859
603.022521973	5.55192947388
603.311889648	18.6886920929
603.601257324	29.8628082275
603.890686035	11.5026483536
604.180053711	17.1411209106
604.469482422	22.3100128174
604.758850098	3.29833865166
605.048217773	41.3079032898
605.337646484	32.1955451965
605.62701416	28.1662940979
605.916381836	-0.578046023846
606.205810547	27.3012962341
606.495178223	27.3740940094
606.784545898	38.8655929565
607.073974609	45.889465332
607.363342285	29.9598236084
607.652709961	29.770658493
607.942138672	22.1709957123
608.231506348	44.6226997375
608.520874023	74.1100463867
608.810302734	34.1698112488
609.09967041	48.1737632751
609.389038086	64.8620376587
609.678466797	41.6608123779
609.967834473	31.3798522949
610.257263184	47.3175430298
610.546630859	62.910118103
610.835998535	55.2890663147
611.125427246	39.1381340027
611.414794922	31.9450645447
611.704162598	42.876750946
611.993591309	54.3578987122
612.282958984	47.2485656738
612.57232666	47.3828887939
612.861755371	36.2080307007
613.151123047	42.5921096802
613.440490723	25.3089504242
613.729919434	44.828918457
614.019287109	15.2132387161
614.308654785	64.0394515991
614.598083496	75.0218200684
614.887451172	80.6654205322
615.176818848	65.1171264648
615.466247559	51.7520828247
615.755615234	51.2819137573
616.045043945	46.8492431641
616.334411621	34.4095916748
616.623779297	46.7209129333
616.913208008	88.2877578735
617.202575684	84.914024353
617.491943359	76.6782226563
617.78137207	88.8322219849
618.070739746	83.0483322144
618.360107422	81.273475647
618.649536133	92.3544769287
618.938903809	95.1106262207
619.228271484	72.3504180908
619.517700195	101.048606873
619.807067871	115.123847961
620.096435547	103.783554077
620.385864258	128.405822754
620.675231934	145.20249939
620.964660645	122.142379761
621.25402832	111.454193115
621.543395996	104.279434204
621.832824707	122.161949158
622.122192383	102.521369934
622.411560059	117.608085632
622.70098877	149.265014648
622.990356445	151.80632019
623.279724121	136.230682373
623.569152832	148.335113525
623.858520508	136.835647583
624.147888184	153.547607422
624.437316895	169.833694458
624.72668457	168.940414429
625.016052246	156.973175049
625.305480957	156.623764038
625.594848633	166.54788208
625.884216309	172.395339966
626.17364502	190.96534729
626.463012695	206.534484863
626.752441406	217.241470337
627.041809082	201.097229004
627.331176758	220.761322021
627.620605469	246.898483276
627.909973145	236.888763428
628.19934082	236.888076782
628.488769531	217.484695435
628.778137207	247.39440918
629.067504883	275.264343262
629.356933594	267.522338867
629.64630127	254.115646362
629.935668945	250.918182373
630.225097656	261.390533447
630.514465332	285.602478027
630.803833008	300.552734375
631.093261719	312.692077637
631.382629395	339.956542969
631.67199707	327.680450439
631.961425781	305.64352417
632.250793457	302.281280518
632.540222168	333.524627686
632.829589844	370.398223877
633.11895752	240.374084473
633.40838623	228.340103149
633.697753906	385.237121582
633.987121582	378.345794678
634.276550293	371.283966064
634.565917969	382.451263428
634.855285645	394.983520508
635.144714355	378.913909912
635.434082031	386.010864258
635.723449707	399.644470215
636.012878418	410.32824707
636.302246094	453.677886963
636.59161377	451.788299561
636.88104248	417.306549072
637.170410156	451.006286621
637.459777832	454.164306641
637.749206543	470.968200684
638.038574219	461.676757813
638.32800293	461.88470459
638.617370605	461.372283936
638.906738281	448.949737549
639.196166992	446.263641357
639.485534668	434.942382813
639.774902344	434.65045166
640.064331055	459.937255859
640.35369873	474.38458252
640.643066406	494.147796631
640.932495117	472.116485596
641.221862793	491.820404053
641.511230469	468.854370117
641.80065918	512.300842285
642.090026855	516.077514648
642.379394531	489.8800354
642.668823242	464.750610352
642.958190918	494.39541626
643.247558594	479.843475342
643.536987305	490.453033447
643.82635498	515.687194824
644.115783691	489.314849854
644.405151367	475.620300293
644.694519043	485.54977417
644.983947754	491.15838623
645.27331543	511.610565186
645.562683105	493.794708252
645.852111816	489.428924561
646.141479492	478.167724609
646.430847168	453.95880127
646.720275879	485.395996094
647.009643555	467.034240723
647.29901123	487.074066162
647.588439941	503.893096924
647.877807617	497.500579834
648.167175293	490.179077148
648.456604004	502.26373291
648.74597168	480.443237305
649.035339355	473.871490479
649.324768066	481.13659668
649.614135742	466.538238525
649.903564453	458.750335693
650.192932129	470.533111572
650.482299805	467.847106934
650.771728516	473.982574463
651.061096191	477.351989746
651.350463867	445.925750732
651.639892578	457.65057373
651.929260254	445.458221436
652.21862793	479.70413208
652.508056641	457.938690186
652.797424316	458.411132813
653.086791992	458.083312988
653.376220703	448.198730469
653.665588379	451.905059814
653.954956055	453.620452881
654.244384766	435.322052002
654.533752441	426.049163818
654.823181152	435.688751221
655.112548828	444.48638916
655.401916504	441.176879883
655.691345215	417.869689941
655.980712891	404.225463867
656.270080566	447.780181885
656.559509277	454.504241943
656.848876953	420.251617432
657.138244629	408.469177246
657.42767334	448.524291992
657.717041016	451.315368652
658.006408691	407.512664795
658.295837402	442.720397949
658.585205078	430.254119873
658.874572754	417.444854736
659.164001465	421.781707764
659.453369141	418.190429688
659.742736816	394.070373535
660.032165527	392.859130859
660.321533203	399.767120361
660.610961914	394.191162109
660.90032959	422.247344971
661.189697266	424.294525146
661.479125977	424.816192627
661.768493652	439.676574707
662.057861328	448.973266602
662.347290039	390.320861816
662.636657715	420.451019287
662.926025391	413.202056885
663.215454102	448.772064209
663.504821777	434.849029541
663.794189453	413.296325684
664.083618164	412.009155273
664.37298584	400.079772949
664.662353516	412.636199951
664.951782227	433.038269043
665.241149902	428.527557373
665.530517578	428.333984375
665.819946289	425.238494873
666.109313965	421.903564453
666.398742676	462.043151855
666.688110352	429.515625
666.977478027	425.894561768
667.266906738	455.805908203
667.556274414	455.072052002
667.84564209	402.960296631
668.135070801	447.951202393
668.424438477	444.294006348
668.713806152	453.008911133
669.003234863	443.760314941
669.292602539	442.842132568
669.581970215	433.338531494
669.871398926	435.193450928
670.160766602	430.328521729
670.450134277	424.918884277
670.739562988	445.622680664
671.028930664	470.48651123
671.31829834	473.904510498
671.607727051	473.565582275
671.897094727	475.579803467
672.186523438	480.578277588
672.475891113	491.656951904
672.765258789	459.531982422
673.0546875	523.586364746
673.344055176	524.167236328
673.633422852	529.976135254
673.922851563	522.349365234
674.212219238	535.135009766
674.501586914	538.214904785
674.791015625	527.440429688
675.080383301	543.182922363
675.369750977	560.299926758
675.659179688	560.176574707
675.948547363	567.33215332
676.237915039	576.408081055
676.52734375	589.909790039
676.816711426	597.008178711
677.106079102	611.569030762
677.395507813	661.119018555
677.684875488	653.460144043
677.974304199	629.827026367
678.263671875	621.86541748
678.553039551	680.168395996
678.842468262	690.226745605
679.131835938	714.006286621
679.421203613	732.472412109
679.710632324	729.531188965
680	767.576904297
680.289367676	726.087463379
680.578796387	767.900146484
680.868164063	797.26171875
681.157531738	792.634094238
681.446960449	799.741210938
681.736328125	825.455383301
682.025695801	845.854614258
682.315124512	867.711242676
682.604492188	893.584594727
682.893920898	906.149719238
683.183288574	913.031311035
683.47265625	922.577026367
683.762084961	950.127990723
684.051452637	976.015991211
684.340820313	975.555358887
684.630249023	1015.51550293
684.919616699	1026.31115723
685.208984375	1043.73730469
685.498413086	1057.17102051
685.787780762	1085.60400391
686.077148438	1091.2277832
686.366577148	1111
686.655944824	1127.31860352
686.9453125	1140.54248047
687.234741211	1169.24291992
687.524108887	1191.13916016
687.813476563	1212.27966309
688.102905273	1229.40234375
688.392272949	1244.29370117
688.68170166	1260.51757813
688.971069336	1260.17163086
689.260437012	1263.45031738
689.549865723	1267.2722168
689.839233398	1258.12023926
690.128601074	1267.60046387
690.418029785	1312.31164551
690.707397461	1302.86999512
690.996765137	1333.5435791
691.286193848	1315.29870605
691.575561523	1343.9786377
691.864929199	1337.3359375
692.15435791	1318.81018066
692.443725586	1334.39160156
692.733093262	1348.61547852
693.022521973	1341.29785156
693.311889648	1345.75415039
693.601257324	1338.72607422
693.890686035	1314.32543945
694.180053711	1317.41113281
694.469482422	1317.48266602
694.758850098	1303.06787109
695.048217773	1315.41333008
695.337646484	1300.86230469
695.62701416	1291.12036133
695.916381836	1296.26867676
696.205810547	1275.89770508
696.495178223	1279.22424316
696.784545898	1248.36462402
697.073974609	1201.82141113
697.363342285	1219.93786621
697.652709961	1175.59094238
697.942138672	1199.52380371
698.231506348	1178.17492676
698.520874023	1173.08203125
698.810302734	1145.82922363
699.09967041	1117.97705078
699.389038086	1120.55053711
699.678466797	1096.19140625
699.967834473	1096.45825195
700.257263184	1110.23962402
700.546630859	1090.01831055
700.835998535	1071.94970703
701.125427246	1055.59838867
701.414794922	1020.93017578
701.704162598	1027.47583008
701.993591309	1049.01123047
702.282958984	997.20489502
702.57232666	1000.55236816
702.861755371	973.085266113
703.151123047	961.833557129
703.440490723	966.326049805
703.729919434	950.891662598
704.019287109	897.017456055
704.308654785	910.505554199
704.598083496	917.766967773
704.887451172	913.695495605
705.176818848	926.086364746
705.466247559	889.727661133
705.755615234	877.936462402
706.045043945	888.837036133
706.334411621	891.746032715
706.623779297	887.592041016
706.913208008	863.139587402
707.202575684	845.035888672
707.491943359	860.923828125
707.78137207	872.005554199
708.070739746	876.453125
708.360107422	887.749816895
708.649536133	890.289550781
708.938903809	844.485656738
709.228271484	852.994689941
709.517700195	816.919250488
709.807067871	862.37310791
710.096435547	843.395874023
710.385864258	828.004455566
710.675231934	858.528198242
710.964660645	847.241760254
711.25402832	861.723022461
711.543395996	866.347290039
711.832824707	859.818237305
712.122192383	844.248168945
712.411560059	855.218200684
712.70098877	872.526489258
712.990356445	873.690368652
713.279724121	886.027587891
713.569152832	892.144470215
713.858520508	883.118896484
714.147888184	867.418945313
714.437316895	851.204772949
714.72668457	873.051269531
715.016052246	873.040344238
715.305480957	882.125488281
715.594848633	878.706848145
715.884216309	858.979064941
716.17364502	882.874328613
716.463012695	880.441467285
716.752441406	861.692626953
717.041809082	895.589416504
717.331176758	867.855834961
717.620605469	852.864318848
717.909973145	867.092163086
718.19934082	848.786743164
718.488769531	873.504272461
718.778137207	856.78527832
719.067504883	843.367126465
719.356933594	858.84777832
719.64630127	860.22064209
719.935668945	855.303955078
720.225097656	854.370544434
720.514465332	849.631530762
720.803833008	849.642089844
721.093261719	859.307312012
721.382629395	845.87109375
721.67199707	816.564758301
721.961425781	847.519042969
722.250793457	844.854797363
722.540222168	837.485351563
722.829589844	847.330871582
723.11895752	830.731018066
723.40838623	830.413330078
723.697753906	830.84185791
723.987121582	826.250854492
724.276550293	785.387268066
724.565917969	782.653198242
724.855285645	791.968383789
725.144714355	784.988647461
725.434082031	769.717895508
725.723449707	763.565856934
726.012878418	760.891723633
726.302246094	763.206970215
726.59161377	763.122802734
726.88104248	769.590759277
727.170410156	734.867370605
727.459777832	713.643066406
727.749206543	714.177429199
728.038574219	709.393554688
728.32800293	712.936218262
728.617370605	687.973632813
728.906738281	684.116027832
729.196166992	684.393554688
729.485534668	658.855224609
729.774902344	649.327209473
730.064331055	662.993408203
730.35369873	665.358947754
730.643066406	680.293334961
730.932495117	643.572814941
731.221862793	634.26550293
731.511230469	615.970336914
731.80065918	614.228881836
732.090026855	575.751586914
732.379394531	582.960388184
732.668823242	569.360961914
732.958190918	557.135681152
733.247558594	542.016357422
733.536987305	540.06048584
733.82635498	534.196960449
734.115783691	528.972106934
734.405151367	522.650085449
734.694519043	514.778320313
734.983947754	502.98260498
735.27331543	483.998046875
735.562683105	463.606719971
735.852111816	450.964080811
736.141479492	450.976837158
736.430847168	446.877502441
736.720275879	426.033966064
737.009643555	416.786193848
737.29901123	421.150024414
737.588439941	421.68951416
737.877807617	428.943450928
738.167175293	384.391265869
738.456604004	378.335540771
738.74597168	350.276977539
739.035339355	359.537780762
739.324768066	380.312133789
739.614135742	358.653015137
739.903564453	349.340209961
740.192932129	368.25088501
740.482299805	351.654998779
740.771728516	323.702301025
741.061096191	325.294128418
741.350463867	346.044433594
741.639892578	321.445495605
741.929260254	294.857910156
742.21862793	280.772003174
742.508056641	268.340789795
742.797424316	268.212677002
743.086791992	260.466369629
743.376220703	262.178253174
743.665588379	264.955871582
743.954956055	220.316268921
744.244384766	209.514450073
744.533752441	226.258392334
744.823181152	216.653610229
745.112548828	225.645843506
745.401916504	210.985488892
745.691345215	214.498855591
745.980712891	208.95324707
746.270080566	197.180099487
746.559509277	204.727416992
746.848876953	208.313873291
747.138244629	189.238235474
747.42767334	156.780426025
747.717041016	195.058547974
748.006408691	156.445068359
748.295837402	184.735534668
748.585205078	158.419662476
748.874572754	136.855010986
749.164001465	153.526596069
749.453369141	140.76222229
749.742736816	140.680236816
750.032165527	160.596694946
750.321533203	138.856994629
750.610961914	119.875495911
750.90032959	121.727348328
751.189697266	128.421722412
751.479125977	138.441452026
751.768493652	116.557701111
752.057861328	98.397102356
752.347290039	120.953689575
752.636657715	112.455932617
752.926025391	110.221847534
753.215454102	107.902458191
753.504821777	110.564369202
753.794189453	107.022903442
754.083618164	92.5228500366
754.37298584	75.8932571411
754.662353516	86.2287521362
754.951782227	143.610778809
755.241149902	113.304672241
755.530517578	90.1611633301
755.819946289	84.6027603149
756.109313965	68.2214584351
756.398742676	66.2397155762
756.688110352	65.4174957275
756.977478027	76.1077194214
757.266906738	90.470703125
757.556274414	60.4160614014
757.84564209	54.9747009277
758.135070801	34.4868545532
758.424438477	34.4451522827
758.713806152	51.9112586975
759.003234863	54.1087188721
759.292602539	67.0467529297
759.581970215	61.0062675476
759.871398926	44.624622345
760.160766602	47.4156837463
760.450134277	53.9557647705
760.739562988	48.335105896
761.028930664	40.554145813
761.31829834	50.4816818237
761.607727051	43.3444213867
761.897094727	59.5507621765
762.186523438	56.1676521301
762.475891113	43.2509498596
762.765258789	3.5656914711
763.0546875	25.4836082458
763.344055176	22.2812595367
763.633422852	27.6748580933
763.922851563	40.6652832031
764.212219238	30.6921844482
764.501586914	21.644865036
764.791015625	9.072057724
765.080383301	24.5945625305
765.369750977	20.4249305725
765.659179688	12.5166740417
765.948547363	27.4459171295
766.237915039	7.14591264725
766.52734375	4.08165073395
766.816711426	22.2687072754
767.106079102	23.8054637909
767.395507813	6.26793670654
767.684875488	-1.62258040905
767.974304199	-1.43720626831
768.263671875	4.10269641876
768.553039551	13.7192592621
768.842468262	20.0616168976
769.131835938	13.9054737091
769.421203613	-6.16302156448
769.710632324	-5.41807746887
770	-20.0805664063
770.289367676	-0.704482674599
770.578796387	-3.68341517448
770.868164063	-3.61201834679
771.157531738	10.3985872269
771.446960449	-0.77492493391
771.736328125	-17.4640254974
772.025695801	-28.6548366547
772.315124512	-15.1052045822
772.604492188	-17.5831241608
772.893920898	0.53364688158
773.183288574	-8.1639995575
773.47265625	-10.3887443542
773.762084961	1.31616055965
774.051452637	-0.870254993439
774.340820313	-10.0810842514
774.630249023	-28.7841377258
774.919616699	-28.1358375549
775.208984375	-32.7111701965
775.498413086	-42.7982559204
775.787780762	-27.7368679047
776.077148438	-27.7396907806
776.366577148	-17.4686222076
776.655944824	-30.0034275055
776.9453125	-12.6095199585
777.234741211	-26.464673996
777.524108887	-18.6427879333
777.813476563	-25.5660209656
778.102905273	-30.3850402832
778.392272949	-42.4664764404
778.68170166	-29.6465797424
778.971069336	-18.0219612122
779.260437012	-12.5550556183
779.549865723	-15.172659874
779.839233398	-9.83637046814
780.128601074	-8.48885059357
780.418029785	-24.8508396149
780.707397461	-44.823387146
780.996765137	-34.1157608032
781.286193848	-21.1943035126
781.575561523	-22.8775444031
781.864929199	-32.2539024353
782.15435791	-21.7579803467
782.443725586	-39.1624145508
782.733093262	-38.1417961121
783.022521973	-34.7860145569
783.311889648	-33.8730621338
783.601257324	-23.1031799316
783.890686035	-50.708820343
784.180053711	-40.9142799377
784.469482422	-41.6939926147
784.758850098	-46.1443252563
785.048217773	-45.9149703979
785.337646484	-43.0318412781
785.62701416	-26.0336875916
785.916381836	-42.75233078
786.205810547	-27.8687133789
786.495178223	-39.6835479736
786.784545898	-49.806728363
787.073974609	-37.186542511
787.363342285	-37.0138244629
787.652709961	-44.0654754639
787.942138672	-37.5112037659
788.231506348	-37.1744270325
788.520874023	-50.1638221741
788.810302734	-57.7660446167
789.09967041	-52.2261428833
789.389038086	-51.5385360718
789.678466797	-62.2098503113
789.967834473	-36.1296653748
790.257263184	-36.4049835205
790.546630859	-46.5909118652
790.835998535	-34.0095024109
791.125427246	-42.7587013245
791.414794922	-14.6331033707
791.704162598	-21.4474487305
791.993591309	-38.0052375793
792.282958984	-29.1560096741
792.57232666	-47.8622016907
792.861755371	-72.7503128052
793.151123047	-48.2370223999
793.440490723	-26.9510250092
793.729919434	-38.7334251404
794.019287109	-30.0882968903
794.308654785	-24.0486392975
794.598083496	-49.6254730225
794.887451172	-61.1177940369
795.176818848	-58.528087616
795.466247559	-48.2387084961
795.755615234	-52.5725860596
796.045043945	-60.5236854553
796.334411621	-50.5030708313
796.623779297	-51.714389801
796.913208008	-50.8478622437
797.202575684	-45.2847671509
797.491943359	-60.1699104309
797.78137207	-63.9860038757
798.070739746	-43.1265220642
798.360107422	-51.6444778442
798.649536133	-59.0516357422
798.938903809	-34.2104606628
799.228271484	-53.0921897888
799.517700195	-53.2444610596
799.807067871	-65.990447998
800.096435547	-49.4253997803
800.385864258	-58.0827980042
800.675231934	-60.9991950989
800.964660645	-18.7632827759
801.25402832	-36.5952072144
801.543395996	-40.3563270569
801.832824707	-32.1834068298
802.122192383	-15.847360611
802.411560059	-8.18441104889
802.70098877	-40.0796012878
802.990356445	-49.8399925232
803.279724121	-47.5649833679
803.569152832	-59.0910339355
803.858520508	-53.4940032959
804.147888184	-37.8413085938
804.437316895	-31.0702400208
804.72668457	-23.5547504425
805.016052246	-23.0915088654
805.305480957	-22.6622371674
805.594848633	-31.4421596527
805.884216309	-30.7062110901
806.17364502	-35.7996444702
806.463012695	-29.7941665649
806.752441406	-23.1117229462
807.041809082	-19.4622001648
807.331176758	-13.026301384
807.620605469	-40.3309173584
807.909973145	-14.5339345932
808.19934082	-40.1458892822
808.488769531	-31.6543617249
808.778137207	-22.7736377716
809.067504883	-6.04013204575
809.356933594	-12.3916225433
809.64630127	-22.9420528412
809.935668945	-36.4292488098
810.225097656	-31.5878696442
810.514465332	-26.7222824097
810.803833008	-2.53638386726
811.093261719	-2.85345101357
811.382629395	-15.4236555099
811.67199707	-25.5502567291
811.961425781	-25.1873931885
812.250793457	-22.6020793915
812.540222168	-24.0219306946
812.829589844	-9.88730049133
813.11895752	1.44996547699
813.40838623	-14.2706661224
813.697753906	-14.5686540604
813.987121582	-4.03290176392
814.276550293	-30.0040225983
814.565917969	-22.0893630981
814.855285645	-29.8385219574
815.144714355	-23.1253166199
815.434082031	-3.5238904953
815.723449707	-36.4097671509
816.012878418	-13.4170217514
816.302246094	-12.7945995331
816.59161377	-10.8374605179
816.88104248	-39.8820648193
817.170410156	11.9554433823
817.459777832	1.66233849525
817.749206543	-11.343205452
818.038574219	-37.2581367493
818.32800293	3.57250118256
818.617370605	-3.29848456383
818.906738281	7.81929922104
819.196166992	7.21536636353
819.485534668	12.3072710037
819.774902344	20.6208553314
820.064331055	19.9942188263
820.35369873	-3.69585967064
820.643066406	-8.69404315948
820.932495117	4.83972024918
821.221862793	-0.137711152434
821.511230469	1.63754320145
821.80065918	12.8920087814
822.090026855	15.5620384216
822.379394531	14.0799694061
822.668823242	-8.18900299072
822.958190918	-3.09876251221
823.247558594	5.66692876816
823.536987305	-6.92461633682
823.82635498	-3.69749951363
824.115783691	-7.58225774765
824.405151367	8.72664642334
824.694519043	12.6722698212
824.983947754	-0.654627561569
825.27331543	11.6803998947
825.562683105	13.7622528076
825.852111816	-3.16669464111
826.141479492	7.22033452988
826.430847168	4.66693401337
826.720275879	8.10029125214
827.009643555	22.7146148682
827.29901123	23.9527187347
827.588439941	21.1934490204
827.877807617	14.286532402
828.167175293	3.2238547802
828.456604004	-6.13673353195
828.74597168	14.1267604828
829.035339355	10.6121778488
829.324768066	7.71179485321
829.614135742	4.53803300858
829.903564453	11.6002960205
830.192932129	16.5710659027
830.482299805	14.0821180344
830.771728516	16.0664997101
831.061096191	20.9708633423
831.350463867	13.6357250214
831.639892578	-4.41553735733
831.929260254	-4.98505067825
832.21862793	-0.208861485124
832.508056641	-5.64830732346
832.797424316	3.55146598816
833.086791992	30.9250679016
833.376220703	21.5544700623
833.665588379	-3.22183156013
833.954956055	-12.9991092682
834.244384766	-17.6702442169
834.533752441	-25.0151481628
834.823181152	-4.777592659
835.112548828	-23.7340698242
835.401916504	6.99353647232
835.691345215	-6.68077278137
835.980712891	-11.5459403992
836.270080566	4.05544376373
836.559509277	-0.832000017166
836.848876953	28.000585556
837.138244629	-2.79304909706
837.42767334	11.5782957077
837.717041016	9.7316827774
838.006408691	11.3035268784
838.295837402	-11.7501773834
838.585205078	3.60462546349
838.874572754	-11.8406209946
839.164001465	5.97872257233
839.453369141	-27.2538776398
839.742736816	-21.0428733826
840.032165527	-18.6661567688
840.321533203	-24.4580821991
840.610961914	9.10540103912
840.90032959	33.951171875
841.189697266	26.3811683655
841.479125977	6.47565793991
841.768493652	11.3761148453
842.057861328	30.4108486176
842.347290039	11.1791667938
842.636657715	-1.88326644897
842.926025391	-2.01259469986
843.215454102	-16.2450084686
843.504821777	-4.2586145401
843.794189453	6.65404939651
844.083618164	4.79272842407
844.37298584	8.00568580627
844.662353516	3.7821187973
844.951782227	2.00087618828
845.241149902	-11.8952980042
845.530517578	23.2488117218
845.819946289	-19.1530361176
846.109313965	5.9468832016
846.398742676	-6.46521902084
846.688110352	-16.8032875061
846.977478027	6.79297065735
847.266906738	-5.20628976822
847.556274414	-0.0541238635778
847.84564209	10.2928667068
848.135070801	26.2889671326
848.424438477	-14.9555950165
848.713806152	-9.07003116608
849.003234863	22.712934494
849.292602539	12.788441658
849.581970215	34.2821617126
849.871398926	20.4833393097
850.160766602	17.2453689575
850.450134277	-1.07805168629
850.739562988	-2.25797605515
851.028930664	-6.99228477478
851.31829834	1.17745935917
851.607727051	7.78147029877
851.897094727	-1.18623661995
852.186523438	3.2266125679
852.475891113	6.47985267639
852.765258789	1.00555372238
853.0546875	10.6156682968
853.344055176	12.4013795853
853.633422852	2.16731476784
853.922851563	5.32479286194
854.212219238	-0.914398670197
854.501586914	-12.585474968
854.791015625	-7.11427640915
855.080383301	14.0679187775
855.369750977	-28.3382644653
855.659179688	-2.2935795784
855.948547363	-0.0415601469576
856.237915039	3.14576196671
856.52734375	1.05690217018
856.816711426	34.4107284546
857.106079102	7.53115606308
857.395507813	25.5394630432
857.684875488	19.1623325348
857.974304199	-16.2817516327
858.263671875	-7.69965410233
858.553039551	-10.1317167282
858.842468262	-22.1766319275
859.131835938	-38.8496589661
859.421203613	1.04542541504
859.710632324	-6.38767290115
860	8.98104572296
860.289367676	-0.589444339275
860.578796387	8.74283790588
860.868164063	2.95799255371
861.157531738	-14.0473117828
861.446960449	3.7544529438
861.736328125	22.9598407745
862.025695801	0.633491814137
862.315124512	-4.52616882324
862.604492188	-5.634745121
862.893920898	-21.9799518585
863.183288574	-32.8006858826
863.47265625	-22.7998886108
863.762084961	-5.99153137207
864.051452637	7.48265600204
864.340820313	0.695368826389
864.630249023	7.05743646622
864.919616699	-0.244743123651
865.208984375	-15.3821277618
865.498413086	-2.56742334366
865.787780762	-8.82126331329
866.077148438	-11.2962942123
866.366577148	7.00547027588
866.655944824	5.04972648621
866.9453125	3.58519291878
867.234741211	-1.312748909
867.524108887	4.13165330887
867.813476563	-5.88366127014
868.102905273	-19.9163684845
868.392272949	-19.1614189148
868.68170166	8.57100963593
868.971069336	24.9260559082
869.260437012	13.3943843842
869.549865723	-1.9906181097
869.839233398	-8.10676288605
870.128601074	-0.195319384336
870.418029785	-7.35644483566
870.707397461	-0.747980117798
870.996765137	-26.2796516418
871.286193848	-13.5486879349
871.575561523	-5.18045759201
871.864929199	12.3169231415
872.15435791	1.29910838604
872.443725586	-0.351948261261
872.733093262	-17.4263439178
873.022521973	33.0094528198
873.311889648	-16.785402298
873.601257324	26.1480140686
873.890686035	4.10871458054
874.180053711	16.8621997833
874.469482422	-13.7796392441
874.758850098	7.0226726532
875.048217773	-1.36812996864
875.337646484	6.25663328171
875.62701416	30.5970306396
875.916381836	26.0255641937
876.205810547	13.3197612762
876.495178223	12.0229530334
876.784545898	6.26593923569
877.073974609	4.87947177887
877.363342285	16.938375473
877.652709961	3.39571762085
877.942138672	-17.536403656
878.231506348	-14.2348241806
878.520874023	9.99888515472
878.810302734	11.5281887054
879.09967041	-4.95514297485
879.389038086	-3.78198099136
879.678466797	21.9685153961
879.967834473	17.0423107147
880.257263184	-8.68619728088
880.546630859	-5.70102310181
880.835998535	5.05807638168
881.125427246	22.7490024567
881.414794922	21.0115184784
881.704162598	4.06773805618
881.993591309	26.6805381775
882.282958984	41.0287475586
882.57232666	42.0708084106
882.861755371	30.6081676483
883.151123047	29.2398262024
883.440490723	25.5389652252
883.729919434	6.5392165184
884.019287109	-0.445092231035
884.308654785	3.01762056351
884.598083496	29.7227058411
884.887451172	46.7330245972
885.176818848	31.714050293
885.466247559	27.5243587494
885.755615234	28.4250602722
886.045043945	-9.80735397339
886.334411621	37.9014511108
886.623779297	25.1769104004
886.913208008	35.0900039673
887.202575684	48.6379203796
887.491943359	47.8372077942
887.78137207	23.0178775787
888.070739746	58.5709228516
888.360107422	13.6835374832
888.649536133	47.7724113464
888.938903809	30.684343338
889.228271484	55.2430038452
889.517700195	32.4336853027
889.807067871	14.3246202469
890.096435547	15.879617691
890.385864258	32.4548187256
890.675231934	32.2996139526
890.964660645	94.5894165039
891.25402832	69.2596511841
891.543395996	79.3861923218
891.832824707	80.5244522095
892.122192383	68.2026367188
892.411560059	43.9569854736
892.70098877	41.2163352966
892.990356445	49.8007659912
893.279724121	27.7460384369
893.569152832	25.7419624329
893.858520508	32.0344009399
894.147888184	52.7147789001
894.437316895	32.25025177
894.72668457	57.7345848083
895.016052246	66.6017303467
895.305480957	52.6369628906
895.594848633	40.7748603821
895.884216309	59.1380996704
896.17364502	59.1147346497
896.463012695	53.8600540161
896.752441406	61.3288803101
897.041809082	67.6081314087
897.331176758	83.4535522461
897.620605469	79.748550415
897.909973145	66.1979675293
898.19934082	64.0223846436
898.488769531	57.7224159241
898.778137207	68.363243103
899.067504883	77.4083633423
899.356933594	70.7944259644
899.64630127	75.1644973755
899.935668945	69.2301330566
900.225097656	70.6179046631
900.514465332	77.9506225586
900.803833008	76.8380355835
901.093261719	98.535369873
901.382629395	86.3622360229
901.67199707	67.3624343872
901.961425781	65.915977478
902.250793457	40.9547538757
902.540222168	30.2924747467
902.829589844	58.628616333
903.11895752	56.7240333557
903.40838623	81.1738128662
903.697753906	70.3034133911
903.987121582	69.9981918335
904.276550293	93.3840103149
904.565917969	77.6810836792
904.855285645	86.6283111572
905.144714355	61.5600242615
905.434082031	102.75138855
905.723449707	103.764770508
906.012878418	100.012649536
906.302246094	86.6661758423
906.59161377	91.5760421753
906.88104248	69.5641555786
907.170410156	89.7262191772
907.459777832	63.6336517334
907.749206543	55.4530601501
908.038574219	112.343643188
908.32800293	71.9374694824
908.617370605	116.537521362
908.906738281	136.583129883
909.196166992	105.052452087
909.485534668	134.480148315
909.774902344	116.135620117
910.064331055	126.197212219
910.35369873	99.686920166
910.643066406	117.617538452
910.932495117	113.671813965
911.221862793	127.960098267
911.511230469	90.5474624634
911.80065918	120.073173523
912.090026855	126.965705872
912.379394531	147.18637085
912.668823242	104.789466858
912.958190918	148.790893555
913.247558594	133.508621216
913.536987305	142.268218994
913.82635498	138.309432983
914.115783691	135.877624512
914.405151367	160.899307251
914.694519043	144.002548218
914.983947754	154.527770996
915.27331543	158.864395142
915.562683105	179.54574585
915.852111816	193.406173706
916.141479492	169.979370117
916.430847168	170.347488403
916.720275879	162.55557251
917.009643555	201.958358765
917.29901123	204.807449341
917.588439941	206.544830322
917.877807617	220.788925171
918.167175293	199.793762207
918.456604004	200.321182251
918.74597168	196.988128662
919.035339355	193.621383667
919.324768066	194.995483398
919.614135742	198.457855225
919.903564453	241.052154541
920.192932129	209.68347168
920.482299805	231.862136841
920.771728516	228.16104126
921.061096191	221.890487671
921.350463867	248.797180176
921.639892578	264.46572876
921.929260254	270.825042725
922.21862793	278.295715332
922.508056641	290.44909668
922.797424316	273.0418396
923.086791992	281.641876221
923.376220703	299.568725586
923.665588379	294.544769287
923.954956055	297.643341064
924.244384766	302.842651367
924.533752441	308.139465332
924.823181152	326.741119385
925.112548828	334.597015381
925.401916504	352.700500488
925.691345215	352.239135742
925.980712891	382.618988037
926.270080566	416.104797363
926.559509277	393.237182617
926.848876953	381.136566162
927.138244629	418.435333252
927.42767334	420.045288086
927.717041016	404.742492676
928.006408691	433.239532471
928.295837402	440.064300537
928.585205078	446.754699707
928.874572754	476.073516846
929.164001465	497.340179443
929.453369141	488.320129395
929.742736816	490.656005859
930.032165527	500.966156006
930.321533203	502.827911377
930.610961914	518.133666992
930.90032959	528.808410645
931.189697266	539.17364502
931.479125977	537.993041992
931.768493652	562.884094238
932.057861328	582.901123047
932.347290039	615.111694336
932.636657715	634.581359863
932.926025391	639.821044922
933.215454102	637.745422363
933.504821777	648.519348145
933.794189453	663.993408203
934.083618164	672.20880127
934.37298584	695.004211426
934.662353516	701.712646484
934.951782227	743.652648926
935.241149902	768.651123047
935.530517578	779.018310547
935.819946289	780.16192627
936.109313965	813.935791016
936.398742676	806.54473877
936.688110352	811.149230957
936.977478027	852.028564453
937.266906738	848.142883301
937.556274414	874.775695801
937.84564209	905.937255859
938.135070801	937.354797363
938.424438477	936.357177734
938.713806152	942.279052734
939.003234863	929.753723145
939.292602539	949.669189453
939.581970215	1006.1262207
939.871398926	1031.22827148
940.160766602	1053.29077148
940.450134277	1085.46313477
940.739562988	1061.22631836
941.028930664	1075.19897461
941.31829834	1128.9934082
941.607727051	1157.88305664
941.897094727	1161.69946289
942.186523438	1177.30358887
942.475891113	1216.96508789
942.765258789	1228.77416992
943.0546875	1207.69555664
943.344055176	1276.36450195
943.633422852	1283.85424805
943.922851563	1303.49438477
944.212219238	1315.56762695
944.501586914	1326.47729492
944.791015625	1372.00268555
945.080383301	1395.79711914
945.369750977	1370.37280273
945.659179688	1404.58227539
945.948547363	1452.16821289
946.237915039	1432.96789551
946.52734375	1448.29663086
946.816711426	1504.6862793
947.106079102	1528.27062988
947.395507813	1484.23071289
947.684875488	1535.96264648
947.974304199	1574.42895508
948.263671875	1601.95629883
948.553039551	1620.39135742
948.842468262	1672.53198242
949.131835938	1672.28442383
949.421203613	1676.02026367
949.710632324	1664.41577148
950	1726.15795898
950.289367676	1716.44055176
950.578796387	1752.4128418
950.868164063	1776.71508789
951.157531738	1784.86975098
951.446960449	1785.68286133
951.736328125	1807.41625977
952.025695801	1810.53820801
952.315124512	1823.72973633
952.604492188	1873.34448242
952.893920898	1893.65893555
953.183288574	1876.37817383
953.47265625	1894.70910645
953.762084961	1917.55932617
954.051452637	1943.90698242
954.340820313	1929.45227051
954.630249023	1950.53686523
954.919616699	1987.72290039
955.208984375	1999.88293457
955.498413086	1947.30444336
955.787780762	1974.35229492
956.077148438	1991.92834473
956.366577148	1976.98608398
956.655944824	2013.18469238
956.9453125	2038.56311035
957.234741211	2034.80688477
957.524108887	2041.68078613
957.813476563	2054.38745117
958.102905273	2057.2956543
958.392272949	2026.89953613
958.68170166	2031.85083008
958.971069336	2033.65454102
959.260437012	2067.6418457
959.549865723	2052.24975586
959.839233398	2095.93823242
960.128601074	2101.14477539
960.418029785	2111.13208008
960.707397461	2115.37915039
960.996765137	2061.65893555
961.286193848	2043.41381836
961.575561523	2051.68286133
961.864929199	2058.98217773
962.15435791	2094.3059082
962.443725586	2098.29125977
962.733093262	2073.69091797
963.022521973	2058.91772461
963.311889648	2062.04125977
963.601257324	2030.78283691
963.890686035	2065.84545898
964.180053711	2030.37023926
964.469482422	2032.39428711
964.758850098	2069.15161133
965.048217773	2013.87902832
965.337646484	2024.30053711
965.62701416	2018.87463379
965.916381836	2024.65637207
966.205810547	2029.90405273
966.495178223	2010.72961426
966.784545898	1987.22814941
967.073974609	2005.86682129
967.363342285	1964.93469238
967.652709961	1952.94348145
967.942138672	1998.54504395
968.231506348	1987.3013916
968.520874023	1945.56164551
968.810302734	1925.14465332
969.09967041	1922.69592285
969.389038086	1944.70275879
969.678466797	1921.57580566
969.967834473	1898.8067627
970.257263184	1901.06799316
970.546630859	1885.3092041
970.835998535	1853.78039551
971.125427246	1847.85900879
971.414794922	1861.66320801
971.704162598	1832.12902832
971.993591309	1843.53723145
972.282958984	1839.33605957
972.57232666	1813.13098145
972.861755371	1797.84729004
973.151123047	1781.2286377
973.440490723	1770.9083252
973.729919434	1753.56164551
974.019287109	1752.99914551
974.308654785	1731.63769531
974.598083496	1737.6739502
974.887451172	1719.7467041
975.176818848	1692.96582031
975.466247559	1704.13830566
975.755615234	1690.4942627
976.045043945	1708.13635254
976.334411621	1656.36291504
976.623779297	1624.8302002
976.913208008	1658.30285645
977.202575684	1667.42102051
977.491943359	1643.86291504
977.78137207	1619.60754395
978.070739746	1614.52160645
978.360107422	1606.97509766
978.649536133	1572.30627441
978.938903809	1521.9342041
979.228271484	1464.65087891
979.517700195	1474.23937988
979.807067871	1514.41662598
980.096435547	1529.23486328
980.385864258	1510.30627441
980.675231934	1477.04162598
980.964660645	1466.14025879
981.25402832	1465.37121582
981.543395996	1459.70214844
981.832824707	1453.5357666
982.122192383	1426.18811035
982.411560059	1411.68994141
982.70098877	1391.56799316
982.990356445	1385.27062988
983.279724121	1388.40576172
983.569152832	1381.51281738
983.858520508	1368.1661377
984.147888184	1347.37646484
984.437316895	1363.15344238
984.72668457	1380.23876953
985.016052246	1384.12695313
985.305480957	1350.50598145
985.594848633	1328.33203125
985.884216309	1319.80029297
986.17364502	1297.56262207
986.463012695	1294.6171875
986.752441406	1263.14855957
987.041809082	1284.21496582
987.331176758	1262.94287109
987.620605469	1239.15393066
987.909973145	1273.37060547
988.19934082	1298.84863281
988.488769531	1281.63146973
988.778137207	1273.46972656
989.067504883	1255.12011719
989.356933594	1245.08312988
989.64630127	1237.58056641
989.935668945	1235.80859375
990.225097656	1229.67346191
990.514465332	1238.72167969
990.803833008	1252.16650391
991.093261719	1201.14465332
991.382629395	1200.99316406
991.67199707	1218.70458984
991.961425781	1215.38867188
992.250793457	1182.91015625
992.540222168	1207.43322754
992.829589844	1173.06884766
993.11895752	1190.47900391
993.40838623	1165.93469238
993.697753906	1139.09570313
993.987121582	1182.80615234
994.276550293	1177.75256348
994.565917969	1160.25634766
994.855285645	1209.59326172
995.144714355	1171.50488281
995.434082031	1196.05126953
995.723449707	1187.66748047
996.012878418	1169.32861328
996.302246094	1186.29052734
996.59161377	1166.87353516
996.88104248	1182.12255859
997.170410156	1194.45849609
997.459777832	1182.16894531
997.749206543	1184.30810547
998.038574219	1228.5
998.32800293	1164.57324219
998.617370605	1156.96875
998.906738281	1181.12548828
999.196166992	1208.84033203
999.485534668	1248.01123047
999.774902344	1234.18994141
1000.06433105	1189.60644531
1000.35369873	1263.27587891
1000.64306641	1233.57958984
1000.93249512	1266.50537109
1001.22186279	1245.05517578
1001.51123047	1239.00244141
1001.80065918	1273.09179688
1002.09002686	1260.68896484
1002.37939453	1246.70153809
1002.66882324	1246.72363281
1002.95819092	1277.38720703
1003.24755859	1276.70446777
1003.5369873	1273.45751953
1003.82635498	1308.71435547
1004.11578369	1310.76171875
1004.40515137	1290.77832031
1004.69451904	1292.74707031
1004.98394775	1325.40771484
1005.27331543	1346.93359375
1005.56268311	1319.66833496
1005.85211182	1348.37060547
1006.14147949	1358.73193359
1006.43084717	1363.01940918
1006.72027588	1377.39892578
1007.00964355	1394.00927734
1007.29901123	1397.22937012
1007.58843994	1421.44140625
1007.87780762	1444.21728516
1008.16717529	1460.68640137
1008.456604	1433.30029297
1008.74597168	1451.74853516
1009.03533936	1460.97839355
1009.32476807	1472.89599609
1009.61413574	1495.17272949
1009.90356445	1516.72119141
1010.19293213	1545.77246094
1010.4822998	1535.35583496
1010.77172852	1564.62353516
1011.06109619	1595.64208984
1011.35046387	1608.66052246
1011.63989258	1624.08349609
1011.92926025	1647.75048828
1012.21862793	1676.21325684
1012.50805664	1684.02636719
1012.79742432	1711.34753418
1013.08679199	1721.93395996
1013.3762207	1747.80664063
1013.66558838	1770.16833496
1013.95495605	1804.99108887
1014.24438477	1803.45898438
1014.53375244	1829.98718262
1014.82318115	1847.71191406
1015.11254883	1885.76025391
1015.4019165	1933.33972168
1015.69134521	1953.08544922
1015.98071289	1958.68835449
1016.27008057	1987.6385498
1016.55950928	2033.56494141
1016.84887695	2044.87487793
1017.13824463	2054.52246094
1017.42767334	2109.08789063
1017.71704102	2147.76513672
1018.00640869	2186.79467773
1018.2958374	2207.61816406
1018.58520508	2219.09277344
1018.87457275	2257.35766602
1019.16400146	2298.34082031
1019.45336914	2358.27001953
1019.74273682	2410.3972168
1020.03216553	2388.07910156
1020.3215332	2469.58056641
1020.61096191	2484.39404297
1020.90032959	2521.10205078
1021.18969727	2567.33154297
1021.47912598	2646.56542969
1021.76849365	2702.02392578
1022.05786133	2742.14282227
1022.34729004	2770.71191406
1022.63665771	2832.82080078
1022.92602539	2870.38500977
1023.2154541	2942.95849609
1023.50482178	2980.42138672
1023.79418945	3029.30004883
1024.08361816	3092.75146484
1024.37304688	3152.3984375
1024.66235352	3224.49633789
1024.95178223	3279.77539063
1025.24121094	3330.78710938
1025.53051758	3416.8371582
1025.81994629	3469.45751953
1026.109375	3549.38867188
1026.39868164	3621.07592773
1026.68811035	3691.88769531
1026.97753906	3785.05566406
1027.2668457	3863.71166992
1027.55627441	3924.49902344
1027.84570313	3988.77636719
1028.13500977	4071.87768555
1028.42443848	4193.05566406
1028.71386719	4287.0859375
1029.00317383	4377.30175781
1029.29260254	4479.54101563
1029.58203125	4600.9140625
1029.87133789	4681.78515625
1030.1607666	4771.640625
1030.45019531	4889.39257813
1030.73950195	5003.04394531
1031.02893066	5118.74023438
1031.31835938	5194.06347656
1031.60766602	5339.46582031
1031.89709473	5461.19238281
1032.18652344	5565.6953125
1032.47583008	5730.15380859
1032.76525879	5861.59765625
1033.0546875	6024.09960938
1033.34399414	6168.84619141
1033.63342285	6330.09765625
1033.92285156	6476.82519531
1034.2121582	6653.57373047
1034.50158691	6853.95898438
1034.79101563	6994.16113281
1035.08044434	7138.81738281
1035.36975098	7349.63476563
1035.65917969	7532.55175781
1035.9486084	7753.27832031
1036.23791504	7970.98339844
1036.52734375	8150.13671875
1036.81677246	8338.60742188
1037.1060791	8586.45507813
1037.39550781	8849.79394531
1037.68493652	9076.98046875
1037.97424316	9309.21679688
1038.26367188	9569.14941406
1038.55310059	9864.94042969
1038.84240723	10163.9189453
1039.13183594	10432.296875
1039.42126465	10745.8105469
1039.71057129	11063.3544922
1040	11385.3447266
1040.28942871	11729.2050781
1040.57873535	12095.1757813
1040.86816406	12407.1123047
1041.15759277	12756.7070313
1041.44689941	13156.2988281
1041.73632813	13556.8310547
1042.02575684	13886.1230469
1042.31506348	14229.8183594
1042.60449219	14691.3056641
1042.8939209	15135.6582031
1043.18322754	15566.2480469
1043.47265625	15978.3251953
1043.76208496	16428.6425781
1044.0513916	16869.0957031
1044.34082031	17265.0625
1044.63024902	17733.8652344
1044.91955566	18196.9238281
1045.20898438	18563.8710938
1045.49841309	18967.4355469
1045.7878418	19424.1542969
1046.07714844	19821.9707031
1046.36657715	20201.7265625
1046.65600586	20541.7578125
1046.9453125	20883.8632813
1047.23474121	21195.484375
1047.52416992	21447.8710938
1047.81347656	21736.7617188
1048.10290527	21945.5449219
1048.39233398	22112.2539063
1048.68164063	22314.0410156
1048.97106934	22338.90625
1049.26049805	22387.09375
1049.54980469	22427.8574219
1049.8392334	22371.0878906
1050.12866211	22242.9902344
1050.41796875	22176.3398438
1050.70739746	22046.0214844
1050.99682617	21784.3300781
1051.28613281	21482.4902344
1051.57556152	21176.7714844
1051.86499023	20883.765625
1052.15429688	20540.1445313
1052.44372559	20126.6445313
1052.7331543	19644.0078125
1053.02246094	19230.4472656
1053.31188965	18724.9375
1053.60131836	18157.3066406
1053.890625	17733.0390625
1054.18005371	17139.8027344
1054.46948242	16654.875
1054.75878906	16140.3173828
1055.04821777	15556.8457031
1055.33764648	15019.6513672
1055.62695313	14467.6982422
1055.91638184	13986.4589844
1056.20581055	13427.1123047
1056.49511719	12825.4912109
1056.7845459	12320.7246094
1057.07397461	11859.0419922
1057.36340332	11404.546875
1057.65270996	10958.2705078
1057.94213867	10508.4267578
1058.23156738	9965.85058594
1058.52087402	9657.91308594
1058.81030273	9264.16210938
1059.09973145	8823.84179688
1059.38903809	8471.9375
1059.6784668	8090.77783203
1059.96789551	7761.22851563
1060.25720215	7455.78564453
1060.54663086	7134.09423828
1060.83605957	6835.6796875
1061.12536621	6573.41748047
1061.41479492	6286.85498047
1061.70422363	6042.67578125
1061.99353027	5767.41943359
1062.28295898	5561.61181641
1062.5723877	5294.12304688
1062.86169434	5137.43408203
1063.15112305	4904.48291016
1063.44055176	4733.93652344
1063.7298584	4550.81591797
1064.01928711	4367.35693359
1064.30871582	4211.18457031
1064.59802246	4098.40673828
1064.88745117	3953.72631836
1065.17687988	3796.30639648
1065.46618652	3650.72802734
1065.75561523	3541.00463867
1066.04504395	3438.49584961
1066.33435059	3308.09863281
1066.6237793	3188.98266602
1066.91320801	3100.18676758
1067.20251465	2975.51904297
1067.49194336	2873.53637695
1067.78137207	2767.83813477
1068.07067871	2686.40917969
1068.36010742	2614.2980957
1068.64953613	2552.10229492
1068.93896484	2494.63989258
1069.22827148	2402.32299805
1069.5177002	2332.76489258
1069.80712891	2284.2253418
1070.09643555	2203.8034668
1070.38586426	2118.76000977
1070.67529297	2094.83276367
1070.96459961	2040.63635254
1071.25402832	1988.4753418
1071.54345703	1927.90600586
1071.83276367	1892.88635254
1072.12219238	1834.7623291
1072.41162109	1768.74975586
1072.70092773	1723.02697754
1072.99035645	1727.54504395
1073.27978516	1665.79125977
1073.5690918	1594.44006348
1073.85852051	1546.05383301
1074.14794922	1518.51293945
1074.43725586	1466.17150879
1074.72668457	1474.83117676
1075.01611328	1420.29907227
1075.30541992	1418.27307129
1075.59484863	1392.79943848
1075.88427734	1330.98022461
1076.17358398	1300.55224609
1076.4630127	1300.65344238
1076.75244141	1258.1315918
1077.04174805	1233.40625
1077.33117676	1207.4473877
1077.62060547	1158.17016602
1077.90991211	1139.85351563
1078.19934082	1134.20959473
1078.48876953	1116.3527832
1078.77807617	1085.32568359
1079.06750488	1059.69641113
1079.35693359	1053.68371582
1079.6463623	1018.19848633
1079.93566895	1016.15826416
1080.22509766	1003.04315186
1080.51452637	972.925048828
1080.80383301	914.876037598
1081.09326172	900.674499512
1081.38269043	883.409423828
1081.67199707	876.52935791
1081.96142578	852.717407227
1082.25085449	824.358154297
1082.54016113	810.550354004
1082.82958984	813.998657227
1083.11901855	784.923034668
1083.4083252	756.200256348
1083.69775391	756.956176758
1083.98718262	761.840026855
1084.27648926	769.527893066
1084.56591797	726.259887695
1084.85534668	721.969421387
1085.14465332	715.946838379
1085.43408203	693.080688477
1085.72351074	656.732116699
1086.01281738	662.994628906
1086.30224609	678.080688477
1086.5916748	663.60760498
1086.88098145	629.255371094
1087.17041016	607.975158691
1087.45983887	607.556335449
1087.74914551	585.962890625
1088.03857422	553.285217285
1088.32800293	551.212036133
1088.61730957	555.174316406
1088.90673828	554.659729004
1089.19616699	568.745727539
1089.48547363	543.107910156
1089.77490234	532.393127441
1090.06433105	518.381958008
1090.3536377	517.262207031
1090.64306641	505.795471191
1090.93249512	495.716430664
1091.22192383	481.308288574
1091.51123047	455.921905518
1091.80065918	477.45324707
1092.09008789	458.68963623
1092.37939453	446.281768799
1092.66882324	446.154388428
1092.95825195	428.294128418
1093.24755859	442.333526611
1093.5369873	443.677825928
1093.82641602	406.9190979
1094.11572266	432.294433594
1094.40515137	402.775970459
1094.69458008	382.990386963
1094.98388672	404.170898438
1095.27331543	361.097717285
1095.56274414	370.870758057
1095.85205078	355.706054688
1096.14147949	370.337463379
1096.4309082	350.242797852
1096.72021484	353.609344482
1097.00964355	341.340393066
1097.29907227	341.884399414
1097.58837891	336.834442139
1097.87780762	313.81350708
1098.16723633	320.166137695
1098.45654297	311.504852295
1098.74597168	319.783233643
1099.03540039	277.694915771
1099.32470703	286.684997559
1099.61413574	277.639678955
1099.90356445	280.49130249
1100.19287109	275.348571777
1100.4822998	261.614746094
1100.77172852	264.672454834
1101.06103516	259.740661621
1101.35046387	265.659179688
1101.63989258	277.689544678
1101.92932129	259.328765869
1102.21862793	231.19140625
1102.50805664	194.535705566
1102.79748535	202.498672485
1103.08679199	206.806137085
1103.3762207	207.647521973
1103.66564941	240.26625061
1103.95495605	205.061004639
1104.24438477	191.723190308
1104.53381348	198.062133789
1104.82312012	192.64743042
1105.11254883	193.623565674
1105.40197754	149.499130249
1105.69128418	170.875442505
1105.98071289	169.785675049
1106.2701416	160.874130249
1106.55944824	176.038024902
1106.84887695	145.996109009
1107.13830566	127.774017334
1107.4276123	187.526794434
1107.71704102	130.042495728
1108.00646973	116.364830017
1108.29577637	130.870040894
1108.58520508	152.719238281
1108.87463379	124.742752075
1109.16394043	143.484283447
1109.45336914	121.891105652
1109.74279785	140.914123535
1110.03210449	123.53993988
1110.3215332	115.205543518
1110.61096191	136.83744812
1110.90026855	110.46522522
1111.18969727	103.199676514
1111.47912598	88.2837371826
1111.76843262	114.486701965
1112.05786133	118.460899353
1112.34729004	102.352081299
1112.63659668	108.136108398
1112.92602539	80.5687942505
1113.2154541	74.2182846069
1113.50488281	79.7305679321
1113.79418945	47.5741577148
1114.08361816	47.8974761963
1114.37304688	49.4703025818
1114.66235352	59.4716110229
1114.95178223	53.3383827209
1115.24121094	37.8452949524
1115.53051758	66.7455215454
1115.81994629	77.7255783081
1116.109375	72.2695999146
1116.39868164	40.966217041
1116.68811035	32.79637146
1116.97753906	35.2695884705
1117.2668457	3.00917744637
1117.55627441	79.2143325806
1117.84570313	47.7388191223
1118.13500977	25.8099479675
1118.42443848	37.984828949
1118.71386719	9.5454492569
1119.00317383	51.5965614319
1119.29260254	2.88227915764
1119.58203125	-7.2118844986
1119.87133789	11.4300460815
1120.1607666	7.52387094498
1120.45019531	12.3320503235
1120.73950195	10.5247802734
1121.02893066	-7.60361242294
1121.31835938	-0.245676338673
1121.60766602	-2.69612669945
1121.89709473	-14.6404371262
1122.18652344	-10.6531066895
1122.47583008	-5.02884960175
1122.76525879	-7.25831604004
1123.0546875	2.54102611542
1123.34399414	2.88159132004
1123.63342285	-9.52707386017
1123.92285156	-6.20820093155
1124.2121582	-5.97847557068
1124.50158691	-11.1781568527
1124.79101563	-3.83828735352
1125.08044434	4.62218761444
1125.36975098	8.1483001709
1125.65917969	-40.7213020325
1125.9486084	-47.7940330505
1126.23791504	-53.9041481018
1126.52734375	-27.4007053375
1126.81677246	-25.461227417
1127.1060791	-40.3555259705
1127.39550781	-12.4834289551
1127.68493652	38.3232383728
1127.97424316	-19.8728179932
1128.26367188	-63.6349983215
1128.55310059	-59.1364402771
1128.84240723	-38.5190162659
1129.13183594	-33.6972160339
1129.42126465	-9.97355651855
1129.71057129	-52.627620697
1130	-46.8614807129
1130.28942871	-82.9249343872
1130.57873535	-53.6092681885
1130.86816406	-29.3802394867
1131.15759277	-47.4988670349
1131.44689941	-18.6187496185
1131.73632813	-18.0684318542
1132.02575684	-47.9702606201
1132.31506348	-39.5051841736
1132.60449219	-34.0715637207
1132.8939209	-50.2800331116
1133.18322754	-51.5088043213
1133.47265625	-31.7368068695
1133.76208496	-36.7870750427
1134.0513916	-50.8366470337
1134.34082031	-72.8136672974
1134.63024902	-56.4635467529
1134.91955566	-55.5140953064
1135.20898438	-64.7738342285
1135.49841309	-38.1834754944
1135.7878418	-26.7732944489
1136.07714844	-49.5826339722
1136.36657715	-85.1641464233
1136.65600586	-71.1270141602
1136.9453125	-51.3460197449
1137.23474121	-33.7185516357
1137.52416992	-46.5212593079
1137.81347656	-37.3174133301
1138.10290527	-44.4521522522
1138.39233398	-58.6664848328
1138.68164063	-91.5964279175
1138.97106934	-80.5006942749
1139.26049805	-75.8795776367
1139.54980469	-58.3056144714
1139.8392334	-45.3246307373
1140.12866211	-43.9813423157
1140.41796875	-35.2198791504
1140.70739746	-40.5499343872
1140.99682617	-34.8687553406
1141.28613281	-67.4861984253
1141.57556152	-72.8719100952
1141.86499023	-80.9866333008
1142.15429688	-74.7822952271
1142.44372559	-62.2163543701
1142.7331543	-65.2090072632
1143.02246094	11.4826345444
1143.31188965	23.8498477936
1143.60131836	-48.8376274109
1143.890625	-66.5937423706
1144.18005371	-28.7987937927
1144.46948242	-34.7255249023
1144.75878906	-68.775100708
1145.04821777	-60.2047576904
1145.33764648	-43.2271957397
1145.62695313	-104.551177979
1145.91638184	-60.3529129028
1146.20581055	-90.7825698853
1146.49511719	-77.4210128784
1146.7845459	-56.2276268005
1147.07397461	-65.6016235352
1147.36340332	-89.4243545532
1147.65270996	-70.008102417
1147.94213867	-78.3879623413
1148.23156738	-47.2775840759
1148.52087402	-86.2109451294
1148.81030273	-60.1913871765
1149.09973145	-52.3285675049
1149.38903809	-77.3796081543
1149.6784668	-96.255065918
1149.96789551	-47.835609436
1150.25720215	-37.3998260498
1150.54663086	-51.7499008179
1150.83605957	-73.3924484253
1151.12536621	-66.7374343872
1151.41479492	-59.4629936218
1151.70422363	-56.2056427002
1151.99353027	-44.1365623474
1152.28295898	-47.6150512695
1152.5723877	-62.4949111938
1152.86169434	-79.9849090576
1153.15112305	-53.0410385132
1153.44055176	-57.2529258728
1153.7298584	-53.4860916138
1154.01928711	-44.4089164734
1154.30871582	-78.6242218018
1154.59802246	-81.7050476074
1154.88745117	-48.7211303711
1155.17687988	-51.1136856079
1155.46618652	-66.8566131592
1155.75561523	-71.7779769897
1156.04504395	-40.5557823181
1156.33435059	-52.6908035278
1156.6237793	-87.6439056396
1156.91320801	-77.0369415283
1157.20251465	-70.377532959
1157.49194336	-51.0972290039
1157.78137207	-78.6318740845
1158.07067871	-43.5017585754
1158.36010742	-68.4470443726
1158.64953613	-52.4328575134
1158.93896484	-44.515838623
1159.22827148	-58.2245903015
1159.5177002	-73.0165557861
1159.80712891	-56.8070602417
1160.09643555	-53.1076049805
1160.38586426	-64.3927383423
1160.67529297	-60.2486686707
1160.96459961	-45.5819320679
1161.25402832	-61.511592865
1161.54345703	-73.6951599121
1161.83276367	-69.604598999
1162.12219238	-42.1128692627
1162.41162109	-44.6870651245
1162.70092773	-73.6985473633
1162.99035645	-11.1028203964
1163.27978516	-24.7785758972
1163.5690918	-61.4800033569
1163.85852051	-33.6479454041
1164.14794922	13.6977825165
1164.43725586	-38.6530570984
1164.72668457	-65.2174835205
1165.01611328	-71.4664840698
1165.30541992	-25.4750385284
1165.59484863	-34.8968887329
1165.88427734	-32.85389328
1166.17358398	-62.7696762085
1166.4630127	-32.4302940369
1166.75244141	-7.47567892075
1167.04174805	-37.335308075
1167.33117676	-36.1355781555
1167.62060547	-28.9617233276
1167.90991211	-47.9722328186
1168.19934082	-27.5015029907
1168.48876953	-17.6557731628
1168.77807617	-13.0320053101
1169.06750488	-27.7106895447
1169.35693359	-31.7248249054
1169.6463623	-37.3771438599
1169.93566895	-30.5746631622
1170.22509766	-64.9149703979
1170.51452637	-1.1229518652
1170.80383301	-28.005531311
1171.09326172	16.9456672668
1171.38269043	-34.5469818115
1171.67199707	-36.4476280212
1171.96142578	-35.2049293518
1172.25085449	-10.6980657578
1172.54016113	-26.9883594513
1172.82958984	-13.5933151245
1173.11901855	-9.85403156281
1173.4083252	14.2834091187
1173.69775391	8.63988018036
1173.98718262	2.67994499207
1174.27648926	2.85010027885
1174.56591797	-6.98922967911
1174.85534668	-7.81098127365
1175.14465332	-10.3712949753
1175.43408203	-6.76433515549
1175.72351074	12.7898893356
1176.01281738	-12.8246231079
1176.30224609	-0.585339665413
1176.5916748	25.3604869843
1176.88098145	15.413942337
1177.17041016	-1.04892206192
1177.45983887	22.8344039917
1177.74914551	56.664226532
1178.03857422	9.99286651611
1178.32800293	20.7218971252
1178.61730957	3.28365302086
1178.90673828	3.81541705132
1179.19616699	-9.75990867615
1179.48547363	-17.4473190308
1179.77490234	-1.93148601055
1180.06433105	22.21276474
1180.3536377	5.40816736221
1180.64306641	1.11980164051
1180.93249512	12.5140533447
1181.22192383	16.7046909332
1181.51123047	30.8507766724
1181.80065918	46.7093849182
1182.09008789	34.9034385681
1182.37939453	26.1501102448
1182.66882324	16.8519802094
1182.95825195	12.7535552979
1183.24755859	28.7243480682
1183.5369873	40.4223098755
1183.82641602	14.5270109177
1184.11572266	10.6369638443
1184.40515137	-5.03860902786
1184.69458008	24.8512477875
1184.98388672	3.92018485069
1185.27331543	27.4579906464
1185.56274414	53.9005813599
1185.85205078	40.1350479126
1186.14147949	24.5312519073
1186.4309082	48.5270652771
1186.72021484	54.6619186401
1187.00964355	32.1245307922
1187.29907227	15.5637044907
1187.58837891	24.8601799011
1187.87780762	47.7529678345
1188.16723633	44.3405761719
1188.45654297	28.1336364746
1188.74597168	26.2544498444
1189.03540039	71.1345443726
1189.32470703	55.9437141418
1189.61413574	44.739818573
1189.90356445	37.1311416626
1190.19287109	57.2332801819
1190.4822998	16.424407959
1190.77172852	31.4690494537
1191.06103516	14.8783187866
1191.35046387	31.2413196564
1191.63989258	40.6951408386
1191.92932129	26.1821670532
1192.21862793	36.804813385
1192.50805664	57.2596130371
1192.79748535	54.2026939392
1193.08679199	32.2984848022
1193.3762207	40.4627571106
1193.66564941	44.4375724792
1193.95495605	54.4664726257
1194.24438477	65.9652175903
1194.53381348	36.7872009277
1194.82312012	34.9889526367
1195.11254883	42.1883773804
1195.40197754	75.9214935303
1195.69128418	45.2248077393
1195.98071289	68.0214004517
1196.2701416	57.8712234497
1196.55944824	71.8693618774
1196.84887695	55.7870483398
1197.13830566	56.313621521
1197.4276123	64.978263855
1197.71704102	64.8539581299
1198.00646973	91.0021209717
1198.29577637	71.7702713013
1198.58520508	84.6205825806
1198.87463379	71.3112182617
1199.16394043	66.831817627
1199.45336914	63.1455001831
1199.74279785	48.2848701477
1200.03210449	59.732711792
1200.3215332	78.1772537231
1200.61096191	79.0168228149
1200.90026855	69.9983520508
1201.18969727	60.7485618591
1201.47912598	71.575920105
1201.76843262	98.1863632202
1202.05786133	88.5493621826
1202.34729004	81.9934158325
1202.63659668	50.784034729
1202.92602539	84.8355102539
1203.2154541	96.0256652832
1203.50488281	75.6181564331
1203.79418945	95.8106307983
1204.08361816	66.4441375732
1204.37304688	94.3330154419
1204.66235352	100.969337463
1204.95178223	91.164855957
1205.24121094	87.1387023926
1205.53051758	104.467407227
1205.81994629	109.574546814
1206.109375	89.7358856201
1206.39868164	76.5826568604
1206.68811035	84.6419448853
1206.97753906	86.8960647583
1207.2668457	90.1207580566
1207.55627441	90.0438232422
1207.84570313	102.907798767
1208.13500977	97.4601364136
1208.42443848	102.741592407
1208.71386719	267.86630249
1209.00317383	259.073425293
1209.29260254	131.921295166
1209.58203125	90.4288330078
1209.87133789	92.7013778687
1210.1607666	119.782646179
1210.45019531	116.53578186
1210.73950195	115.591537476
1211.02893066	112.652290344
1211.31835938	110.1300354
1211.60766602	117.031005859
1211.89709473	93.7450790405
1212.18652344	119.493339539
1212.47583008	122.998794556
1212.76525879	124.988754272
1213.0546875	106.831733704
1213.34399414	128.279083252
1213.63342285	119.166015625
1213.92285156	117.624229431
1214.2121582	123.970024109
1214.50158691	142.963882446
1214.79101563	125.033432007
1215.08044434	135.091262817
1215.36975098	143.216827393
1215.65917969	133.016845703
1215.9486084	138.037078857
1216.23791504	137.126525879
1216.52734375	144.284927368
1216.81677246	157.865219116
1217.1060791	151.751052856
1217.39550781	157.323516846
1217.68493652	143.008789063
1217.97424316	140.902923584
1218.26367188	181.920227051
1218.55310059	152.622573853
1218.84240723	145.01524353
1219.13183594	152.24836731
1219.42126465	151.897979736
1219.71057129	142.53137207
1220	186.273773193
1220.28942871	169.788146973
1220.57873535	153.860015869
1220.86816406	145.324569702
1221.15759277	179.980056763
1221.44689941	177.595870972
1221.73632813	163.46862793
1222.02575684	173.523529053
1222.31506348	182.298522949
1222.60449219	171.992095947
1222.8939209	162.811630249
1223.18322754	164.134963989
1223.47265625	167.691329956
1223.76208496	175.238891602
1224.0513916	176.186248779
1224.34082031	184.801696777
1224.63024902	178.795074463
1224.91955566	184.721908569
1225.20898438	173.01411438
1225.49841309	176.929367065
1225.7878418	208.997436523
1226.07714844	193.943817139
1226.36657715	211.671569824
1226.65600586	196.154693604
1226.9453125	198.534164429
1227.23474121	215.921096802
1227.52416992	191.44670105
1227.81347656	188.011734009
1228.10290527	198.536346436
1228.39233398	210.049255371
1228.68164063	218.38381958
1228.97106934	218.858627319
1229.26049805	220.480422974
1229.54980469	218.20072937
1229.8392334	223.767349243
1230.12866211	230.528289795
1230.41796875	203.622619629
1230.70739746	236.181427002
1230.99682617	234.746582031
1231.28613281	219.5806427
1231.57556152	240.561813354
1231.86499023	231.511734009
1232.15429688	220.860946655
1232.44372559	229.089172363
1232.7331543	219.284698486
1233.02246094	242.359985352
1233.31188965	244.363113403
1233.60131836	246.637741089
1233.890625	249.929336548
1234.18005371	246.169296265
1234.46948242	257.479064941
1234.75878906	267.256011963
1235.04821777	257.914428711
1235.33764648	264.755950928
1235.62695313	261.487976074
1235.91638184	241.294815063
1236.20581055	258.633392334
1236.49511719	268.457214355
1236.7845459	274.980865479
1237.07397461	282.599731445
1237.36340332	280.61605835
1237.65270996	305.717712402
1237.94213867	290.653442383
1238.23156738	275.65512085
1238.52087402	293.527282715
1238.81030273	284.884429932
1239.09973145	293.43737793
1239.38903809	284.649871826
1239.6784668	301.20916748
1239.96789551	313.112182617
1240.25720215	306.575653076
1240.54663086	313.130554199
1240.83605957	313.432037354
1241.12536621	292.20703125
1241.41479492	308.565155029
1241.70422363	318.135192871
1241.99353027	306.044464111
1242.28295898	333.565155029
1242.5723877	340.456481934
1242.86169434	325.355010986
1243.15112305	300.618896484
1243.44055176	333.415985107
1243.7298584	333.333557129
1244.01928711	347.838653564
1244.30871582	351.03805542
1244.59802246	328.769104004
1244.88745117	367.442169189
1245.17687988	358.276367188
1245.46618652	352.433197021
1245.75561523	347.637023926
1246.04504395	368.631378174
1246.33435059	367.81262207
1246.6237793	347.652160645
1246.91320801	371.314483643
1247.20251465	391.712524414
1247.49194336	383.634124756
1247.78137207	381.656799316
1248.07067871	398.681793213
1248.36010742	403.784057617
1248.64953613	412.415588379
1248.93896484	394.814727783
1249.22827148	408.608276367
1249.5177002	406.323822021
1249.80712891	430.861633301
1250.09643555	449.504302979
1250.38586426	421.685180664
1250.67529297	443.094055176
1250.96459961	406.73916626
1251.25402832	417.90637207
1251.54345703	455.712738037
1251.83276367	459.87689209
1252.12219238	435.853179932
1252.41162109	453.645874023
1252.70092773	471.349578857
1252.99035645	462.020172119
1253.27978516	474.831420898
1253.5690918	477.075653076
1253.85852051	478.760437012
1254.14794922	491.917388916
1254.43725586	483.805664063
1254.72668457	455.705291748
1255.01611328	489.757232666
1255.30541992	505.152832031
1255.59484863	514.050048828
1255.88427734	559.637145996
1256.17358398	509.74319458
1256.4630127	525.448974609
1256.75244141	551.32220459
1257.04174805	555.367248535
1257.33117676	555.965087891
1257.62060547	552.432128906
1257.90991211	539.549377441
1258.19934082	553.166259766
1258.48876953	556.240722656
1258.77807617	562.114807129
1259.06750488	581.667297363
1259.35693359	583.091796875
1259.6463623	566.533935547
1259.93566895	597.33380127
1260.22509766	610.224121094
1260.51452637	581.481689453
1260.80383301	599.324523926
1261.09326172	614.460998535
1261.38269043	608.397705078
1261.67199707	598.633178711
1261.96142578	620.26763916
1262.25085449	641.642333984
1262.54016113	646.90222168
1262.82958984	660.556213379
1263.11901855	654.502258301
1263.4083252	645.932983398
1263.69775391	666.154418945
1263.98718262	695.871398926
1264.27648926	684.944274902
1264.56591797	673.36340332
1264.85534668	678.171203613
1265.14465332	700.024841309
1265.43408203	722.319946289
1265.72351074	733.470092773
1266.01281738	712.527282715
1266.30224609	696.428894043
1266.5916748	763.011108398
1266.88098145	718.534606934
1267.17041016	758.878601074
1267.45983887	762.01550293
1267.74914551	773.001464844
1268.03857422	770.997253418
1268.32800293	787.86517334
1268.61730957	778.145019531
1268.90673828	829.79901123
1269.19616699	810.911071777
1269.48547363	821.255859375
1269.77490234	818.662841797
1270.06433105	834.96282959
1270.3536377	842.812561035
1270.64306641	859.919677734
1270.93249512	893.831970215
1271.22192383	880.758972168
1271.51123047	904.510009766
1271.80065918	907.776367188
1272.09008789	921.287780762
1272.37939453	906.332336426
1272.66882324	948.25
1272.95825195	960.706237793
1273.24755859	931.414855957
1273.5369873	927.911132813
1273.82641602	941.334228516
1274.11572266	981.534973145
1274.40515137	986.607971191
1274.69458008	977.964111328
1274.98388672	978.596496582
1275.27331543	1003.5737915
1275.56274414	1046.69995117
1275.85205078	1042.96325684
1276.14147949	1034.86535645
1276.4309082	1054.4699707
1276.72021484	1072.42126465
1277.00964355	1051.99768066
1277.29907227	1094.49536133
1277.58837891	1081.66833496
1277.87780762	1119.37609863
1278.16723633	1109.74694824
1278.45654297	1107.39733887
1278.74597168	1161.10021973
1279.03540039	1137.8729248
1279.32470703	1132.53845215
1279.61413574	1157.37512207
1279.90356445	1198.38952637
1280.19287109	1198.59912109
1280.4822998	1193.22424316
1280.77172852	1216.14440918
1281.06103516	1229.75878906
1281.35046387	1255.77062988
1281.63989258	1247.94812012
1281.92932129	1263.27893066
1282.21862793	1309.01489258
1282.50805664	1264.3236084
1282.79748535	1258.11096191
1283.08679199	1292.41772461
1283.3762207	1362.11413574
1283.66564941	1360.2232666
1283.95495605	1352.1862793
1284.24438477	1397.62158203
1284.53381348	1405.3302002
1284.82312012	1418.97680664
1285.11254883	1419.40185547
1285.40197754	1450.05187988
1285.69128418	1473.8190918
1285.98071289	1461.65820313
1286.2701416	1473.15307617
1286.55944824	1499.32006836
1286.84887695	1520.84765625
1287.13830566	1526.47436523
1287.4276123	1537.93444824
1287.71704102	1570.65087891
1288.00646973	1570.19946289
1288.29577637	1544.31970215
1288.58520508	1603.39794922
1288.87463379	1626.10961914
1289.16394043	1627.49694824
1289.45336914	1656.20812988
1289.74279785	1667.67016602
1290.03210449	1672.49841309
1290.3215332	1668.38439941
1290.61096191	1714.72192383
1290.90026855	1760.8861084
1291.18969727	1793.27258301
1291.47912598	1776.82312012
1291.76843262	1792.16394043
1292.05786133	1802.83215332
1292.34729004	1829.34997559
1292.63659668	1816.70153809
1292.92602539	1843.12756348
1293.2154541	1881.18493652
1293.50488281	1911.74279785
1293.79418945	1914.87268066
1294.08361816	1927.22839355
1294.37304688	1920.23547363
1294.66235352	1944.11633301
1294.95178223	1967.0345459
1295.24121094	1987.84289551
1295.53051758	1990.01049805
1295.81994629	2004.0111084
1296.109375	2045.53723145
1296.39868164	2072.70825195
1296.68811035	2092.43847656
1296.97753906	2084.46801758
1297.2668457	2121.11010742
1297.55627441	2107.12207031
1297.84570313	2118.04174805
1298.13500977	2124.68432617
1298.42443848	2159.53027344
1298.71386719	2188.23022461
1299.00317383	2171.58276367
1299.29260254	2160.68896484
1299.58203125	2187.4699707
1299.87133789	2193.72045898
1300.1607666	2230.98828125
1300.45019531	2254.42358398
1300.73950195	2268.49536133
1301.02893066	2278.76074219
1301.31835938	2286.42700195
1301.60766602	2290.04174805
1301.89709473	2304.39404297
1302.18652344	2272.9074707
1302.47583008	2307.65112305
1302.76525879	2297.44384766
1303.0546875	2322.90209961
1303.34399414	2342.80395508
1303.63342285	2345.35791016
1303.92285156	2360.83227539
1304.2121582	2372.87939453
1304.50158691	2356.73046875
1304.79101563	2360.0090332
1305.08044434	2344.51367188
1305.36975098	2343.45507813
1305.65917969	2358.41870117
1305.9486084	2327.23925781
1306.23791504	2369.0925293
1306.52734375	2362.33764648
1306.81677246	2326.37255859
1307.1060791	2334.94165039
1307.39550781	2367.29858398
1307.68493652	2354.41796875
1307.97424316	2334.37719727
1308.26367188	2331.08740234
1308.55310059	2310.60595703
1308.84240723	2311.96850586
1309.13183594	2279.03173828
1309.42126465	2244.13525391
1309.71057129	2236.24536133
1310	2262.82617188
1310.28942871	2290.4831543
1310.57873535	2266.01049805
1310.86816406	2242.77148438
1311.15759277	2224.03491211
1311.44689941	2175.11889648
1311.73632813	2164.55322266
1312.02575684	2168.46118164
1312.31506348	2181.36791992
1312.60449219	2147.63378906
1312.8939209	2092.07592773
1313.18322754	2061.59692383
1313.47265625	2073.39941406
1313.76208496	2047.63208008
1314.0513916	2032.39575195
1314.34082031	2014.91699219
1314.63024902	1962.68237305
1314.91955566	1920.1361084
1315.20898438	1983.35644531
1315.49841309	1930.75805664
1315.7878418	1943.51660156
1316.07714844	1900.23779297
1316.36657715	1875.03393555
1316.65600586	1840.92871094
1316.9453125	1826.84533691
1317.23474121	1798.08325195
1317.52416992	1766.47851563
1317.81347656	1757.7388916
1318.10290527	1759.12817383
1318.39233398	1704.39941406
1318.68164063	1687.14758301
1318.97106934	1691.79284668
1319.26049805	1645.60644531
1319.54980469	1660.62609863
1319.8392334	1629.92370605
1320.12866211	1604.27197266
1320.41796875	1604.30725098
1320.70739746	1591.73425293
1320.99682617	1536.29406738
1321.28613281	1531.79992676
1321.57556152	1500.95349121
1321.86499023	1481.6895752
1322.15429688	1485.5098877
1322.44372559	1474.74694824
1322.7331543	1436.16174316
1323.02246094	1404.19946289
1323.31188965	1447.50085449
1323.60131836	1433.22961426
1323.890625	1390.18969727
1324.18005371	1335.5423584
1324.46948242	1332.85070801
1324.75878906	1352.17700195
1325.04821777	1310.87255859
1325.33764648	1297.67834473
1325.62695313	1300.17797852
1325.91638184	1268.28515625
1326.20581055	1267.36779785
1326.49511719	1234.18774414
1326.7845459	1225.91259766
1327.07397461	1239.65112305
1327.36340332	1205.10388184
1327.65270996	1210.86572266
1327.94213867	1189.39624023
1328.23156738	1179.64978027
1328.52087402	1137.94628906
1328.81030273	1134.24145508
1329.09973145	1153.63378906
1329.38903809	1112.73583984
1329.6784668	1098.72631836
1329.96789551	1090.43554688
1330.25720215	1089.02050781
1330.54663086	1047.28295898
1330.83605957	1050.12451172
1331.12536621	1040.28918457
1331.41479492	1056.59643555
1331.70422363	1062.35986328
1331.99353027	997.733459473
1332.28295898	1007.20489502
1332.5723877	1011.94384766
1332.86169434	986.463500977
1333.15112305	979.910461426
1333.44055176	992.535705566
1333.7298584	990.089477539
1334.01928711	957.827453613
1334.30871582	941.116271973
1334.59802246	944.311645508
1334.88745117	910.613647461
1335.17687988	872.130432129
1335.46618652	899.032409668
1335.75561523	886.555541992
1336.04504395	885.679260254
1336.33435059	849.768249512
1336.6237793	870.073608398
1336.91320801	872.773071289
1337.20251465	855.943054199
1337.49194336	841.66204834
1337.78137207	822.124633789
1338.07067871	826.890869141
1338.36010742	798.537536621
1338.64953613	798.647094727
1338.93896484	818.102905273
1339.22827148	790.179626465
1339.5177002	745.079772949
1339.80712891	765.770874023
1340.09643555	758.608886719
1340.38586426	722.503112793
1340.67529297	738.76159668
1340.96459961	676.649902344
1341.25402832	695.396179199
1341.54345703	710.437438965
1341.83276367	683.69921875
1342.12219238	655.367919922
1342.41162109	640.433532715
1342.70092773	636.538085938
1342.99035645	631.215576172
1343.27978516	680.864196777
1343.5690918	629.376037598
1343.85852051	599.385498047
1344.14794922	609.549316406
1344.43725586	626.990783691
1344.72668457	607.236572266
1345.01611328	591.218261719
1345.30541992	569.534729004
1345.59484863	536.425109863
1345.88427734	506.049316406
1346.17358398	531.559204102
1346.4630127	516.683898926
1346.75244141	527.121582031
1347.04174805	522.566040039
1347.33117676	509.715667725
1347.62060547	504.113342285
1347.90991211	431.29699707
1348.19934082	500.855804443
1348.48876953	443.961975098
1348.77807617	467.844390869
1349.06750488	447.275756836
1349.35693359	414.37411499
1349.6463623	400.98223877
1349.93566895	407.72253418
1350.22509766	396.308685303
1350.51452637	420.851379395
1350.80383301	394.455474854
1351.09326172	351.936645508
1351.38269043	354.017913818
1351.67199707	344.20501709
1351.96142578	354.73059082
1352.25085449	339.032073975
1352.54016113	314.387634277
1352.82958984	316.513824463
1353.11901855	321.136108398
1353.4083252	317.863250732
1353.69775391	319.75604248
1353.98718262	287.721557617
1354.27648926	307.955535889
1354.56591797	262.963562012
1354.85534668	287.094146729
1355.14465332	277.419921875
1355.43408203	316.306854248
1355.72351074	260.27923584
1356.01281738	275.824249268
1356.30224609	208.211654663
1356.5916748	210.739212036
1356.88098145	246.927276611
1357.17041016	228.207763672
1357.45983887	235.28414917
1357.74914551	206.455627441
1358.03857422	188.844985962
1358.32800293	206.938461304
1358.61730957	179.059646606
1358.90673828	185.173614502
1359.19616699	194.384765625
1359.48547363	191.111907959
1359.77490234	189.99005127
1360.06433105	176.446304321
1360.3536377	173.44883728
1360.64306641	168.800613403
1360.93249512	150.466339111
1361.22192383	151.691162109
1361.51123047	172.95199585
1361.80065918	129.569396973
1362.09008789	156.596450806
1362.37939453	167.732284546
1362.66882324	129.749588013
1362.95825195	130.700958252
1363.24755859	124.492073059
1363.5369873	132.623138428
1363.82641602	147.444152832
1364.11572266	134.124404907
1364.40515137	110.85508728
1364.69458008	103.177078247
1364.98388672	104.874427795
1365.27331543	94.4981765747
1365.56274414	99.7234802246
1365.85205078	97.8251342773
1366.14147949	119.750144958
1366.4309082	90.7010345459
1366.72021484	36.5502471924
1367.00964355	60.4069023132
1367.29907227	70.8856277466
1367.58837891	76.7240905762
1367.87780762	85.0114135742
1368.16723633	80.0121078491
1368.45654297	58.3823165894
1368.74597168	91.2228546143
1369.03540039	61.5536308289
1369.32470703	81.4218826294
1369.61413574	76.0343933105
1369.90356445	61.3724975586
1370.19287109	70.4487609863
1370.4822998	60.431388855
1370.77172852	62.9350128174
1371.06103516	72.6001434326
1371.35046387	52.0690994263
1371.63989258	48.3422584534
1371.92932129	35.3532104492
1372.21862793	11.9577913284
1372.50805664	18.3505783081
1372.79748535	82.4538116455
1373.08679199	74.8513641357
1373.3762207	26.6904392242
1373.66564941	13.5505113602
1373.95495605	17.5086078644
1374.24438477	13.0415315628
1374.53381348	41.1100997925
1374.82312012	26.7596035004
1375.11254883	32.6914520264
1375.40197754	1.71558630466
1375.69128418	34.2732925415
1375.98071289	48.8770179749
1376.2701416	56.9099388123
1376.55944824	1.76940464973
1376.84887695	37.2242012024
1377.13830566	63.586227417
1377.4276123	6.32850456238
1377.71704102	-9.89394283295
1378.00646973	6.95782804489
1378.29577637	19.1122150421
1378.58520508	21.4766807556
1378.87463379	-4.96354055405
1379.16394043	22.855884552
1379.45336914	8.51087856293
1379.74279785	1.9168484211
1380.03210449	-36.6729049683
1380.3215332	15.3053302765
1380.61096191	18.4036827087
1380.90026855	16.9047489166
1381.18969727	28.2452888489
1381.47912598	45.7503814697
1381.76843262	35.8608207703
1382.05786133	22.2951126099
1382.34729004	45.0965919495
1382.63659668	81.2797851563
1382.92602539	20.488489151
1383.2154541	8.61418628693
1383.50488281	31.6681060791
1383.79418945	34.4787406921
1384.08361816	45.060005188
1384.37304688	25.0265216827
1384.66235352	30.3898925781
1384.95178223	31.4052371979
1385.24121094	33.4811286926
1385.53051758	20.8205757141
1385.81994629	14.1752758026
1386.109375	-1.16484808922
1386.39868164	26.3459835052
1386.68811035	44.0532226563
1386.97753906	10.4435682297
1387.2668457	24.0095748901
1387.55627441	12.8769721985
1387.84570313	31.682844162
1388.13500977	22.4690666199
1388.42443848	32.363319397
1388.71386719	35.7795410156
1389.00317383	33.5838317871
1389.29260254	44.107963562
1389.58203125	26.8674507141
1389.87133789	27.6912708282
1390.1607666	15.6572990417
1390.45019531	13.9773321152
1390.73950195	19.8983192444
1391.02893066	9.97958278656
1391.31835938	27.6956119537
1391.60766602	20.3045883179
1391.89709473	36.3965950012
1392.18652344	50.7083244324
1392.47583008	44.1522636414
1392.76525879	46.0250282288
1393.0546875	33.4676208496
1393.34399414	34.1386070251
1393.63342285	65.4493637085
1393.92285156	35.3641242981
1394.2121582	4.46235656738
1394.50158691	27.1344394684
1394.79101563	41.7606239319
1395.08044434	18.795501709
1395.36975098	24.0035991669
1395.65917969	11.3250961304
1395.9486084	51.2330207825
1396.23791504	25.1447296143
1396.52734375	80.2948379517
1396.81677246	31.8726863861
1397.1060791	56.037815094
1397.39550781	24.7777690887
1397.68493652	72.3912582397
1397.97424316	60.33959198
1398.26367188	56.6313018799
1398.55310059	54.789226532
1398.84240723	54.2282791138
1399.13183594	77.7016372681
1399.42126465	40.7457885742
1399.71057129	45.7097434998
1400	60.3178634644
