400	28.9971237183
400.292388916	31.0700416565
400.58480835	1.22229063511
400.877197266	-3.69478058815
401.169586182	-7.76004552841
401.461975098	-3.42223381996
401.754394531	2.48392105103
402.046783447	2.77412509918
402.339172363	10.4334697723
402.631591797	11.1452884674
402.923980713	-0.593559741974
403.216369629	21.8934211731
403.508758545	5.89334249496
403.801177979	7.39227104187
404.093566895	-25.8072719574
404.385955811	-12.6379165649
404.678375244	9.7513923645
404.97076416	8.76742649078
405.263153076	15.1035289764
405.555541992	26.4501304626
405.847961426	4.72542524338
406.140350342	3.58301234245
406.432739258	39.3986053467
406.725158691	10.4907970428
407.017547607	4.4401807785
407.309936523	23.9440078735
407.602325439	28.0010585785
407.894744873	23.3234729767
408.187133789	39.6297912598
408.479522705	57.8091545105
408.771942139	34.4347915649
409.064331055	30.4854946136
409.356719971	30.876039505
409.649108887	7.03855800629
409.94152832	-9.53575611115
410.233917236	11.6985406876
410.526306152	31.9667720795
410.818725586	29.7064228058
411.111114502	30.2583446503
411.403503418	29.7890281677
411.695892334	15.1966638565
411.988311768	33.7776222229
412.280700684	62.7069892883
412.5730896	-15.693482399
412.865509033	18.147731781
413.157897949	5.96405887604
413.450286865	19.8138332367
413.742675781	23.0405597687
414.035095215	29.4159545898
414.327484131	27.3450737
414.619873047	19.7844486237
414.91229248	41.2946052551
415.204681396	72.240814209
415.497070313	45.0361480713
415.789459229	39.9843101501
416.081878662	38.5889511108
416.374267578	53.9941482544
416.666656494	74.4542694092
416.959075928	57.6099395752
417.251464844	39.5559043884
417.54385376	56.5441055298
417.836242676	75.2786483765
418.128662109	60.8327522278
418.421051025	54.8050842285
418.713439941	47.4082756042
419.005859375	33.0986099243
419.298248291	41.0536117554
419.590637207	31.5049476624
419.883026123	49.7133636475
420.175445557	46.6959342957
420.467834473	55.2300338745
420.760223389	62.1904067993
421.052642822	53.2425575256
421.345031738	50.0618133545
421.637420654	50.3993797302
421.92980957	51.1576042175
422.222229004	57.539100647
422.51461792	58.2067451477
422.807006836	93.3343505859
423.09942627	80.4433898926
423.391815186	62.3637199402
423.684204102	95.0826339722
423.976593018	112.765663147
424.269012451	94.432800293
424.561401367	91.5081634521
424.853790283	93.1286849976
425.146209717	76.6503219604
425.438598633	95.191986084
425.730987549	105.530288696
426.023406982	77.6996307373
426.315795898	97.6602401733
426.608184814	112.767097473
426.90057373	108.452812195
427.192993164	98.8743438721
427.48538208	107.530273438
427.777770996	120.931800842
428.07019043	108.670478821
428.362579346	108.236808777
428.654968262	90.6441955566
428.947357178	81.9109649658
429.239776611	119.32736969
429.532165527	116.974266052
429.824554443	93.6489944458
430.116973877	91.5221862793
430.409362793	117.534561157
430.701751709	124.548149109
430.994140625	106.825416565
431.286560059	106.552131653
431.578948975	112.683883667
431.871337891	122.536590576
432.163757324	89.237663269
432.45614624	117.910926819
432.748535156	123.196983337
433.040924072	127.647827148
433.333343506	138.234161377
433.625732422	133.02973938
433.918121338	119.946403503
434.210540771	135.548110962
434.502929688	165.317565918
434.795318604	154.021835327
435.08770752	152.371856689
435.380126953	151.151306152
435.672515869	169.817474365
435.964904785	164.587661743
436.257324219	166.852706909
436.549713135	161.716400146
436.842102051	158.004165649
437.134490967	157.685470581
437.4269104	165.354324341
437.719299316	179.386474609
438.011688232	177.820480347
438.304107666	158.204666138
438.596496582	197.784164429
438.888885498	183.0987854
439.181274414	198.860916138
439.473693848	157.876449585
439.766082764	179.060211182
440.05847168	206.667053223
440.350891113	198.069793701
440.643280029	174.895645142
440.935668945	174.689758301
441.228057861	192.287094116
441.520477295	195.743530273
441.812866211	193.992233276
442.105255127	185.396697998
442.397674561	186.706176758
442.690063477	204.100875854
442.982452393	189.904006958
443.274841309	185.240844727
443.567260742	188.532012939
443.859649658	207.407913208
444.152038574	214.587524414
444.444458008	216.755142212
444.736846924	229.496276855
445.02923584	209.67124939
445.321624756	197.879425049
445.614044189	207.805603027
445.906433105	208.384124756
446.198822021	193.077651978
446.491241455	199.091720581
446.783630371	204.103363037
447.076019287	202.964859009
447.368408203	201.007736206
447.660827637	199.824783325
447.953216553	200.745605469
448.245605469	209.729904175
448.538024902	225.450027466
448.830413818	223.305648804
449.122802734	172.958648682
449.41519165	195.319900513
449.707611084	195.951400757
450	212.256744385
450.292388916	210.560119629
450.58480835	191.817840576
450.877197266	205.357315063
451.169586182	230.210510254
451.461975098	239.241928101
451.754394531	242.543334961
452.046783447	211.72416687
452.339172363	224.745330811
452.631591797	214.935668945
452.923980713	225.678512573
453.216369629	183.221633911
453.508758545	188.969604492
453.801177979	195.036895752
454.093566895	207.580032349
454.385955811	223.790161133
454.678375244	228.826919556
454.97076416	224.646911621
455.263153076	224.567489624
455.555541992	232.028594971
455.847961426	253.053894043
456.140350342	226.736663818
456.432739258	237.759292603
456.725158691	206.09513855
457.017547607	213.077972412
457.309936523	207.654067993
457.602325439	206.684265137
457.894744873	202.284255981
458.187133789	210.710693359
458.479522705	223.389572144
458.771942139	211.29914856
459.064331055	212.749023438
459.356719971	190.134918213
459.649108887	212.551589966
459.94152832	208.182601929
460.233917236	218.193511963
460.526306152	215.634841919
460.818725586	213.326629639
461.111114502	208.10975647
461.403503418	194.85357666
461.695892334	200.619857788
461.988311768	222.912490845
462.280700684	217.472457886
462.5730896	196.772674561
462.865509033	231.834106445
463.157897949	225.075973511
463.450286865	216.67086792
463.742675781	228.142211914
464.035095215	215.263946533
464.327484131	204.529006958
464.619873047	201.567749023
464.91229248	196.460235596
465.204681396	192.969177246
465.497070313	200.371200562
465.789459229	211.950469971
466.081878662	211.635192871
466.374267578	202.059677124
466.666656494	197.052993774
466.959075928	183.691574097
467.251464844	223.01083374
467.54385376	208.436782837
467.836242676	192.231628418
468.128662109	192.10774231
468.421051025	208.491943359
468.713439941	206.981369019
469.005859375	188.586990356
469.298248291	180.665771484
469.590637207	188.030426025
469.883026123	200.083084106
470.175445557	183.407699585
470.467834473	167.29776001
470.760223389	189.915359497
471.052642822	227.269256592
471.345031738	194.875869751
471.637420654	195.345275879
471.92980957	206.300765991
472.222229004	197.901016235
472.51461792	181.41947937
472.807006836	177.068084717
473.09942627	174.497680664
473.391815186	166.087936401
473.684204102	193.306610107
473.976593018	185.820678711
474.269012451	225.697296143
474.561401367	195.990188599
474.853790283	179.026489258
475.146209717	193.173370361
475.438598633	198.663513184
475.730987549	194.400497437
476.023406982	188.142837524
476.315795898	189.493835449
476.608184814	176.179550171
476.90057373	149.946792603
477.192993164	178.511398315
477.48538208	193.707611084
477.777770996	190.330093384
478.07019043	182.886886597
478.362579346	154.866043091
478.654968262	198.754882813
478.947357178	185.500656128
479.239776611	192.970535278
479.532165527	191.661376953
479.824554443	195.920806885
480.116973877	199.050109863
480.409362793	195.716537476
480.701751709	214.051177979
480.994140625	203.585769653
481.286560059	182.730194092
481.578948975	214.192520142
481.871337891	189.109191895
482.163757324	209.920379639
482.45614624	187.31703186
482.748535156	204.644088745
483.040924072	189.212615967
483.333343506	178.814086914
483.625732422	183.614547729
483.918121338	171.84274292
484.210540771	162.059432983
484.502929688	188.620391846
484.795318604	206.018753052
485.08770752	210.01159668
485.380126953	218.432159424
485.672515869	180.12739563
485.964904785	187.538192749
486.257324219	184.229019165
486.549713135	204.480651855
486.842102051	213.344100952
487.134490967	187.160675049
487.4269104	175.4427948
487.719299316	190.814544678
488.011688232	191.751968384
488.304107666	186.11857605
488.596496582	198.784515381
488.888885498	141.251220703
489.181274414	212.045089722
489.473693848	189.99055481
489.766082764	214.543457031
490.05847168	220.741378784
490.350891113	200.937072754
490.643280029	195.199935913
490.935668945	186.91494751
491.228057861	181.560134888
491.520477295	185.709945679
491.812866211	193.44593811
492.105255127	196.919494629
492.397674561	182.469696045
492.690063477	183.866348267
492.982452393	188.930725098
493.274841309	175.64743042
493.567260742	192.442016602
493.859649658	199.805465698
494.152038574	195.74508667
494.444458008	201.536743164
494.736846924	226.116973877
495.02923584	212.859573364
495.321624756	195.044799805
495.614044189	208.622344971
495.906433105	206.805862427
496.198822021	183.70664978
496.491241455	165.729263306
496.783630371	164.005554199
497.076019287	176.895858765
497.368408203	218.626495361
497.660827637	200.464035034
497.953216553	211.40512085
498.245605469	209.834487915
498.538024902	209.672042847
498.830413818	217.828948975
499.122802734	211.235107422
499.41519165	193.398361206
499.707611084	190.427810669
500	192.723144531
500.292388916	181.668380737
500.58480835	209.137756348
500.877197266	269.026367188
501.169586182	200.659088135
501.461975098	201.707351685
501.754394531	186.232894897
502.046783447	192.801651001
502.339172363	203.416564941
502.631591797	191.263153076
502.923980713	214.678604126
503.216369629	223.540588379
503.508758545	183.73336792
503.801177979	175.332885742
504.093566895	189.28276062
504.385955811	179.935516357
504.678375244	213.959350586
504.97076416	187.237335205
505.263153076	170.692825317
505.555541992	199.654907227
505.847961426	156.334747314
506.140350342	173.179153442
506.432739258	195.707382202
506.725158691	191.945327759
507.017547607	181.809997559
507.309936523	169.211288452
507.602325439	165.526641846
507.894744873	177.001876831
508.187133789	160.513519287
508.479522705	167.970474243
508.771942139	192.713302612
509.064331055	157.748626709
509.356719971	166.905761719
509.649108887	198.6459198
509.94152832	195.1743927
510.233917236	171.468994141
510.526306152	189.157150269
510.818725586	207.99029541
511.111114502	183.941879272
511.403503418	169.662017822
511.695892334	177.298171997
511.988311768	159.048568726
512.280700684	177.334869385
512.573120117	189.266159058
512.865478516	146.531723022
513.157897949	166.032119751
513.450317383	188.634567261
513.742675781	189.590805054
514.035095215	188.01184082
514.327514648	168.809844971
514.619873047	148.924530029
514.91229248	142.557739258
515.204650879	147.670227051
515.497070313	163.343460083
515.789489746	171.151473999
516.081848145	152.57182312
516.374267578	142.92817688
516.666687012	155.840927124
516.95904541	157.652618408
517.251464844	160.94720459
517.543884277	174.660003662
517.836242676	182.750762939
518.128662109	149.104431152
518.421081543	146.490066528
518.713439941	145.208999634
519.005859375	146.455490112
519.298217773	141.24156189
519.590637207	130.190200806
519.883056641	119.936683655
520.175415039	115.171478271
520.467834473	131.670898438
520.760253906	142.714752197
521.052612305	145.665374756
521.345031738	131.547592163
521.637451172	144.385879517
521.92980957	125.378738403
522.222229004	129.945785522
522.514648438	131.531387329
522.807006836	141.655578613
523.09942627	147.137420654
523.391784668	125.635894775
523.684204102	114.969543457
523.976623535	123.350547791
524.268981934	122.714500427
524.561401367	121.647506714
524.853820801	108.573928833
525.146179199	119.843154907
525.438598633	110.124549866
525.731018066	143.491882324
526.023376465	100.598022461
526.315795898	86.257598877
526.608215332	106.902526855
526.90057373	90.8839035034
527.192993164	112.614768982
527.485351563	117.712364197
527.777770996	124.658798218
528.07019043	130.188247681
528.362548828	107.446723938
528.654968262	97.4185562134
528.947387695	106.243896484
529.239746094	104.025085449
529.532165527	117.795501709
529.824584961	100.645011902
530.116943359	66.4242477417
530.409362793	84.9302520752
530.701782227	104.885971069
530.994140625	90.5333709717
531.286560059	92.0071487427
531.578918457	90.3486404419
531.871337891	81.3495254517
532.163757324	77.6118774414
532.456115723	73.48046875
532.748535156	69.4840316772
533.04095459	82.1538619995
533.333312988	90.7831954956
533.625732422	66.1759185791
533.918151855	77.7651824951
534.210510254	54.5082817078
534.502929688	68.5482254028
534.795349121	43.5710792542
535.08770752	80.6108093262
535.380126953	78.1553955078
535.672485352	69.1011276245
535.964904785	62.3837509155
536.257324219	63.9913215637
536.549682617	51.6357917786
536.842102051	42.6193389893
537.134521484	48.1690483093
537.426879883	42.9875869751
537.719299316	49.1315345764
538.01171875	24.2537555695
538.304077148	36.1372375488
538.596496582	42.4481773376
538.888916016	49.4908065796
539.181274414	62.319355011
539.473693848	60.3546600342
539.766052246	50.7110443115
540.05847168	23.9299430847
540.350891113	30.095375061
540.643249512	50.4300270081
540.935668945	56.6789588928
541.228088379	57.8832092285
541.520446777	50.7561912537
541.812866211	40.1308517456
542.105285645	55.1974067688
542.397644043	37.4414863586
542.690063477	49.1874847412
542.98248291	33.1139030457
543.274841309	43.9917678833
543.567260742	10.6738023758
543.859619141	17.6283302307
544.152038574	14.6077270508
544.444458008	5.24264144897
544.736816406	25.4645023346
545.02923584	24.7241725922
545.321655273	23.3896045685
545.614013672	41.5662994385
545.906433105	45.775188446
546.198852539	32.9855422974
546.491210938	30.9415340424
546.783630371	17.0661945343
547.076049805	3.43743801117
547.368408203	31.3704795837
547.660827637	17.1782474518
547.953186035	33.300743103
548.245605469	-0.166149839759
548.538024902	7.03395032883
548.830383301	38.5136222839
549.122802734	39.803565979
549.415222168	14.8042049408
549.707580566	11.2343177795
550	16.1180114746
550.292419434	14.7514610291
550.584777832	11.617609024
550.877197266	7.26009225845
551.169616699	14.7277708054
551.461975098	17.7289276123
551.754394531	20.6057853699
552.046813965	-6.22267818451
552.339172363	11.8756475449
552.631591797	-2.3202483654
552.923950195	2.3469247818
553.216369629	45.3109397888
553.508789063	42.8706588745
553.801147461	23.5800704956
554.093566895	22.4373970032
554.385986328	10.0598602295
554.678344727	13.0060863495
554.97076416	34.5338249207
555.263183594	29.6162471771
555.555541992	3.19333291054
555.847961426	-8.24548244476
556.140380859	5.18484210968
556.432739258	-4.08377599716
556.725158691	-16.4561862946
557.01751709	42.0171394348
557.309936523	12.1869668961
557.602355957	22.202009201
557.894714355	-6.38399219513
558.187133789	3.7831492424
558.479553223	-2.83730721474
558.771911621	-9.87569999695
559.064331055	-4.731508255
559.356750488	11.4712772369
559.649108887	3.52712249756
559.94152832	-2.8045156002
560.233947754	28.9981231689
560.526306152	30.3181285858
560.818725586	25.3939609528
561.111083984	-17.7916488647
561.403503418	4.60229969025
561.695922852	21.2311115265
561.98828125	13.210105896
562.280700684	-2.28165578842
562.573120117	13.9814653397
562.865478516	2.14947986603
563.157897949	2.1369664669
563.450317383	1.73846650124
563.742675781	-0.193372488022
564.035095215	2.18010020256
564.327514648	14.0301351547
564.619873047	19.6915588379
564.91229248	8.13046073914
565.204650879	3.604139328
565.497070313	15.1167726517
565.789489746	34.6340446472
566.081848145	35.3442955017
566.374267578	19.5458927155
566.666687012	3.27288079262
566.95904541	38.9440689087
567.251464844	41.6390762329
567.543884277	34.6512184143
567.836242676	24.3578090668
568.128662109	28.908039093
568.421081543	25.9609546661
568.713439941	26.6663227081
569.005859375	38.7553710938
569.298217773	47.1636199951
569.590637207	26.3342132568
569.883056641	10.7692089081
570.175415039	40.8818054199
570.467834473	23.6832542419
570.760253906	55.8287010193
571.052612305	66.3568191528
571.345031738	74.9309768677
571.637451172	58.1064529419
571.92980957	68.8289108276
572.222229004	35.7221603394
572.514648438	26.1146755219
572.807006836	45.119846344
573.09942627	22.5848731995
573.391784668	26.3905830383
573.684204102	47.4986763
573.976623535	61.1299591064
574.268981934	45.7266845703
574.561401367	38.1182250977
574.853820801	64.0241699219
575.146179199	40.4836883545
575.438598633	18.7385082245
575.731018066	38.6984062195
576.023376465	48.1066551208
576.315795898	71.268699646
576.608215332	47.9314804077
576.90057373	61.8382644653
577.192993164	65.4656448364
577.485351563	54.173210144
577.777770996	57.9316902161
578.07019043	76.2211837769
578.362548828	70.2493057251
578.654968262	93.9128112793
578.947387695	90.9129943848
579.239746094	63.2501983643
579.532165527	62.3033599854
579.824584961	60.1123809814
580.116943359	53.6890869141
580.409362793	64.965637207
580.701782227	75.4589767456
580.994140625	70.298866272
581.286560059	84.6152114868
581.578918457	64.5593490601
581.871337891	92.1530380249
582.163757324	83.1969223022
582.456115723	89.0128860474
582.748535156	90.695930481
583.04095459	56.8911781311
583.333312988	59.5899543762
583.625732422	86.8745574951
583.918151855	90.84715271
584.210510254	82.0647277832
584.502929688	73.4291687012
584.795349121	69.4376525879
585.08770752	84.7624053955
585.380126953	95.3116607666
585.672485352	79.3890991211
585.964904785	78.3616943359
586.257324219	99.1206588745
586.549682617	86.4390640259
586.842102051	70.146522522
587.134521484	85.4357681274
587.426879883	94.3303451538
587.719299316	86.7663192749
588.01171875	77.7210922241
588.304077148	105.185005188
588.596496582	108.209106445
588.888916016	105.983703613
589.181274414	94.3130950928
589.473693848	80.959274292
589.766052246	93.8768005371
590.05847168	109.297149658
590.350891113	102.209686279
590.643249512	96.600112915
590.935668945	86.5014190674
591.228088379	107.760139465
591.520446777	119.322685242
591.812866211	118.340446472
592.105285645	112.43535614
592.397644043	129.85118103
592.690063477	115.503456116
592.98248291	117.708473206
593.274841309	117.98122406
593.567260742	133.587600708
593.859619141	127.236328125
594.152038574	115.78338623
594.444458008	139.460571289
594.736816406	146.319992065
595.02923584	141.825302124
595.321655273	144.742477417
595.614013672	129.632904053
595.906433105	132.658966064
596.198852539	148.401092529
596.491210938	136.441421509
596.783630371	159.050979614
597.076049805	163.709121704
597.368408203	152.446228027
597.660827637	142.564071655
597.953186035	184.260162354
598.245605469	171.438812256
598.538024902	149.479034424
598.830383301	141.789871216
599.122802734	150.246841431
599.415222168	168.769485474
599.707580566	168.445068359
600	166.56072998
600.292419434	158.783569336
600.584777832	156.529464722
600.877197266	168.145858765
601.169616699	177.686569214
601.461975098	187.040374756
601.754394531	165.713653564
602.046813965	160.216766357
602.339172363	157.066177368
602.631591797	149.313171387
602.923950195	170.111068726
603.216369629	149.808029175
603.508789063	161.193954468
603.801147461	190.872711182
604.093566895	174.572845459
604.385986328	202.059356689
604.678344727	189.867263794
604.97076416	153.286880493
605.263183594	159.716506958
605.555541992	191.156738281
605.847961426	210.240661621
606.140380859	202.243530273
606.432739258	172.928390503
606.725158691	164.261825562
607.01751709	198.448883057
607.309936523	213.105072021
607.602355957	180.214370728
607.894714355	204.283508301
608.187133789	220.345947266
608.479553223	196.42401123
608.771911621	217.697738647
609.064331055	216.997238159
609.356750488	174.958114624
609.649108887	171.684234619
609.94152832	229.913665771
610.233947754	230.496368408
610.526306152	223.176101685
610.818725586	214.464614868
611.111083984	220.937561035
611.403503418	218.799804688
611.695922852	222.369812012
611.98828125	227.361801147
612.280700684	229.936447144
612.573120117	246.415618896
612.865478516	247.69984436
613.157897949	276.832855225
613.450317383	287.591094971
613.742675781	268.548156738
614.035095215	287.021484375
614.327514648	304.569030762
614.619873047	284.714111328
614.91229248	261.215026855
615.204650879	303.852020264
615.497070313	285.786773682
615.789489746	314.802825928
616.081848145	312.43371582
616.374267578	308.407775879
616.666687012	304.845947266
616.95904541	307.091369629
617.251464844	311.556884766
617.543884277	322.474060059
617.836242676	349.89743042
618.128662109	387.570953369
618.421081543	402.93661499
618.713439941	393.178375244
619.005859375	405.133880615
619.298217773	390.337768555
619.590637207	380.655822754
619.883056641	400.71875
620.175415039	443.598937988
620.467834473	417.253875732
620.760253906	434.277252197
621.052612305	407.257781982
621.345031738	454.361480713
621.637451172	449.59262085
621.92980957	449.465698242
622.222229004	457.543029785
622.514648438	470.736083984
622.807006836	474.167785645
623.09942627	486.144287109
623.391784668	517.690734863
623.684204102	544.435302734
623.976623535	539.377624512
624.268981934	551.422058105
624.561401367	584.233764648
624.853820801	558.893615723
625.146179199	575.600219727
625.438598633	602.08013916
625.731018066	612.252197266
626.023376465	655.87310791
626.315795898	616.903076172
626.608215332	638.351989746
626.90057373	627.95916748
627.192993164	648.488647461
627.485351563	672.65057373
627.777770996	702.664916992
628.07019043	688.418518066
628.362548828	701.766967773
628.654968262	743.285705566
628.947387695	753.770751953
629.239746094	735.098693848
629.532165527	769.509033203
629.824584961	792.705993652
630.116943359	777.178405762
630.409362793	773.838256836
630.701782227	778.058166504
630.994140625	815.863647461
631.286560059	841.780334473
631.578918457	802.091186523
631.871337891	805.57623291
632.163757324	842.005126953
632.456115723	857.73046875
632.748535156	876.005554199
633.04095459	899.643920898
633.333312988	882.850769043
633.625732422	892.639526367
633.918151855	900.593811035
634.210510254	899.327026367
634.502929688	906.97857666
634.795349121	910.482177734
635.08770752	923.710998535
635.380126953	919.456237793
635.672485352	917.030761719
635.964904785	923.538757324
636.257324219	921.077026367
636.549682617	925.112487793
636.842102051	946.840209961
637.134521484	955.301330566
637.426879883	940.361694336
637.719299316	939.913635254
638.01171875	962.687255859
638.304077148	941.33984375
638.596496582	921.820983887
638.888916016	907.20300293
639.181274414	957.266784668
639.473693848	968.786010742
639.766052246	961.15057373
640.05847168	962.734741211
640.350891113	926.164611816
640.643249512	920.84753418
640.935668945	940.8515625
641.228088379	947.014343262
641.520446777	948.646972656
641.812866211	944.776062012
642.105285645	937.552124023
642.397644043	921.557312012
642.690063477	917.558959961
642.98248291	921.077209473
643.274841309	921.529663086
643.567260742	932.718811035
643.859619141	934.515930176
644.152038574	919.006835938
644.444458008	930.961120605
644.736816406	944.049316406
645.02923584	942.187683105
645.321655273	916.372924805
645.614013672	906.770202637
645.906433105	891.806518555
646.198852539	923.230529785
646.491210938	916.872375488
646.783630371	886.11328125
647.076049805	907.303405762
647.368408203	896.604980469
647.660827637	891.804870605
647.953186035	885.415039063
648.245605469	884.102722168
648.538024902	893.419799805
648.830383301	875.768737793
649.122802734	858.825561523
649.415222168	874.02545166
649.707580566	867.169250488
650	840.708984375
650.292419434	844.966003418
650.584777832	840.084960938
650.877197266	816.781921387
651.169616699	832.56628418
651.461975098	829.140319824
651.754394531	816.655639648
652.046813965	842.495666504
652.339172363	827.67364502
652.631591797	863.729980469
652.923950195	851.800109863
653.216369629	802.330078125
653.508789063	826.069030762
653.801147461	846.172363281
654.093566895	821.874694824
654.385986328	776.002807617
654.678344727	783.333190918
654.97076416	809.434936523
655.263183594	795.668029785
655.555541992	799.651184082
655.847961426	806.674804688
656.140380859	788.527038574
656.432739258	770.3203125
656.725158691	773.381530762
657.01751709	798.717285156
657.309936523	780.442565918
657.602355957	747.744018555
657.894714355	782.57824707
658.187133789	789.94708252
658.479553223	787.345703125
658.771911621	748.437316895
659.064331055	756.287109375
659.356750488	797.55682373
659.649108887	803.95703125
659.94152832	800.70135498
660.233947754	799.446655273
660.526306152	763.171569824
660.818725586	771.401184082
661.111083984	769.98059082
661.403503418	743.569152832
661.695922852	751.794921875
661.98828125	778.127746582
662.280700684	777.789550781
662.573120117	752.580749512
662.865478516	773.303222656
663.157897949	785.583679199
663.450317383	777.555053711
663.742675781	788.242797852
664.035095215	802.846496582
664.327514648	802.700195313
664.619873047	792.512512207
664.91229248	783.495605469
665.204650879	817.504699707
665.497070313	858.741210938
665.789489746	840.902526855
666.081848145	847.672790527
666.374267578	845.119750977
666.666687012	832.235168457
666.95904541	820.227661133
667.251464844	833.521789551
667.543884277	835.308105469
667.836242676	818.251281738
668.128662109	856.377441406
668.421081543	858.84979248
668.713439941	887.470214844
669.005859375	883.854675293
669.298217773	895.135192871
669.590637207	916.681274414
669.883056641	885.159973145
670.175415039	904.047973633
670.467834473	931.714660645
670.760253906	950.215820313
671.052612305	957.76348877
671.345031738	945.375976563
671.637451172	968.651062012
671.92980957	992.851013184
672.222229004	1000.2677002
672.514648438	1017.75323486
672.807006836	1036.2442627
673.09942627	1064.88415527
673.391784668	1061.0279541
673.684204102	1059.78979492
673.976623535	1099.84326172
674.268981934	1108.61987305
674.561401367	1135.14648438
674.853820801	1146.1842041
675.146179199	1167.10888672
675.438598633	1171.61730957
675.731018066	1205.87341309
676.023376465	1224.52160645
676.315795898	1258.62573242
676.608215332	1299.80224609
676.90057373	1294.82495117
677.192993164	1326.06396484
677.485351563	1336.95141602
677.777770996	1378.67285156
678.07019043	1406.9473877
678.362548828	1432.94189453
678.654968262	1461.74768066
678.947387695	1473.84411621
679.239746094	1512.98010254
679.532165527	1551.60229492
679.824584961	1570.65917969
680.116943359	1590.46704102
680.409362793	1614.14746094
680.701782227	1649.18371582
680.994140625	1687.73144531
681.286560059	1718.43371582
681.578918457	1749.55212402
681.871337891	1772.41223145
682.163757324	1796.05834961
682.456115723	1832.56164551
682.748535156	1861.14331055
683.04095459	1902.73730469
683.333312988	1920.22290039
683.625732422	1926.83642578
683.918151855	1965.51916504
684.210510254	1996.01123047
684.502929688	2001.2052002
684.795349121	2026.46081543
685.08770752	2049.18603516
685.380126953	2084.52416992
685.672485352	2093.35302734
685.964904785	2105.90454102
686.257324219	2108.43408203
686.549682617	2105.32250977
686.842102051	2135.88476563
687.134521484	2111.13842773
687.426879883	2110.34472656
687.719299316	2127.05175781
688.01171875	2115.82495117
688.304077148	2122.015625
688.596496582	2145.62719727
688.888916016	2136.38476563
689.181274414	2148.49975586
689.473693848	2131.32080078
689.766052246	2103.11743164
690.05847168	2102.49072266
690.350891113	2084.68237305
690.643249512	2091.42724609
690.935668945	2075.69091797
691.228088379	2069.5637207
691.520446777	2029.26525879
691.812866211	1993.02709961
692.105285645	2011.97998047
692.397644043	1979.18530273
692.690063477	1976.94580078
692.98248291	1956.81506348
693.274841309	1945.07800293
693.567260742	1911.72473145
693.859619141	1879.04626465
694.152038574	1864.25891113
694.444458008	1802.3059082
694.736816406	1790.06799316
695.02923584	1754.66674805
695.321655273	1730.11669922
695.614013672	1722.53198242
695.906433105	1689.93310547
696.198852539	1676.03430176
696.491210938	1652.54577637
696.783630371	1629.42736816
697.076049805	1582.15161133
697.368408203	1581.09436035
697.660827637	1533.24975586
697.953186035	1538.44592285
698.245605469	1491.06176758
698.538024902	1475.17089844
698.830383301	1468.26538086
699.122802734	1453.22009277
699.415222168	1402.19494629
699.707580566	1360.97644043
700	1348.38537598
700.292419434	1341.28393555
700.584777832	1339.33605957
700.877197266	1311.1652832
701.169616699	1278.03076172
701.461975098	1259.09643555
701.754394531	1243.33679199
702.046813965	1229.72668457
702.339172363	1221.0994873
702.631591797	1224.61682129
702.923950195	1195.39050293
703.216369629	1208.92932129
703.508789063	1144.2434082
703.801147461	1162.1505127
704.093566895	1111.45581055
704.385986328	1132.67138672
704.678344727	1123.31665039
704.97076416	1103.5994873
705.263183594	1117.53234863
705.555541992	1121.94616699
705.847961426	1107.53820801
706.140380859	1082.04077148
706.432739258	1047.9395752
706.725158691	1038.05151367
707.01751709	1038.62890625
707.309936523	1029.0559082
707.602355957	1022.18841553
707.894714355	1018.0246582
708.187133789	1004.72113037
708.479553223	1003.57678223
708.771911621	1017.67468262
709.064331055	1003.29449463
709.356750488	1012.63989258
709.649108887	1016.19586182
709.94152832	992.708740234
710.233947754	985.734313965
710.526306152	1008.73852539
710.818725586	961.055114746
711.111083984	980.441650391
711.403503418	988.866149902
711.695922852	953.687561035
711.98828125	969.419799805
712.280700684	1006.73150635
712.573120117	997.532958984
712.865478516	931.818908691
713.157897949	953.171142578
713.450317383	951.852966309
713.742675781	954.060791016
714.035095215	950.496032715
714.327514648	922.478637695
714.619873047	910.771850586
714.91229248	911.415100098
715.204650879	909.434448242
715.497070313	915.725646973
715.789489746	913.430908203
716.081848145	916.344299316
716.374267578	924.051025391
716.666687012	896.877380371
716.95904541	928.552429199
717.251464844	908.854858398
717.543884277	919.312072754
717.836242676	893.647338867
718.128662109	899.952209473
718.421081543	926.739013672
718.713439941	923.827209473
719.005859375	876.394775391
719.298217773	881.190979004
719.590637207	863.965087891
719.883056641	847.957458496
720.175415039	859.250671387
720.467834473	851.563842773
720.760253906	850.988342285
721.052612305	833.251342773
721.345031738	823.398986816
721.637451172	839.517333984
721.92980957	828.762756348
722.222229004	831.100341797
722.514648438	851.33392334
722.807006836	808.606628418
723.09942627	776.593139648
723.391784668	783.597839355
723.684204102	789.02331543
723.976623535	798.19342041
724.268981934	801.988647461
724.561401367	792.791564941
724.853820801	802.893310547
725.146179199	757.401428223
725.438598633	763.043701172
725.731018066	768.971618652
726.023376465	703.22088623
726.315795898	739.258666992
726.608215332	748.62701416
726.90057373	720.496459961
727.192993164	712.393127441
727.485351563	716.550170898
727.777770996	689.920959473
728.07019043	711.598388672
728.362548828	683.641601563
728.654968262	678.995788574
728.947387695	684.61315918
729.239746094	673.667663574
729.532165527	672.166870117
729.824584961	656.378967285
730.116943359	635.977416992
730.409362793	640.98248291
730.701782227	637.700439453
730.994140625	622.972229004
731.286560059	611.653564453
731.578918457	591.215332031
731.871337891	582.394226074
732.163757324	569.336303711
732.456115723	574.454772949
732.748535156	550.43347168
733.04095459	563.964904785
733.333312988	554.538452148
733.625732422	557.101623535
733.918151855	533.678466797
734.210510254	513.114746094
734.502929688	494.511932373
734.795349121	476.164459229
735.08770752	468.418151855
735.380126953	458.966186523
735.672485352	468.336608887
735.964904785	468.345581055
736.257324219	467.749572754
736.549682617	463.716644287
736.842102051	442.105499268
737.134521484	436.182830811
737.426879883	436.182617188
737.719299316	441.798522949
738.01171875	437.522827148
738.304077148	410.63104248
738.596496582	398.793823242
738.888916016	397.160705566
739.181274414	388.561126709
739.473693848	378.968292236
739.766052246	401.730804443
740.05847168	371.717803955
740.350891113	348.097137451
740.643249512	361.655517578
740.935668945	356.524353027
741.228088379	332.86730957
741.520446777	363.273132324
741.812866211	334.895629883
742.105285645	324.475860596
742.397644043	304.246429443
742.690063477	291.287139893
742.98248291	312.127166748
743.274841309	294.9453125
743.567260742	321.972351074
743.859619141	277.708007813
744.152038574	270.026306152
744.444458008	285.671508789
744.736816406	268.342437744
745.02923584	254.44418335
745.321655273	266.795684814
745.614013672	272.071380615
745.906433105	264.865753174
746.198852539	249.624221802
746.491210938	243.932617188
746.783630371	241.840270996
747.076049805	229.059448242
747.368408203	235.077560425
747.660827637	248.74156189
747.953186035	248.009674072
748.245605469	236.936126709
748.538024902	248.429718018
748.830383301	268.575744629
749.122802734	249.146499634
749.415222168	213.878616333
749.707580566	206.653320313
750	224.801193237
750.292419434	245.044784546
750.584777832	236.867095947
750.877197266	217.052337646
751.169616699	200.514190674
751.461975098	212.492263794
751.754394531	192.482192993
752.046813965	180.680130005
752.339172363	198.272949219
752.631591797	167.88470459
752.923950195	170.214584351
753.216369629	174.179367065
753.508789063	204.476425171
753.801147461	185.608306885
754.093566895	187.040374756
754.385986328	188.696563721
754.678344727	163.422683716
754.97076416	161.350341797
755.263183594	176.939147949
755.555541992	173.874008179
755.847961426	168.500167847
756.140380859	149.782089233
756.432739258	133.640045166
756.725158691	156.719818115
757.01751709	147.288467407
757.309936523	149.980056763
757.602355957	130.782730103
757.894714355	152.805480957
758.187133789	135.298339844
758.479553223	106.036064148
758.771911621	120.078834534
759.064331055	132.989425659
759.356750488	120.79990387
759.649108887	140.991363525
759.94152832	99.0557479858
760.233947754	117.377464294
760.526306152	145.733459473
760.818725586	146.891357422
761.111083984	135.147262573
761.403503418	113.059799194
761.695922852	131.79826355
761.98828125	112.094696045
762.280700684	91.5030822754
762.573120117	128.613372803
762.865478516	133.494277954
763.157897949	111.124832153
763.450317383	124.022232056
763.742675781	122.598937988
764.035095215	91.4416427612
764.327514648	107.505302429
764.619873047	115.91330719
764.91229248	96.1346817017
765.204650879	100.130577087
765.497070313	101.596336365
765.789489746	93.9451522827
766.081848145	83.6554031372
766.374267578	78.5703735352
766.666687012	116.098876953
766.95904541	124.10697937
767.251464844	97.7402191162
767.543884277	79.6002655029
767.836242676	95.1361999512
768.128662109	92.8053283691
768.421081543	89.6202087402
768.713439941	98.2525787354
769.005859375	100.696113586
769.298217773	51.7571983337
769.590637207	31.7432193756
769.883056641	73.8217697144
770.175415039	50.751991272
770.467834473	48.8561782837
770.760253906	79.5165176392
771.052612305	60.947467804
771.345031738	61.9632759094
771.637451172	71.1407012939
771.92980957	80.8758544922
772.222229004	83.6377563477
772.514648438	76.9479980469
772.807006836	96.9409637451
773.09942627	74.1806488037
773.391784668	31.4846477509
773.684204102	43.9826316833
773.976623535	78.1219711304
774.268981934	89.2133255005
774.561401367	79.6134109497
774.853820801	66.1411819458
775.146179199	64.9161300659
775.438598633	57.8972702026
775.731018066	46.1743049622
776.023376465	65.5932998657
776.315795898	76.4828796387
776.608215332	60.7901954651
776.90057373	49.9875068665
777.192993164	24.4166431427
777.485351563	31.4667377472
777.777770996	38.1624755859
778.07019043	55.7090454102
778.362548828	45.6558685303
778.654968262	38.6963310242
778.947387695	79.9636001587
779.239746094	52.9197044373
779.532165527	19.381067276
779.824584961	52.049949646
780.116943359	56.1210403442
780.409362793	49.2308425903
780.701782227	38.1675453186
780.994140625	46.1788215637
781.286560059	47.4133796692
781.578918457	52.1026344299
781.871337891	31.5161457062
782.163757324	52.754119873
782.456115723	69.1757965088
782.748535156	37.5194854736
783.04095459	25.0457897186
783.333312988	45.1132202148
783.625732422	41.65417099
783.918151855	25.7857017517
784.210510254	17.4163627625
784.502929688	-0.59444218874
784.795349121	-1.51711201668
785.08770752	24.9978256226
785.380126953	44.2062606812
785.672485352	23.8886795044
785.964904785	1.88153636456
786.257324219	29.6536903381
786.549682617	22.7709236145
786.842102051	13.9349241257
787.134521484	22.9365711212
787.426879883	17.6097126007
787.719299316	16.8662414551
788.01171875	9.15719509125
788.304077148	1.2881000042
788.596496582	1.66303753853
788.888916016	21.7110710144
789.181274414	11.2282066345
789.473693848	9.49474525452
789.766052246	40.088054657
790.05847168	8.68052005768
790.350891113	18.1553115845
790.643249512	14.5332870483
790.935668945	23.5908412933
791.228088379	30.9235420227
791.520446777	39.036945343
791.812866211	12.7869663239
792.105285645	-15.4134521484
792.397644043	21.1874980927
792.690063477	10.7011919022
792.98248291	26.0889091492
793.274841309	-0.0472018718719
793.567260742	1.19598388672
793.859619141	6.11187505722
794.152038574	16.5833320618
794.444458008	-15.3126420975
794.736816406	21.1874771118
795.02923584	-5.18383836746
795.321655273	-13.0993442535
795.614013672	-2.42344284058
795.906433105	-0.401936799288
796.198852539	23.1381244659
796.491210938	-11.7726449966
796.783630371	-13.671792984
797.076049805	10.3165102005
797.368408203	18.2997837067
797.660827637	28.7377948761
797.953186035	20.4412822723
798.245605469	-4.99277734756
798.538024902	1.66349422932
798.830383301	22.0735263824
799.122802734	10.6194467545
799.415222168	8.83504390717
799.707580566	17.2995204926
800	9.69236373901
800.292419434	5.47876214981
800.584777832	5.85778808594
800.877197266	8.35707759857
801.169616699	5.61759710312
801.461975098	5.49613523483
801.754394531	19.37799263
802.046813965	20.2989120483
802.339172363	34.4499130249
802.631591797	25.6052074432
802.923950195	4.48447704315
803.216369629	6.9871840477
803.508789063	16.2044906616
803.801147461	45.9533920288
804.093566895	18.9380302429
804.385986328	-7.22698640823
804.678344727	12.2243051529
804.97076416	27.8505477905
805.263183594	20.8251781464
805.555541992	10.2518119812
805.847961426	21.7066688538
806.140380859	23.9964847565
806.432739258	1.06813776493
806.725158691	47.9734344482
807.01751709	-12.7744941711
807.309936523	6.19818353653
807.602355957	-1.32425546646
807.894714355	9.30818843842
808.187133789	20.1451244354
808.479553223	10.7413377762
808.771911621	41.4138221741
809.064331055	50.1286849976
809.356750488	26.2180633545
809.649108887	23.2487010956
809.94152832	25.2985267639
810.233947754	19.0680789948
810.526306152	44.6829452515
810.818725586	32.9915618896
811.111083984	20.9638500214
811.403503418	29.1088905334
811.695922852	13.9441175461
811.98828125	21.1158676147
812.280700684	28.4938182831
812.573120117	25.4486751556
812.865478516	23.2537269592
813.157897949	40.1175193787
813.450317383	52.0582122803
813.742675781	51.7961273193
814.035095215	33.8486366272
814.327514648	15.837184906
814.619873047	25.8185062408
814.91229248	25.5109100342
815.204650879	20.890668869
815.497070313	31.4002113342
815.789489746	32.6285057068
816.081848145	29.0229129791
816.374267578	28.9465179443
816.666687012	48.2270584106
816.95904541	52.2493934631
817.251464844	25.8773460388
817.543884277	35.0514373779
817.836242676	27.0271453857
818.128662109	12.4402523041
818.421081543	25.2705974579
818.713439941	17.1859989166
819.005859375	30.2133655548
819.298217773	35.4983978271
819.590637207	8.65295982361
819.883056641	8.92886066437
820.175415039	19.836938858
820.467834473	74.3877410889
820.760253906	62.7280960083
821.052612305	43.4369544983
821.345031738	43.7160301208
821.637451172	28.5285511017
821.92980957	27.0867767334
822.222229004	52.8587722778
822.514648438	-3.46640205383
822.807006836	34.6128196716
823.09942627	75.5149383545
823.391784668	37.6422576904
823.684204102	18.0912532806
823.976623535	43.2157859802
824.268981934	60.6724510193
824.561401367	68.1736907959
824.853820801	55.7520828247
825.146179199	14.7221746445
825.438598633	40.1928977966
825.731018066	32.5193367004
826.023376465	58.8033905029
826.315795898	9.40961456299
826.608215332	32.5136413574
826.90057373	29.1846580505
827.192993164	9.89220046997
827.485351563	-0.820082306862
827.777770996	10.2558670044
828.07019043	33.2871398926
828.362548828	31.7879905701
828.654968262	20.3837165833
828.947387695	57.0529251099
829.239746094	53.5737991333
829.532165527	25.709318161
829.824584961	27.7235012054
830.116943359	50.6994514465
830.409362793	48.58228302
830.701782227	57.0891418457
830.994140625	40.3351097107
831.286560059	16.6827888489
831.578918457	2.13701105118
831.871337891	24.4988498688
832.163757324	49.3765563965
832.456115723	31.4948406219
832.748535156	8.87865066528
833.04095459	13.1367292404
833.333312988	30.7625808716
833.625732422	33.024810791
833.918151855	31.1508083344
834.210510254	33.5950202942
834.502929688	26.2112522125
834.795349121	24.1353473663
835.08770752	26.4538269043
835.380126953	11.7956447601
835.672485352	17.0594367981
835.964904785	26.6947116852
836.257324219	10.4171457291
836.549682617	36.240020752
836.842102051	48.1323738098
837.134521484	32.044506073
837.426879883	28.696969986
837.719299316	27.2048034668
838.01171875	19.7141036987
838.304077148	20.9659309387
838.596496582	8.06409835815
838.888916016	27.929353714
839.181274414	32.1284484863
839.473693848	14.871878624
839.766052246	11.9237565994
840.05847168	31.8224601746
840.350891113	26.0409870148
840.643249512	5.52596998215
840.935668945	11.1763820648
841.228088379	10.0582399368
841.520446777	24.3899021149
841.812866211	59.972442627
842.105285645	31.9424362183
842.397644043	22.9630641937
842.690063477	31.0729484558
842.98248291	10.7209196091
843.274841309	35.6404724121
843.567260742	35.778678894
843.859619141	15.5632228851
844.152038574	16.0254020691
844.444458008	0.898226737976
844.736816406	36.1192932129
845.02923584	38.3981246948
845.321655273	-1.25200068951
845.614013672	-13.9308357239
845.906433105	14.676363945
846.198852539	37.2015304565
846.491210938	34.4379806519
846.783630371	-6.87889289856
847.076049805	0.746616840363
847.368408203	16.6766681671
847.660827637	28.4691696167
847.953186035	19.476858139
848.245605469	11.4715089798
848.538024902	20.1287574768
848.830383301	56.4574890137
849.122802734	31.4072189331
849.415222168	6.12208461761
849.707580566	28.5750846863
850	-7.05941438675
850.292419434	-2.26740026474
850.584777832	47.0488815308
850.877197266	43.8589630127
851.169616699	32.4236793518
851.461975098	56.6733131409
851.754394531	10.4665470123
852.046813965	3.51393198967
852.339172363	2.40809488297
852.631591797	30.3478145599
852.923950195	39.4763526917
853.216369629	9.46856117249
853.508789063	10.1231231689
853.801147461	-1.82524299622
854.093566895	13.5641832352
854.385986328	4.32421445847
854.678344727	27.3861026764
854.97076416	3.83534240723
855.263183594	-4.6324095726
855.555541992	31.0996437073
855.847961426	30.249080658
856.140380859	12.21833992
856.432739258	-9.76225376129
856.725158691	-4.92434120178
857.01751709	4.56283950806
857.309936523	28.2762393951
857.602355957	16.4862232208
857.894714355	-9.14769077301
858.187133789	13.0986690521
858.479553223	29.8262290955
858.771911621	15.5814762115
859.064331055	14.0597696304
859.356750488	9.80100250244
859.649108887	40.7657203674
859.94152832	50.4573936462
860.233947754	21.1256275177
860.526306152	15.8635416031
860.818725586	33.3005752563
861.111083984	12.8519639969
861.403503418	19.4906578064
861.695922852	35.1691474915
861.98828125	37.4290313721
862.280700684	26.6011714935
862.573120117	31.7564678192
862.865478516	38.7573204041
863.157897949	25.6311206818
863.450317383	24.4878311157
863.742675781	39.8505020142
864.035095215	29.9979839325
864.327514648	11.2050361633
864.619873047	28.6529102325
864.91229248	22.7608413696
865.204650879	14.9552974701
865.497070313	26.6296348572
865.789489746	24.9802436829
866.081848145	20.1288013458
866.374267578	7.03238677979
866.666687012	5.78826761246
866.95904541	7.91485261917
867.251464844	8.84431743622
867.543884277	8.9808139801
867.836242676	13.5951919556
868.128662109	32.0295410156
868.421081543	41.2719917297
868.713439941	23.4244556427
869.005859375	14.1498193741
869.298217773	7.39383602142
869.590637207	-0.968691051006
869.883056641	21.5933418274
870.175415039	22.2074756622
870.467834473	39.6152114868
870.760253906	16.5224609375
871.052612305	6.754758358
871.345031738	7.5977973938
871.637451172	13.4200849533
871.92980957	38.4744033813
872.222229004	34.4072875977
872.514648438	33.7537460327
872.807006836	31.0023994446
873.09942627	37.9924125671
873.391784668	31.6858901978
873.684204102	45.0821533203
873.976623535	41.0755805969
874.268981934	21.9936714172
874.561401367	13.1145420074
874.853820801	28.1350708008
875.146179199	45.3483276367
875.438598633	17.2409267426
875.731018066	3.34873485565
876.023376465	27.5028800964
876.315795898	17.921831131
876.608215332	37.5133895874
876.90057373	55.7534713745
877.192993164	51.3735961914
877.485351563	35.5777893066
877.777770996	59.7677345276
878.07019043	29.978679657
878.362548828	22.5698356628
878.654968262	25.0881519318
878.947387695	29.6157455444
879.239746094	13.3931808472
879.532165527	21.4940166473
879.824584961	35.0347938538
880.116943359	74.9440689087
880.409362793	53.8730278015
880.701782227	17.1332874298
880.994140625	41.9751777649
881.286560059	47.4536972046
881.578918457	17.1119918823
881.871337891	26.241147995
882.163757324	52.8053627014
882.456115723	31.2099971771
882.748535156	62.5884208679
883.04095459	58.9404754639
883.333312988	70.3045806885
883.625732422	51.4400863647
883.918151855	34.7120666504
884.210510254	40.0930175781
884.502929688	45.2519569397
884.795349121	48.6303825378
885.08770752	56.5237846375
885.380126953	30.7217884064
885.672485352	29.6964893341
885.964904785	50.6916122437
886.257324219	52.7821960449
886.549682617	52.7080688477
886.842102051	34.8103675842
887.134521484	40.9539299011
887.426879883	52.404460907
887.719299316	71.3419647217
888.01171875	59.4586715698
888.304077148	70.0625228882
888.596496582	36.8249816895
888.888916016	31.5976924896
889.181274414	52.3123817444
889.473693848	68.6168289185
889.766052246	63.7367973328
890.05847168	75.7309417725
890.350891113	46.1667404175
890.643249512	67.8228378296
890.935668945	47.3719177246
891.228088379	54.8379859924
891.520446777	61.1525306702
891.812866211	33.9242668152
892.105285645	99.234085083
892.397644043	74.8879852295
892.690063477	61.7266159058
892.98248291	58.3650512695
893.274841309	52.9210510254
893.567260742	103.861976624
893.859619141	107.241462708
894.152038574	71.3291168213
894.444458008	77.7912750244
894.736816406	85.7933197021
895.02923584	97.0186691284
895.321655273	95.5780029297
895.614013672	85.7299499512
895.906433105	91.7648696899
896.198852539	103.695785522
896.491210938	100.5493927
896.783630371	109.303543091
897.076049805	92.5445175171
897.368408203	131.470397949
897.660827637	116.171813965
897.953186035	100.058135986
898.245605469	103.510536194
898.538024902	86.8081512451
898.830383301	101.600723267
899.122802734	121.952529907
899.415222168	133.119781494
899.707580566	127.629142761
900	140.388183594
900.292419434	143.690673828
900.584777832	132.524261475
900.877197266	148.508407593
901.169616699	154.817245483
901.461975098	148.024856567
901.754394531	134.150604248
902.046813965	147.095672607
902.339172363	128.164123535
902.631591797	151.102355957
902.923950195	167.084869385
903.216369629	171.101730347
903.508789063	188.7162323
903.801147461	179.736831665
904.093566895	175.415802002
904.385986328	175.959503174
904.678344727	189.365844727
904.97076416	185.32019043
905.263183594	204.800430298
905.555541992	204.012924194
905.847961426	202.32762146
906.140380859	210.701904297
906.432739258	230.652679443
906.725158691	249.718841553
907.01751709	245.863952637
907.309936523	233.353942871
907.602355957	244.226272583
907.894714355	248.324996948
908.187133789	255.116744995
908.479553223	268.592590332
908.771911621	268.066802979
909.064331055	262.502105713
909.356750488	255.178131104
909.649108887	245.556640625
909.94152832	258.607177734
910.233947754	296.812042236
910.526306152	314.720336914
910.818725586	311.858764648
911.111083984	327.316864014
911.403503418	338.258026123
911.695922852	348.665985107
911.98828125	356.665100098
912.280700684	352.636047363
912.573120117	365.126068115
912.865478516	371.701843262
913.157897949	362.932067871
913.450317383	369.416687012
913.742675781	401.690704346
914.035095215	404.138214111
914.327514648	416.214141846
914.619873047	436.562866211
914.91229248	419.793609619
915.204650879	418.096923828
915.497070313	435.374023438
915.789489746	451.425537109
916.081848145	465.697113037
916.374267578	470.263275146
916.666687012	499.835784912
916.95904541	503.552185059
917.251464844	510.919647217
917.543884277	539.082458496
917.836242676	540.318908691
918.128662109	551.603820801
918.421081543	562.251525879
918.713439941	582.005554199
919.005859375	595.966247559
919.298217773	586.509277344
919.590637207	610.473388672
919.883056641	615.354003906
920.175415039	638.736450195
920.467834473	672.923217773
920.760253906	655.087524414
921.052612305	693.702392578
921.345031738	727.074707031
921.637451172	720.241943359
921.92980957	746.085266113
922.222229004	737.688049316
922.514648438	783.306518555
922.807006836	789.137145996
923.09942627	810.281433105
923.391784668	1303.39916992
923.684204102	1164.42431641
923.976623535	919.13458252
924.268981934	875.555541992
924.561401367	893.684204102
924.853820801	928.995056152
925.146179199	952.294921875
925.438598633	982.419189453
925.731018066	973.173828125
926.023376465	1005.85412598
926.315795898	1056.81530762
926.608215332	1074.33068848
926.90057373	1091.92700195
927.192993164	1108.93164063
927.485351563	1132.21447754
927.777770996	1136.20007324
928.07019043	1147.87902832
928.362548828	1185.57043457
928.654968262	1187.54675293
928.947387695	1248.74523926
929.239746094	1381.00610352
929.532165527	1301.99511719
929.824584961	1307.08276367
930.116943359	1311.36950684
930.409362793	1330.13586426
930.701782227	1399.74987793
930.994140625	1400.01806641
931.286560059	1467.35375977
931.578918457	1482.00622559
931.871337891	1513.35070801
932.163757324	1532.33776855
932.456115723	1564.64160156
932.748535156	1610.51000977
933.04095459	1608.39208984
933.333312988	1640.87060547
933.625732422	1681.04272461
933.918151855	1688.13537598
934.210510254	1726.25354004
934.502929688	1749.69763184
934.795349121	1786.9083252
935.08770752	1842.76391602
935.380126953	1850.2421875
935.672485352	1867.30432129
935.964904785	1914.26208496
936.257324219	1963.0904541
936.549682617	1988.40063477
936.842102051	2022.70800781
937.134521484	2028.94946289
937.426879883	2089.51049805
937.719299316	2097.18603516
938.01171875	2127.04125977
938.304077148	2158.23339844
938.596496582	2211.60668945
938.888916016	2212.99755859
939.181274414	2275.47167969
939.473693848	2297.44506836
939.766052246	2352.06396484
940.05847168	2359.90209961
940.350891113	2377.49902344
940.643249512	2417.13769531
940.935668945	2450.91625977
941.228088379	2477.16552734
941.520446777	2528.47070313
941.812866211	2561.13549805
942.105285645	2592.32714844
942.397644043	2639.42944336
942.690063477	2657.46191406
942.98248291	2700.80932617
943.274841309	2699.77758789
943.567260742	2731.45117188
943.859619141	2761.94067383
944.152038574	2804.66552734
944.444458008	2840.96069336
944.736816406	2873.7331543
945.02923584	2879.09570313
945.321655273	2901.1027832
945.614013672	2936.39355469
945.906433105	2957.1496582
946.198852539	2955.75097656
946.491210938	2986.21826172
946.783630371	3010.08178711
947.076049805	3049.53125
947.368408203	3063.57714844
947.660827637	3092.60620117
947.953186035	3099.99023438
948.245605469	3118.26977539
948.538024902	3095.04882813
948.830383301	3181.20898438
949.122802734	3162.71557617
949.415222168	3240.47412109
949.707580566	3217.4543457
950	3256.36816406
950.292419434	3263.9597168
950.584777832	3266.22192383
950.877197266	3299.28613281
951.169616699	3312.90356445
951.461975098	3335.30786133
951.754394531	3320.62597656
952.046813965	3315.75585938
952.339172363	3353.99072266
952.631591797	3364.40942383
952.923950195	3404.03686523
953.216369629	3407.03076172
953.508789063	3394.51879883
953.801147461	3409.33447266
954.093566895	3389.72485352
954.385986328	3397.35546875
954.678344727	3410.56542969
954.97076416	3417.55395508
955.263183594	3440.98583984
955.555541992	3456.28686523
955.847961426	3396.30810547
956.140380859	3441.60473633
956.432739258	3441.33032227
956.725158691	3448.0703125
957.01751709	3433.0234375
957.309936523	3414.66235352
957.602355957	3442.41943359
957.894714355	3409.75708008
958.187133789	3386.83447266
958.479553223	3376.07788086
958.771911621	3393.71362305
959.064331055	3372.69677734
959.356750488	3378.10766602
959.649108887	3409.58447266
959.94152832	3374.73217773
960.233947754	3367.77392578
960.526306152	3360.68847656
960.818725586	3341.89135742
961.111083984	3327.10766602
961.403503418	3300.76342773
961.695922852	3271.13574219
961.98828125	3324.87744141
962.280700684	3291.24487305
962.573120117	3270.38916016
962.865478516	3292.45019531
963.157897949	3230.75024414
963.450317383	3245.41748047
963.742675781	3208.70092773
964.035095215	3190.51708984
964.327514648	3188.6628418
964.619873047	3137.6965332
964.91229248	3130.59228516
965.204650879	3159.16333008
965.497070313	3148.41552734
965.789489746	3095.35083008
966.081848145	3090.64135742
966.374267578	3049.92724609
966.666687012	3013.26049805
966.95904541	2982.55297852
967.251464844	2973.03125
967.543884277	2987.2277832
967.836242676	2981.92480469
968.128662109	2996.67944336
968.421081543	2971.01953125
968.713439941	2887.56054688
969.005859375	2887.44848633
969.298217773	2895.37890625
969.590637207	2857.67651367
969.883056641	2862.83496094
970.175415039	2792.41210938
970.467834473	2780.80297852
970.760253906	2709.40185547
971.052612305	2728.1862793
971.345031738	2740.55273438
971.637451172	2693.45141602
971.92980957	2674.06030273
972.222229004	2605.26855469
972.514648438	2602.96655273
972.807006836	2601.59545898
973.09942627	2580.97509766
973.391784668	2576.83422852
973.684204102	2574.60498047
973.976623535	2532.0324707
974.268981934	2553.2800293
974.561401367	2478.89697266
974.853820801	2484.96313477
975.146179199	2460.91064453
975.438598633	2412.98852539
975.731018066	2367.89501953
976.023376465	2373.12792969
976.315795898	2382.38452148
976.608215332	2347.72949219
976.90057373	2319.328125
977.192993164	2308.70166016
977.485351563	2236.47265625
977.777770996	2243.02661133
978.07019043	2242.26611328
978.362548828	2251.71386719
978.654968262	2225.13012695
978.947387695	2206.13525391
979.239746094	2212.59887695
979.532165527	2173.56835938
979.824584961	2143.10864258
980.116943359	2146.07641602
980.409362793	2132.14501953
980.701782227	2105.50561523
980.994140625	2083.59472656
981.286560059	2067.32641602
981.578918457	2060.23461914
981.871337891	2030.84277344
982.163757324	2036.26733398
982.456115723	2021.98962402
982.748535156	2009.53430176
983.04095459	1986.35583496
983.333312988	1940.83349609
983.625732422	1945.21606445
983.918151855	1967.85498047
984.210510254	1940.54943848
984.502929688	1914.34753418
984.795349121	1896.42248535
985.08770752	1870.5123291
985.380126953	1879.62634277
985.672485352	1851.96728516
985.964904785	1855.4440918
986.257324219	1865.0625
986.549682617	1846.95080566
986.842102051	1852.74401855
987.134521484	1812.71594238
987.426879883	1768.38452148
987.719299316	1801.12841797
988.01171875	1824.98071289
988.304077148	1760.26940918
988.596496582	1754.9342041
988.888916016	1753.72644043
989.181274414	1779.09472656
989.473693848	1768.48852539
989.766052246	1739.91333008
990.05847168	1738.59423828
990.350891113	1716.56030273
990.643249512	1705.96716309
990.935668945	1712.66564941
991.228088379	1711.36608887
991.520446777	1676.38037109
991.812866211	1693.5480957
992.105285645	1700.37304688
992.397644043	1717.65100098
992.690063477	1697.50476074
992.98248291	1685.18029785
993.274841309	1705.75756836
993.567260742	1664.07324219
993.859619141	1666.51672363
994.152038574	1667.13903809
994.444458008	1675.6217041
994.736816406	1718.63244629
995.02923584	1671.5814209
995.321655273	1696.64282227
995.614013672	1693.17749023
995.906433105	1676.29345703
996.198852539	1687.35864258
996.491210938	1643.15759277
996.783630371	1666.1451416
997.076049805	1704.75183105
997.368408203	1703.18017578
997.660827637	1677.92163086
997.953186035	1659.9666748
998.245605469	1645.44885254
998.538024902	1665.60144043
998.830383301	1696.36035156
999.122802734	1690.37280273
999.415222168	1692.41064453
999.707580566	1687.08349609
1000	1720.89001465
1000.29241943	1705.59387207
1000.58477783	1708.42248535
1000.87719727	1732.47399902
1001.1696167	1670.92834473
1001.4619751	1722.8425293
1001.75439453	1718.83203125
1002.04681396	1736.02319336
1002.33917236	1783.73864746
1002.6315918	1737.61486816
1002.9239502	1747.79077148
1003.21636963	1783.99169922
1003.50878906	1804.46606445
1003.80114746	1790.10534668
1004.09356689	1777.58508301
1004.38598633	1786.54089355
1004.67834473	1823.29052734
1004.97076416	1846.82543945
1005.26318359	1821.59570313
1005.55554199	1849.82324219
1005.84796143	1859.8137207
1006.14038086	1869.41601563
1006.43273926	1876.61584473
1006.72515869	1898.97741699
1007.01751709	1927.12158203
1007.30993652	1916.35522461
1007.60235596	1932.74267578
1007.89471436	1984.48742676
1008.18713379	1985.49890137
1008.47955322	1976.71838379
1008.77191162	1994.75317383
1009.06433105	2025.67675781
1009.35675049	2060.85620117
1009.64910889	2059.94067383
1009.94152832	2061.39892578
1010.23394775	2098.80834961
1010.52630615	2115.86523438
1010.81872559	2123.56713867
1011.11108398	2169.82348633
1011.40350342	2210.39794922
1011.69592285	2219.05981445
1011.98828125	2234.97167969
1012.28070068	2243.70385742
1012.57312012	2294.31298828
1012.86547852	2347.15576172
1013.15789795	2331.42456055
1013.45031738	2340.46289063
1013.74267578	2363.51025391
1014.03509521	2441.10913086
1014.32751465	2455.44970703
1014.61987305	2475.83569336
1014.91229248	2519.58300781
1015.20465088	2586.09130859
1015.49707031	2599.49145508
1015.78948975	2636.43164063
1016.08184814	2627.11938477
1016.37426758	2658.09375
1016.66668701	2697.27026367
1016.95904541	2761.91821289
1017.25146484	2820.35400391
1017.54388428	2829.61157227
1017.83624268	2877.14648438
1018.12866211	2982.42504883
1018.42108154	2959.08349609
1018.71343994	3054.91015625
1019.00585938	3086.67797852
1019.29821777	3082.29907227
1019.59063721	3116.78857422
1019.88305664	3244.88793945
1020.17541504	3273.67138672
1020.46783447	3288.45336914
1020.76025391	3333.84082031
1021.0526123	3425.95800781
1021.34503174	3477.81518555
1021.63745117	3545.61767578
1021.92980957	3576.4440918
1022.222229	3651.39892578
1022.51464844	3712.88696289
1022.80700684	3780.86450195
1023.09942627	3842.04882813
1023.39178467	3938.07128906
1023.6842041	3992.8347168
1023.97662354	4065.00732422
1024.26904297	4136.96044922
1024.56140137	4201.85693359
1024.85375977	4265.00146484
1025.14624023	4345.58789063
1025.43859863	4451.44921875
1025.73095703	4544.79980469
1026.0234375	4618.63916016
1026.3157959	4715.96240234
1026.6081543	4803.91308594
1026.90063477	4940.32910156
1027.19299316	5024.15185547
1027.48535156	5082.26806641
1027.77783203	5178.41601563
1028.07019043	5274.31054688
1028.36254883	5415.07128906
1028.6550293	5524.03369141
1028.9473877	5627.41552734
1029.23974609	5777.42626953
1029.53210449	5875.55615234
1029.82458496	6019.59863281
1030.11694336	6109.17480469
1030.40930176	6261.25927734
1030.70178223	6380.80224609
1030.99414063	6548.54296875
1031.28649902	6728.6640625
1031.57897949	6841.51318359
1031.87133789	7078.53466797
1032.16369629	7162.59423828
1032.45617676	7387.36621094
1032.74853516	7508.15820313
1033.04089355	7672.36132813
1033.33337402	7874.87158203
1033.62573242	8087.34716797
1033.91809082	8205.97460938
1034.21057129	8381.76269531
1034.50292969	8612.0390625
1034.79528809	8811.68847656
1035.08776855	9051.2578125
1035.38012695	9246.52246094
1035.67248535	9451.21679688
1035.96496582	9730.00976563
1036.25732422	9938.19238281
1036.54968262	10180.5068359
1036.84216309	10414.7666016
1037.13452148	10637.8935547
1037.42687988	10922.6347656
1037.71923828	11220.2548828
1038.01171875	11463.5869141
1038.30407715	11800.0410156
1038.59643555	12084.4482422
1038.88891602	12313.8271484
1039.18127441	12596.8574219
1039.47363281	12912.7939453
1039.76611328	13187.9316406
1040.05847168	13453.7451172
1040.35083008	13783.5566406
1040.64331055	14123.9238281
1040.93566895	14415.6035156
1041.22802734	14683.0205078
1041.52050781	14952.6923828
1041.81286621	15268.8085938
1042.10522461	15539.2373047
1042.39770508	15794.03125
1042.69006348	16043.4384766
1042.98242188	16327.59375
1043.27490234	16552.9511719
1043.56726074	16799.5761719
1043.85961914	16995.4824219
1044.15209961	17247.4023438
1044.44445801	17391.5097656
1044.73681641	17493.9726563
1045.02929688	17660.7832031
1045.32165527	17812.0605469
1045.61401367	17772.9980469
1045.90637207	17883.3027344
1046.19885254	17945.8164063
1046.49121094	17866.984375
1046.78356934	17852.2734375
1047.0760498	17753.5722656
1047.3684082	17677.6816406
1047.6607666	17544.8847656
1047.95324707	17376.3046875
1048.24560547	17217.9003906
1048.53796387	17079.0546875
1048.83044434	16807.4023438
1049.12280273	16533.7324219
1049.41516113	16244.5498047
1049.7076416	15898.1269531
1050	15631.4228516
1050.2923584	15257.5644531
1050.58483887	14946.3398438
1050.87719727	14590.7529297
1051.16955566	14147.8691406
1051.46203613	13779.3095703
1051.75439453	13414.8515625
1052.04675293	12982.6201172
1052.3392334	12604.5576172
1052.6315918	12212.6591797
1052.9239502	11763.6367188
1053.21643066	11341.6855469
1053.50878906	10965.9111328
1053.80114746	10608.3925781
1054.09362793	10255.2832031
1054.38598633	9881.72753906
1054.67834473	9512.09570313
1054.97070313	9139.93164063
1055.26318359	8831.94140625
1055.55554199	8479.57421875
1055.84790039	8130.80517578
1056.14038086	7811.94921875
1056.43273926	7541.06640625
1056.72509766	7215.72460938
1057.01757813	6965.48681641
1057.30993652	6653.42333984
1057.60229492	6426.16113281
1057.89477539	6178.04101563
1058.18713379	5979.78369141
1058.47949219	5737.88330078
1058.77197266	5508.38964844
1059.06433105	5347.99707031
1059.35668945	5159.76855469
1059.64916992	4929.82275391
1059.94152832	4739.81787109
1060.23388672	4575.60595703
1060.52636719	4394.35839844
1060.81872559	4222.68554688
1061.11108398	4109.14550781
1061.40356445	3988.05224609
1061.69592285	3825.48120117
1061.98828125	3711.9128418
1062.28076172	3575.1418457
1062.57312012	3453.07250977
1062.86547852	3362.92822266
1063.15783691	3254.00732422
1063.45031738	3145.35253906
1063.74267578	3057.1328125
1064.03503418	2925.94287109
1064.32751465	2806.48193359
1064.61987305	2720.33398438
1064.91223145	2674.34643555
1065.20471191	2600.79858398
1065.49707031	2523.84057617
1065.78942871	2428.6965332
1066.08190918	2367.44360352
1066.37426758	2304.60522461
1066.66662598	2217.21777344
1066.95910645	2179.54614258
1067.25146484	2096.03222656
1067.54382324	2131.40917969
1067.83630371	2018.40771484
1068.12866211	1951.73779297
1068.42102051	1907.22961426
1068.71350098	1849.47119141
1069.00585938	1820.84973145
1069.29821777	1769.90893555
1069.59069824	1714.05480957
1069.88305664	1707.73950195
1070.17541504	1682.66394043
1070.46789551	1616.52954102
1070.76025391	1570.2479248
1071.0526123	1530.48632813
1071.3449707	1489.22412109
1071.63745117	1462.79882813
1071.92980957	1440.41015625
1072.22216797	1416.75891113
1072.51464844	1400.7833252
1072.80700684	1368.57775879
1073.09936523	1315.84204102
1073.3918457	1269.53918457
1073.6842041	1239.56274414
1073.9765625	1213.96032715
1074.26904297	1225.57885742
1074.56140137	1208.50720215
1074.85375977	1165.62597656
1075.14624023	1133.59509277
1075.43859863	1111.93115234
1075.73095703	1095.70275879
1076.0234375	1075.03027344
1076.3157959	1036.97180176
1076.6081543	1026.5489502
1076.90063477	1045.34924316
1077.19299316	1016.5680542
1077.48535156	988.63848877
1077.77783203	980.060241699
1078.07019043	948.610168457
1078.36254883	951.629272461
1078.6550293	916.027160645
1078.9473877	888.610290527
1079.23974609	876.227050781
1079.53210449	869.677856445
1079.82458496	865.178710938
1080.11694336	828.60949707
1080.40930176	790.23260498
1080.70178223	792.260864258
1080.99414063	779.782897949
1081.28649902	783.46270752
1081.57897949	769.564208984
1081.87133789	730.358215332
1082.16369629	745.705993652
1082.45617676	740.336242676
1082.74853516	693.122497559
1083.04089355	685.951171875
1083.33337402	676.455993652
1083.62573242	663.484924316
1083.91809082	654.483032227
1084.21057129	656.081115723
1084.50292969	656.82434082
1084.79528809	600.128173828
1085.08776855	595.451782227
1085.38012695	624.415283203
1085.67248535	639.596984863
1085.96496582	595.025634766
1086.25732422	608.997924805
1086.54968262	578.387634277
1086.84216309	607.192260742
1087.13452148	582.331970215
1087.42687988	544.002990723
1087.71923828	525.33996582
1088.01171875	558.126525879
1088.30407715	540.820495605
1088.59643555	497.939697266
1088.88891602	528.79901123
1089.18127441	531.721923828
1089.47363281	520.768920898
1089.76611328	528.298095703
1090.05847168	515.509643555
1090.35083008	478.562957764
1090.64331055	457.492553711
1090.93566895	447.677215576
1091.22802734	445.148986816
1091.52050781	444.748046875
1091.81286621	444.930267334
1092.10522461	443.790710449
1092.39770508	404.460540771
1092.69006348	425.458190918
1092.98242188	381.265411377
1093.27490234	397.465545654
1093.56726074	415.10333252
1093.85961914	373.060943604
1094.15209961	393.825012207
1094.44445801	394.432037354
1094.73681641	393.149902344
1095.02929688	376.263580322
1095.32165527	371.8515625
1095.61401367	345.79989624
1095.90637207	330.667663574
1096.19885254	315.23840332
1096.49121094	353.504608154
1096.78356934	336.339660645
1097.0760498	318.791717529
1097.3684082	321.320129395
1097.6607666	335.324615479
1097.95324707	319.230804443
1098.24560547	310.742126465
1098.53796387	308.225128174
1098.83044434	307.18548584
1099.12280273	314.716339111
1099.41516113	296.37512207
1099.7076416	290.284210205
1100	318.537231445
1100.2923584	286.242889404
1100.58483887	273.795562744
1100.87719727	289.188720703
1101.16955566	307.696624756
1101.46203613	261.725830078
1101.75439453	267.768890381
1102.04675293	270.811462402
1102.3392334	259.72253418
1102.6315918	243.819778442
1102.9239502	242.573776245
1103.21643066	222.624481201
1103.50878906	243.18170166
1103.80114746	249.194488525
1104.09362793	212.941482544
1104.38598633	222.249679565
1104.67834473	232.822036743
1104.97070313	232.660507202
1105.26318359	202.766387939
1105.55554199	180.970092773
1105.84790039	190.638641357
1106.14038086	187.141967773
1106.43273926	190.758758545
1106.72509766	197.067443848
1107.01757813	194.82371521
1107.30993652	197.134841919
1107.60229492	174.673019409
1107.89477539	180.078704834
1108.18713379	194.276550293
1108.47949219	194.872344971
1108.77197266	180.000198364
1109.06433105	184.639938354
1109.35668945	150.382705688
1109.64916992	162.16973877
1109.94152832	184.953033447
1110.23388672	151.305175781
1110.52636719	134.633209229
1110.81872559	155.551269531
1111.11108398	133.169525146
1111.40356445	147.369155884
1111.69592285	153.839950562
1111.98828125	151.470413208
1112.28076172	129.559204102
1112.57312012	129.575408936
1112.86547852	142.780090332
1113.15783691	124.25088501
1113.45031738	121.648750305
1113.74267578	125.359786987
1114.03503418	127.446304321
1114.32751465	102.863212585
1114.61987305	98.4961166382
1114.91223145	80.6412277222
1115.20471191	97.0620498657
1115.49707031	114.817512512
1115.78942871	99.6003189087
1116.08190918	79.5514068604
1116.37426758	110.565658569
1116.66662598	98.4685821533
1116.95910645	94.3215332031
1117.25146484	68.1766052246
1117.54382324	91.0033569336
1117.83630371	105.318214417
1118.12866211	85.6147003174
1118.42102051	103.160690308
1118.71350098	78.6459579468
1119.00585938	85.3633346558
1119.29821777	69.979637146
1119.59069824	55.2368812561
1119.88305664	61.8639259338
1120.17541504	49.9919509888
1120.46789551	46.7047615051
1120.76025391	72.3088531494
1121.0526123	49.0701789856
1121.3449707	49.0243721008
1121.63745117	22.2952880859
1121.92980957	55.0224304199
1122.22216797	43.5166625977
1122.51464844	70.2812347412
1122.80700684	41.513256073
1123.09936523	53.263835907
1123.3918457	38.8633651733
1123.6842041	21.5035953522
1123.9765625	13.0017337799
1124.26904297	23.3961849213
1124.56140137	-3.18575453758
1124.85375977	41.6727371216
1125.14624023	24.9827136993
1125.43859863	26.3582954407
1125.73095703	39.3588752747
1126.0234375	25.915435791
1126.3157959	10.6157226563
1126.6081543	23.8957214355
1126.90063477	12.3823785782
1127.19299316	23.4245853424
1127.48535156	26.4404239655
1127.77783203	45.3797187805
1128.07019043	13.8125476837
1128.36254883	10.3278980255
1128.6550293	7.88096189499
1128.9473877	33.2849845886
1129.23974609	2.18070530891
1129.53210449	-13.2917375565
1129.82458496	17.2808570862
1130.11694336	9.31427383423
1130.40930176	18.5469093323
1130.70178223	-15.3682880402
1130.99414063	-8.64688301086
1131.28649902	4.2688574791
1131.57897949	17.4234828949
1131.87133789	9.41881465912
1132.16369629	-7.54142141342
1132.45617676	-12.1294708252
1132.74853516	-15.1282806396
1133.04089355	-21.0860748291
1133.33337402	-9.45635128021
1133.62573242	-22.8819198608
1133.91809082	-14.8436193466
1134.21057129	-23.0390911102
1134.50292969	-28.5046977997
1134.79528809	-2.50546073914
1135.08776855	14.9597120285
1135.38012695	13.0131483078
1135.67248535	-19.6135902405
1135.96496582	6.02394533157
1136.25732422	-4.39185714722
1136.54968262	-23.2803153992
1136.84216309	-8.49483013153
1137.13452148	-27.0253772736
1137.42687988	-13.7673521042
1137.71923828	-20.9102039337
1138.01171875	-7.20186758041
1138.30407715	18.9809627533
1138.59643555	0.422582954168
1138.88891602	-12.1937866211
1139.18127441	-8.35079956055
1139.47363281	-0.647461414337
1139.76611328	-7.8277964592
1140.05847168	7.0459523201
1140.35083008	-36.3210220337
1140.64331055	-25.5902233124
1140.93566895	-32.7604217529
1141.22802734	-40.1039581299
1141.52050781	-3.16856861115
1141.81286621	-16.7874965668
1142.10522461	-21.8590602875
1142.39770508	-38.9402732849
1142.69006348	-14.1104698181
1142.98242188	-7.45547103882
1143.27490234	-15.8179349899
1143.56726074	-33.7488746643
1143.85961914	-22.1295185089
1144.15209961	11.0690517426
1144.44445801	-28.7251682281
1144.73681641	-42.2752456665
1145.02929688	-21.7666168213
1145.32165527	-10.5925760269
1145.61401367	-17.9151153564
1145.90637207	-39.5911712646
1146.19885254	-30.5737533569
1146.49121094	-5.81182050705
1146.78356934	-37.6094589233
1147.0760498	-31.7780742645
1147.3684082	-40.2597961426
1147.6607666	-3.13213968277
1147.95324707	-43.1503639221
1148.24560547	-21.6350154877
1148.53796387	-26.8496456146
1148.83044434	-26.4552726746
1149.12280273	-52.6010551453
1149.41516113	-29.2072868347
1149.7076416	-21.8622322083
1150	-16.1535224915
1150.2923584	-12.5468626022
1150.58483887	-19.7970218658
1150.87719727	-23.8993473053
1151.16955566	-46.3180809021
1151.46203613	-38.6414794922
1151.75439453	-10.6271066666
1152.04675293	-15.129822731
1152.3392334	-9.96201324463
1152.6315918	-13.9515457153
1152.9239502	-33.9381484985
1153.21643066	-6.67024087906
1153.50878906	-12.9244222641
1153.80114746	-28.7992076874
1154.09362793	-29.8623561859
1154.38598633	-19.6272792816
1154.67834473	-17.9722805023
1154.97070313	-16.9666957855
1155.26318359	-24.9819908142
1155.55554199	-6.0393948555
1155.84790039	-0.635860919952
1156.14038086	-28.9421730042
1156.43273926	-4.24664640427
1156.72509766	1.70376265049
1157.01757813	-15.2783298492
1157.30993652	-5.5896396637
1157.60229492	-29.6421604156
1157.89477539	-4.11399936676
1158.18713379	4.33299160004
1158.47949219	-0.447068363428
1158.77197266	-42.810508728
1159.06433105	-22.99974823
1159.35668945	-10.8676986694
1159.64916992	-15.4581899643
1159.94152832	-19.3129558563
1160.23388672	-30.0944805145
1160.52636719	-9.07315635681
1160.81872559	9.84014320374
1161.11108398	-15.6327877045
1161.40356445	-3.72913789749
1161.69592285	-2.09415864944
1161.98828125	10.0797290802
1162.28076172	-18.2444477081
1162.57312012	2.42099499702
1162.86547852	-9.09666728973
1163.15783691	-16.8067131042
1163.45031738	9.09371948242
1163.74267578	-17.5479660034
1164.03503418	15.646774292
1164.32751465	-6.79166078568
1164.61987305	-7.55834627151
1164.91223145	-3.44905543327
1165.20471191	8.78487300873
1165.49707031	-7.6004652977
1165.78942871	-6.70406484604
1166.08190918	6.20271492004
1166.37426758	31.4462833405
1166.66662598	32.7557678223
1166.95910645	10.0863771439
1167.25146484	12.870472908
1167.54382324	12.2434358597
1167.83630371	13.3523635864
1168.12866211	32.3854827881
1168.42102051	36.9840316772
1168.71350098	14.5875883102
1169.00585938	-21.8172798157
1169.29821777	-5.11033344269
1169.59069824	36.8130493164
1169.88305664	13.9745845795
1170.17541504	30.4994029999
1170.46789551	16.250421524
1170.76025391	22.0511188507
1171.0526123	14.5554285049
1171.3449707	31.5655975342
1171.63745117	29.7082176208
1171.92980957	26.6969032288
1172.22216797	29.4873466492
1172.51464844	17.1963729858
1172.80700684	22.2109375
1173.09936523	18.2425918579
1173.3918457	38.1996650696
1173.6842041	19.2298526764
1173.9765625	20.4499835968
1174.26904297	23.8216075897
1174.56140137	13.2971096039
1174.85375977	16.001127243
1175.14624023	26.458688736
1175.43859863	41.276473999
1175.73095703	48.1064682007
1176.0234375	44.2564125061
1176.3157959	34.7573051453
1176.6081543	29.4974555969
1176.90063477	39.3134155273
1177.19299316	39.0687026978
1177.48535156	63.4338531494
1177.77783203	48.3328208923
1178.07019043	54.9230690002
1178.36254883	53.6515007019
1178.6550293	48.9401130676
1178.9473877	45.4488182068
1179.23974609	53.2744178772
1179.53210449	62.6551933289
1179.82458496	71.5277938843
1180.11694336	57.0989990234
1180.40930176	61.0544815063
1180.70178223	61.5086250305
1180.99414063	69.0085372925
1181.28649902	72.8570861816
1181.57897949	76.6217803955
1181.87133789	71.9761886597
1182.16369629	67.6865539551
1182.45617676	71.4287796021
1182.74853516	85.11668396
1183.04089355	111.913963318
1183.33337402	107.970649719
1183.62573242	91.8333587646
1183.91809082	90.4944076538
1184.21057129	58.989074707
1184.50292969	92.5754165649
1184.79528809	108.754043579
1185.08776855	92.0812301636
1185.38012695	65.514251709
1185.67248535	60.6001091003
1185.96496582	86.1279830933
1186.25732422	92.7973327637
1186.54968262	67.6956863403
1186.84216309	72.1898651123
1187.13452148	95.3997421265
1187.42687988	90.6916503906
1187.71923828	98.150062561
1188.01171875	91.0441513062
1188.30407715	97.4620361328
1188.59643555	98.472694397
1188.88891602	80.3750762939
1189.18127441	101.548332214
1189.47363281	97.8241271973
1189.76611328	105.351020813
1190.05847168	116.399276733
1190.35083008	126.374290466
1190.64331055	99.0755081177
1190.93566895	83.2780609131
1191.22802734	100.860496521
1191.52050781	146.297058105
1191.81286621	126.69052887
1192.10522461	107.954116821
1192.39770508	118.690979004
1192.69006348	86.8466567993
1192.98242188	82.2679595947
1193.27490234	116.80657196
1193.56726074	146.410491943
1193.85961914	128.349853516
1194.15209961	126.160934448
1194.44445801	107.186729431
1194.73681641	137.487915039
1195.02929688	143.211105347
1195.32165527	75.3614120483
1195.61401367	154.083984375
1195.90637207	112.093666077
1196.19885254	105.861282349
1196.49121094	105.160514832
1196.78356934	146.969512939
1197.0760498	118.999832153
1197.3684082	116.355209351
1197.6607666	120.803367615
1197.95324707	135.436706543
1198.24560547	149.449325562
1198.53796387	166.163589478
1198.83044434	161.727600098
1199.12280273	166.88230896
1199.41516113	160.685928345
1199.7076416	134.693786621
1200	142.757659912
1200.2923584	142.977798462
1200.58483887	155.442687988
1200.87719727	143.651092529
1201.16955566	137.720352173
1201.46203613	162.576828003
1201.75439453	183.757415771
1202.04675293	179.352539063
1202.3392334	187.021530151
1202.6315918	185.534133911
1202.9239502	175.997436523
1203.21643066	157.820724487
1203.50878906	161.726394653
1203.80114746	172.754150391
1204.09362793	164.871368408
1204.38598633	175.203323364
1204.67834473	175.332626343
1204.97070313	190.622589111
1205.26318359	202.610427856
1205.55554199	183.590316772
1205.84790039	213.437393188
1206.14038086	249.452575684
1206.43273926	210.650253296
1206.72509766	178.906021118
1207.01757813	191.589172363
1207.30993652	192.420135498
1207.60229492	198.279922485
1207.89477539	207.205749512
1208.18713379	206.283782959
1208.47949219	195.326187134
1208.77197266	223.156784058
1209.06433105	211.277801514
1209.35668945	210.342651367
1209.64916992	214.565841675
1209.94152832	198.048171997
1210.23388672	189.436279297
1210.52636719	197.759078979
1210.81872559	188.275588989
1211.11108398	212.143676758
1211.40356445	224.436187744
1211.69592285	220.864822388
1211.98828125	225.783187866
1212.28076172	206.944854736
1212.57312012	214.461380005
1212.86547852	203.008163452
1213.15783691	238.493438721
1213.45031738	257.031066895
1213.74267578	267.856658936
1214.03503418	260.7237854
1214.32751465	252.231140137
1214.61987305	257.179779053
1214.91223145	232.198745728
1215.20471191	260.280822754
1215.49707031	273.784637451
1215.78942871	273.838745117
1216.08190918	262.375427246
1216.37426758	291.533050537
1216.66662598	258.818115234
1216.95910645	281.931945801
1217.25146484	277.769256592
1217.54382324	285.692016602
1217.83630371	276.244781494
1218.12866211	254.686599731
1218.42102051	281.057128906
1218.71350098	290.77444458
1219.00585938	248.083450317
1219.29821777	274.901733398
1219.59069824	301.921295166
1219.88305664	300.060852051
1220.17541504	307.340576172
1220.46789551	341.311309814
1220.76025391	307.484069824
1221.0526123	285.848236084
1221.3449707	297.211456299
1221.63745117	323.128479004
1221.92980957	341.665985107
1222.22216797	320.08972168
1222.51464844	308.256286621
1222.80700684	312.578460693
1223.09936523	315.369384766
1223.3918457	312.15411377
1223.6842041	294.220916748
1223.9765625	318.45324707
1224.26904297	359.510437012
1224.56140137	322.962493896
1224.85375977	329.989257813
1225.14624023	326.402862549
1225.43859863	308.500457764
1225.73095703	322.201049805
1226.0234375	314.992584229
1226.3157959	326.683898926
1226.6081543	335.116455078
1226.90063477	351.017364502
1227.19299316	370.334655762
1227.48535156	373.207641602
1227.77783203	335.403961182
1228.07019043	367.230529785
1228.36254883	402.598602295
1228.6550293	344.584991455
1228.9473877	402.396911621
1229.23974609	381.731781006
1229.53210449	375.958770752
1229.82458496	406.004211426
1230.11694336	427.638397217
1230.40930176	433.697387695
1230.70178223	389.946472168
1230.99414063	393.783294678
1231.28649902	395.024414063
1231.57897949	413.29888916
1231.87133789	438.585906982
1232.16369629	422.149780273
1232.45617676	424.687896729
1232.74853516	438.730804443
1233.04089355	426.016357422
1233.33337402	420.625274658
1233.62573242	414.874725342
1233.91809082	442.859008789
1234.21057129	437.188140869
1234.50292969	448.45904541
1234.79528809	450.345703125
1235.08776855	472.584014893
1235.38012695	473.195251465
1235.67248535	459.328460693
1235.96496582	498.803619385
1236.25732422	516.848449707
1236.54968262	492.168182373
1236.84216309	480.156524658
1237.13452148	469.545593262
1237.42687988	488.40536499
1237.71923828	486.147949219
1238.01171875	502.090393066
1238.30407715	534.581542969
1238.59643555	499.563842773
1238.88891602	536.100524902
1239.18127441	508.53012085
1239.47363281	528.051025391
1239.76611328	532.84942627
1240.05847168	541.261901855
1240.35083008	540.412719727
1240.64331055	566.589538574
1240.93566895	596.648498535
1241.22802734	591.32421875
1241.52050781	579.137756348
1241.81286621	609.616638184
1242.10522461	571.759155273
1242.39770508	581.917419434
1242.69006348	564.88458252
1242.98242188	599.921142578
1243.27490234	605.246337891
1243.56726074	615.475769043
1243.85961914	588.793579102
1244.15209961	599.833618164
1244.44445801	611.881408691
1244.73681641	625.845703125
1245.02929688	633.965820313
1245.32165527	652.356872559
1245.61401367	662.362670898
1245.90637207	662.923583984
1246.19885254	683.663391113
1246.49121094	686.488464355
1246.78356934	679.676391602
1247.0760498	672.735046387
1247.3684082	689.583557129
1247.6607666	653.223632813
1247.95324707	727.792541504
1248.24560547	744.041931152
1248.53796387	740.644897461
1248.83044434	766.40032959
1249.12280273	738.908508301
1249.41516113	749.140869141
1249.7076416	733.692687988
1250	749.492858887
1250.2923584	771.108032227
1250.58483887	758.574829102
1250.87719727	784.976135254
1251.16955566	773.11328125
1251.46203613	742.045410156
1251.75439453	815.780212402
1252.04675293	817.069702148
1252.3392334	809.945678711
1252.6315918	836.762023926
1252.9239502	846.140380859
1253.21643066	862.255615234
1253.50878906	864.936218262
1253.80114746	911.819396973
1254.09362793	884.727661133
1254.38598633	894.652893066
1254.67834473	896.26361084
1254.97070313	893.080932617
1255.26318359	939.804626465
1255.55554199	934.02911377
1255.84790039	914.477294922
1256.14038086	923.296691895
1256.43273926	929.240905762
1256.72509766	962.104125977
1257.01757813	981.764343262
1257.30993652	975.009338379
1257.60229492	957.314453125
1257.89477539	1000.06689453
1258.18713379	1010.22113037
1258.47949219	982.586791992
1258.77197266	991.19519043
1259.06433105	1026.36853027
1259.35668945	1048.31176758
1259.64916992	1039.11547852
1259.94152832	1052.15539551
1260.23388672	1075.67248535
1260.52636719	1090.91955566
1260.81872559	1098.92382813
1261.11108398	1124.47021484
1261.40356445	1157.77539063
1261.69592285	1154.2376709
1261.98828125	1158.57897949
1262.28076172	1168.60095215
1262.57312012	1167.80883789
1262.86547852	1164.96850586
1263.15783691	1203.37609863
1263.45031738	1189.10314941
1263.74267578	1207.3170166
1264.03503418	1249.82714844
1264.32751465	1269.90820313
1264.61987305	1255.69287109
1264.91223145	1236.07556152
1265.20471191	1264.60046387
1265.49707031	1263.9197998
1265.78942871	1308.27709961
1266.08190918	1305.89770508
1266.37426758	1326.11157227
1266.66662598	1344.6763916
1266.95910645	1380.56506348
1267.25146484	1346.56494141
1267.54382324	1343.47070313
1267.83630371	1365.58984375
1268.12866211	1393.45349121
1268.42102051	1411.03552246
1268.71350098	1434.84411621
1269.00585938	1440.02514648
1269.29821777	1505.47094727
1269.59069824	1506.4387207
1269.88305664	1463.50256348
1270.17541504	1507.67053223
1270.46789551	1525.93127441
1270.76025391	1509.86230469
1271.0526123	1534.07910156
1271.3449707	1558.07751465
1271.63745117	1561.60290527
1271.92980957	1627.54870605
1272.22216797	1623.30102539
1272.51464844	1631.54760742
1272.80700684	1658.57104492
1273.09936523	1674.9395752
1273.3918457	1688.4810791
1273.6842041	1694.1505127
1273.9765625	1754.29101563
1274.26904297	1814.25488281
1274.56140137	1763.86657715
1274.85375977	1795.92614746
1275.14624023	1808.04187012
1275.43859863	1854.64233398
1275.73095703	1857.93725586
1276.0234375	1856.93725586
1276.3157959	1864.91418457
1276.6081543	1879.99523926
1276.90063477	1908.24621582
1277.19299316	1915.96679688
1277.48535156	1935.10498047
1277.77783203	1969.69775391
1278.07019043	2032.20544434
1278.36254883	2064.40356445
1278.6550293	2042.37536621
1278.9473877	2056.17553711
1279.23974609	2078.49487305
1279.53210449	2108.41845703
1279.82458496	2121.05004883
1280.11694336	2130.68554688
1280.40930176	2182.59521484
1280.70178223	2227.16894531
1280.99414063	2273.80810547
1281.28649902	2256.04614258
1281.57897949	2266.20947266
1281.87133789	2294.7409668
1282.16369629	2342.47436523
1282.45617676	2385.58862305
1282.74853516	2397.69018555
1283.04089355	2392.85058594
1283.33337402	2462.43676758
1283.62573242	2507.09179688
1283.91809082	2495.62988281
1284.21057129	2497.29541016
1284.50292969	2542.32080078
1284.79528809	2556.2277832
1285.08776855	2596.30078125
1285.38012695	2649.93725586
1285.67248535	2660.82397461
1285.96496582	2674.76196289
1286.25732422	2683.67993164
1286.54968262	2729.0703125
1286.84216309	2764.63720703
1287.13452148	2791.47412109
1287.42687988	2802.06201172
1287.71923828	2857.6105957
1288.01171875	2865.43066406
1288.30407715	2880.20288086
1288.59643555	2934.28686523
1288.88891602	2949.94555664
1289.18127441	2998.43969727
1289.47363281	2987.95898438
1289.76611328	3006.05151367
1290.05847168	3093.81591797
1290.35083008	3113.37158203
1290.64331055	3120.08886719
1290.93566895	3144.47949219
1291.22802734	3195.61206055
1291.52050781	3235.97314453
1291.81286621	3262.41821289
1292.10522461	3330.49633789
1292.39770508	3344.26147461
1292.69006348	3319.54760742
1292.98242188	3346.70458984
1293.27490234	3411.06738281
1293.56726074	3469.59082031
1293.85961914	3488.921875
1294.15209961	3523.62939453
1294.44445801	3508.37744141
1294.73681641	3563.57739258
1295.02929688	3542.58178711
1295.32165527	3591.88061523
1295.61401367	3598.52612305
1295.90637207	3668.69091797
1296.19885254	3675.94262695
1296.49121094	3744.81933594
1296.78356934	3762.32910156
1297.0760498	3766.27880859
1297.3684082	3815.99169922
1297.6607666	3846.69555664
1297.95324707	3829.00195313
1298.24560547	3892.00854492
1298.53796387	3817.70874023
1298.83044434	3867.09692383
1299.12280273	3960.8605957
1299.41516113	3958.40429688
1299.7076416	3966.59350586
1300	3980.45361328
1300.2923584	3981.56005859
1300.58483887	4013.54785156
1300.87719727	4041.47460938
1301.16955566	4044.48022461
1301.46203613	4026.44750977
1301.75439453	4023.06958008
1302.04675293	4009.30395508
1302.3392334	4078.08959961
1302.6315918	4038.13647461
1302.9239502	4064.68798828
1303.21643066	4078.43359375
1303.50878906	4067.15136719
1303.80114746	4029.28710938
1304.09362793	4056.06982422
1304.38598633	4041.55126953
1304.67834473	4017.3059082
1304.97070313	4024.55786133
1305.26318359	4051.62866211
1305.55554199	4071.55053711
1305.84790039	3975.07666016
1306.14038086	3948.26879883
1306.43273926	3965.0625
1306.72509766	3986.63671875
1307.01757813	3927.40966797
1307.30993652	3925.68310547
1307.60229492	3877.40161133
1307.89477539	3872.61914063
1308.18713379	3807.92163086
1308.47949219	3760.99975586
1308.77197266	3777.74926758
1309.06433105	3756.5559082
1309.35668945	3670.26660156
1309.64916992	3683.35205078
1309.94152832	3600.62255859
1310.23388672	3627.42041016
1310.52636719	3546.34375
1310.81872559	3545.70996094
1311.11108398	3555.08569336
1311.40356445	3482.63793945
1311.69592285	3459.30786133
1311.98828125	3453.23168945
1312.28076172	3404.33666992
1312.57312012	3339.34741211
1312.86547852	3332.37158203
1313.15783691	3254.59228516
1313.45031738	3229.09863281
1313.74267578	3190.52050781
1314.03503418	3155.78393555
1314.32751465	3099.10009766
1314.61987305	3088.89379883
1314.91223145	3044.23071289
1315.20471191	3006.2097168
1315.49707031	2981.95874023
1315.78942871	2949.80029297
1316.08190918	2879.25976563
1316.37426758	2826.88671875
1316.66662598	2803.98242188
1316.95910645	2782.42919922
1317.25146484	2761.24951172
1317.54382324	2720.62329102
1317.83630371	2689.28881836
1318.12866211	2609.11303711
1318.42102051	2583.41967773
1318.71350098	2533.09399414
1319.00585938	2505.50024414
1319.29821777	2467.85351563
1319.59069824	2461.83349609
1319.88305664	2405.15771484
1320.17541504	2392.94091797
1320.46789551	2368.35058594
1320.76025391	2287.00244141
1321.0526123	2313.92700195
1321.3449707	2272.53149414
1321.63745117	2248.76977539
1321.92980957	2192.36889648
1322.22216797	2170.54394531
1322.51464844	2151.78051758
1322.80700684	2104.30908203
1323.09936523	2080.32470703
1323.3918457	2070.03076172
1323.6842041	2050.91845703
1323.9765625	1955.51745605
1324.26904297	2009.67858887
1324.56140137	1996.60522461
1324.85375977	1964.80981445
1325.14624023	1933.70776367
1325.43859863	1911.99719238
1325.73095703	1882.23937988
1326.0234375	1857.43908691
1326.3157959	1830.29003906
1326.6081543	1788.45935059
1326.90063477	1771.96386719
1327.19299316	1764.25720215
1327.48535156	1768.44702148
1327.77783203	1687.86560059
1328.07019043	1693.00463867
1328.36254883	1707.51867676
1328.6550293	1663.08666992
1328.9473877	1636.1895752
1329.23974609	1634.70214844
1329.53210449	1618.6796875
1329.82458496	1611.47998047
1330.11694336	1608.07849121
1330.40930176	1530.96179199
1330.70178223	1512.50622559
1330.99414063	1525.76049805
1331.28649902	1482.95385742
1331.57897949	1511.73510742
1331.87133789	1498.0670166
1332.16369629	1437.04162598
1332.45617676	1445.6920166
1332.74853516	1437.31152344
1333.04089355	1404.73144531
1333.33337402	1400.95117188
1333.62573242	1333.84265137
1333.91809082	1328.65563965
1334.21057129	1327.51989746
1334.50292969	1280.93481445
1334.79528809	1275.97473145
1335.08776855	1296.26586914
1335.38012695	1276.53234863
1335.67248535	1252.37255859
1335.96496582	1235.3560791
1336.25732422	1210.40234375
1336.54968262	1198.05554199
1336.84216309	1195.546875
1337.13452148	1160.75036621
1337.42687988	1152.89282227
1337.71923828	1119.83178711
1338.01171875	1122.7512207
1338.30407715	1093.84436035
1338.59643555	1057.92053223
1338.88891602	1054.77355957
1339.18127441	1048.50537109
1339.47363281	1053.11474609
1339.76611328	1015.33203125
1340.05847168	992.982299805
1340.35083008	1005.09454346
1340.64331055	951.345581055
1340.93566895	940.361572266
1341.22802734	915.72088623
1341.52050781	943.134033203
1341.81286621	884.786743164
1342.10522461	862.648498535
1342.39770508	868.240356445
1342.69006348	864.374023438
1342.98242188	831.428649902
1343.27490234	784.399414063
1343.56726074	771.931030273
1343.85961914	785.883605957
1344.15209961	746.477355957
1344.44445801	803.697998047
1344.73681641	740.475280762
1345.02929688	737.819030762
1345.32165527	666.151000977
1345.61401367	690.594299316
1345.90637207	672.041442871
1346.19885254	679.897949219
1346.49121094	664.199645996
1346.78356934	636.465637207
1347.0760498	646.913452148
1347.3684082	615.756103516
1347.6607666	605.204284668
1347.95324707	613.999755859
1348.24560547	566.743286133
1348.53796387	554.406799316
1348.83044434	506.508392334
1349.12280273	539.130859375
1349.41516113	554.086364746
1349.7076416	514.550292969
1350	528.082397461
1350.2923584	506.105773926
1350.58483887	442.443206787
1350.87719727	476.804931641
1351.16955566	443.241394043
1351.46203613	474.693572998
1351.75439453	473.51184082
1352.04675293	458.730010986
1352.3392334	453.962493896
1352.6315918	447.513183594
1352.9239502	401.051177979
1353.21643066	404.222137451
1353.50878906	395.37487793
1353.80114746	364.682403564
1354.09362793	378.469085693
1354.38598633	319.319580078
1354.67834473	344.127593994
1354.97070313	317.768615723
1355.26318359	324.715454102
1355.55554199	310.89553833
1355.84790039	288.00189209
1356.14038086	292.021453857
1356.43273926	298.323638916
1356.72509766	293.373840332
1357.01757813	273.222015381
1357.30993652	303.799102783
1357.60229492	260.575866699
1357.89477539	272.339569092
1358.18713379	255.348770142
1358.47949219	229.105026245
1358.77197266	231.677825928
1359.06433105	225.096694946
1359.35668945	205.8881073
1359.64916992	212.245574951
1359.94152832	212.618530273
1360.23388672	208.252243042
1360.52636719	186.018386841
1360.81872559	174.852294922
1361.11108398	172.999176025
1361.40356445	194.614944458
1361.69592285	195.383911133
1361.98828125	200.32913208
1362.28076172	160.356033325
1362.57312012	163.014633179
1362.86547852	159.365631104
1363.15783691	145.383117676
1363.45031738	157.954940796
1363.74267578	135.240982056
1364.03503418	153.644714355
1364.32751465	122.883522034
1364.61987305	115.863418579
1364.91223145	115.530815125
1365.20471191	107.961524963
1365.49707031	99.85987854
1365.78942871	115.496025085
1366.08190918	126.090789795
1366.37426758	110.707893372
1366.66662598	129.117965698
1366.95910645	102.869476318
1367.25146484	135.808349609
1367.54382324	120.30973053
1367.83630371	94.7824325562
1368.12866211	79.1524658203
1368.42102051	100.315956116
1368.71350098	107.994216919
1369.00585938	102.243644714
1369.29821777	90.6078186035
1369.59069824	76.7582550049
1369.88305664	81.2733078003
1370.17541504	54.020778656
1370.46789551	48.7605667114
1370.76025391	80.4518890381
1371.0526123	58.7555160522
1371.3449707	33.2920532227
1371.63745117	68.1534194946
1371.92980957	46.5820503235
1372.22216797	-10.319401741
1372.51464844	56.8437271118
1372.80700684	68.3460845947
1373.09936523	53.9539108276
1373.3918457	28.7264118195
1373.6842041	24.2653903961
1373.9765625	25.478685379
1374.26904297	37.4870262146
1374.56140137	25.6558895111
1374.85375977	20.8603935242
1375.14624023	42.3789901733
1375.43859863	37.14453125
1375.73095703	31.6273574829
1376.0234375	17.8339424133
1376.3157959	33.5726280212
1376.6081543	47.3747901917
1376.90063477	21.302564621
1377.19299316	20.0041408539
1377.48535156	27.7643108368
1377.77783203	12.4650363922
1378.07019043	7.36485433578
1378.36254883	26.618188858
1378.6550293	31.2295589447
1378.9473877	39.3383598328
1379.23974609	21.7030220032
1379.53210449	11.3606529236
1379.82458496	21.1019058228
1380.11694336	12.9319000244
1380.40930176	23.1334762573
1380.70178223	17.1388893127
1380.99414063	25.8126316071
1381.28649902	23.9062976837
1381.57897949	23.4292888641
1381.87133789	24.2680721283
1382.16369629	3.15568327904
1382.45617676	-4.90775156021
1382.74853516	11.1800546646
1383.04089355	17.4250869751
1383.33337402	15.9851884842
1383.62573242	2.48070931435
1383.91809082	8.99722671509
1384.21057129	3.15644812584
1384.50292969	-0.516487598419
1384.79528809	-20.0404968262
1385.08776855	-38.4296150208
1385.38012695	4.1826043129
1385.67248535	10.1292972565
1385.96496582	-2.42583656311
1386.25732422	24.8607006073
1386.54968262	-9.69309425354
1386.84216309	16.4949359894
1387.13452148	14.7443628311
1387.42687988	-39.5403900146
1387.71923828	42.6387252808
1388.01171875	21.6705055237
1388.30407715	1.53467929363
1388.59643555	24.3094978333
1388.88891602	17.4843444824
1389.18127441	0.940802574158
1389.47363281	-0.0939495265484
1389.76611328	36.5296287537
1390.05847168	16.570558548
1390.35083008	8.57535743713
1390.64331055	11.3913173676
1390.93566895	11.089474678
1391.22802734	10.8906602859
1391.52050781	-15.5580282211
1391.81286621	3.69969987869
1392.10522461	11.4530334473
1392.39770508	4.28364181519
1392.69006348	25.8055305481
1392.98242188	-4.82736635208
1393.27490234	-19.4161911011
1393.56726074	10.9704427719
1393.85961914	25.1988735199
1394.15209961	0.518739879131
1394.44445801	28.6568393707
1394.73681641	23.7295093536
1395.02929688	10.7158784866
1395.32165527	0.637669622898
1395.61401367	36.957408905
1395.90637207	-12.7145490646
1396.19885254	-20.8346252441
1396.49121094	7.05103302002
1396.78356934	24.2550506592
1397.0760498	29.7951316833
1397.3684082	18.5250282288
1397.6607666	28.6890048981
1397.95324707	-2.60587453842
1398.24560547	16.8540019989
1398.53796387	38.8758926392
1398.83044434	-14.0146923065
1399.12280273	4.47692251205
1399.41516113	34.296661377
1399.7076416	27.4856681824
1400	26.0959358215
