400	19.9057121277
400.292388916	69.11668396
400.58480835	17.265083313
400.877197266	4.0048661232
401.169586182	15.2910356522
401.461975098	8.91362953186
401.754394531	0.327653348446
402.046783447	-1.46332609653
402.339172363	-5.3753991127
402.631591797	37.9438972473
402.923980713	12.6509647369
403.216369629	20.0802001953
403.508758545	3.12515854836
403.801177979	26.9840068817
404.093566895	6.40103435516
404.385955811	11.6950159073
404.678375244	39.1593322754
404.97076416	43.5529212952
405.263153076	10.1882133484
405.555541992	-30.2053050995
405.847961426	-10.7209692001
406.140350342	14.3610982895
406.432739258	42.2703132629
406.725158691	-13.995349884
407.017547607	24.2058582306
407.309936523	39.6834335327
407.602325439	50.4656944275
407.894744873	71.0013046265
408.187133789	78.9183273315
408.479522705	67.9764709473
408.771942139	61.8875656128
409.064331055	70.8329162598
409.356719971	70.9271850586
409.649108887	27.6459751129
409.94152832	44.9818725586
410.233917236	43.0214614868
410.526306152	51.0595817566
410.818725586	43.7323951721
411.111114502	47.6538162231
411.403503418	79.3867645264
411.695892334	80.1758651733
411.988311768	32.3271903992
412.280700684	92.3228302002
412.5730896	49.9840011597
412.865509033	95.0020294189
413.157897949	67.9053878784
413.450286865	55.5211448669
413.742675781	55.7599487305
414.035095215	65.4254379272
414.327484131	98.0358276367
414.619873047	106.697967529
414.91229248	67.6066207886
415.204681396	85.1442565918
415.497070313	112.077400208
415.789459229	67.6321258545
416.081878662	84.1726074219
416.374267578	86.6365127563
416.666656494	82.2552032471
416.959075928	71.6721572876
417.251464844	103.703933716
417.54385376	109.325057983
417.836242676	90.2987289429
418.128662109	114.348007202
418.421051025	103.85634613
418.713439941	105.807060242
419.005859375	140.47694397
419.298248291	123.536552429
419.590637207	127.629852295
419.883026123	96.2451171875
420.175445557	110.978477478
420.467834473	124.877929688
420.760223389	136.857940674
421.052642822	136.568847656
421.345031738	109.038116455
421.637420654	120.337471008
421.92980957	139.351669312
422.222229004	153.879943848
422.51461792	161.274520874
422.807006836	155.067520142
423.09942627	136.074813843
423.391815186	151.603164673
423.684204102	203.923995972
423.976593018	207.765350342
424.269012451	183.886886597
424.561401367	187.987991333
424.853790283	173.262451172
425.146209717	208.550003052
425.438598633	175.548095703
425.730987549	206.119415283
426.023406982	193.723373413
426.315795898	198.208282471
426.608184814	186.599914551
426.90057373	235.930526733
427.192993164	219.231750488
427.48538208	220.01449585
427.777770996	290.086303711
428.07019043	234.405609131
428.362579346	215.82069397
428.654968262	245.898361206
428.947357178	214.872512817
429.239776611	215.369552612
429.532165527	223.262161255
429.824554443	261.697753906
430.116973877	265.678649902
430.409362793	280.56640625
430.701751709	300.069854736
430.994140625	292.018127441
431.286560059	278.409698486
431.578948975	273.793518066
431.871337891	288.56942749
432.163757324	297.252990723
432.45614624	295.804290771
432.748535156	288.861938477
433.040924072	296.892242432
433.333343506	313.904907227
433.625732422	283.35269165
433.918121338	245.304397583
434.210540771	256.218902588
434.502929688	298.778991699
434.795318604	328.854736328
435.08770752	332.997833252
435.380126953	276.853240967
435.672515869	339.989532471
435.964904785	388.482727051
436.257324219	367.611114502
436.549713135	351.57208252
436.842102051	352.432952881
437.134490967	349.29675293
437.4269104	340.514984131
437.719299316	345.409057617
438.011688232	375.390045166
438.304107666	402.447143555
438.596496582	354.106842041
438.888885498	383.454528809
439.181274414	377.946258545
439.473693848	382.014099121
439.766082764	397.845184326
440.05847168	402.108917236
440.350891113	405.513641357
440.643280029	423.72265625
440.935668945	423.661682129
441.228057861	401.395599365
441.520477295	418.301818848
441.812866211	439.96786499
442.105255127	405.130493164
442.397674561	419.03817749
442.690063477	421.670043945
442.982452393	430.959136963
443.274841309	437.597839355
443.567260742	401.115386963
443.859649658	402.332702637
444.152038574	420.093475342
444.444458008	433.30682373
444.736846924	465.062713623
445.02923584	464.860595703
445.321624756	445.90020752
445.614044189	422.617431641
445.906433105	447.052032471
446.198822021	434.762542725
446.491241455	438.006622314
446.783630371	480.526702881
447.076019287	468.818237305
447.368408203	463.015533447
447.660827637	475.98815918
447.953216553	460.995513916
448.245605469	433.284118652
448.538024902	434.831451416
448.830413818	470.26751709
449.122802734	497.931121826
449.41519165	459.594726563
449.707611084	454.481903076
450	488.218261719
450.292388916	495.630889893
450.58480835	503.7890625
450.877197266	497.230987549
451.169586182	480.706604004
451.461975098	480.901000977
451.754394531	474.190002441
452.046783447	436.034790039
452.339172363	477.285797119
452.631591797	450.594329834
452.923980713	437.879058838
453.216369629	495.436218262
453.508758545	487.342498779
453.801177979	454.59979248
454.093566895	446.497772217
454.385955811	448.939208984
454.678375244	454.857635498
454.97076416	460.881103516
455.263153076	459.823028564
455.555541992	473.698059082
455.847961426	462.134063721
456.140350342	521.029602051
456.432739258	514.352905273
456.725158691	490.239074707
457.017547607	458.213226318
457.309936523	489.662994385
457.602325439	496.259216309
457.894744873	470.346069336
458.187133789	471.086364746
458.479522705	496.091766357
458.771942139	494.575134277
459.064331055	484.602508545
459.356719971	504.480957031
459.649108887	464.873565674
459.94152832	437.209960938
460.233917236	475.485870361
460.526306152	491.574768066
460.818725586	499.430206299
461.111114502	462.996643066
461.403503418	467.929779053
461.695892334	471.889801025
461.988311768	478.978607178
462.280700684	526.566040039
462.5730896	478.216003418
462.865509033	467.382446289
463.157897949	509.832183838
463.450286865	426.408905029
463.742675781	468.560791016
464.035095215	474.678924561
464.327484131	472.108154297
464.619873047	471.012481689
464.91229248	464.885986328
465.204681396	469.826934814
465.497070313	475.155090332
465.789459229	467.485687256
466.081878662	474.343078613
466.374267578	479.235198975
466.666656494	467.083862305
466.959075928	482.413421631
467.251464844	475.368530273
467.54385376	469.494049072
467.836242676	455.882781982
468.128662109	466.848052979
468.421051025	447.095672607
468.713439941	431.512695313
469.005859375	448.084411621
469.298248291	469.068359375
469.590637207	471.31741333
469.883026123	451.149475098
470.175445557	439.98928833
470.467834473	448.847717285
470.760223389	445.268157959
471.052642822	453.532287598
471.345031738	466.250579834
471.637420654	468.705200195
471.92980957	445.577789307
472.222229004	435.007446289
472.51461792	433.776031494
472.807006836	414.872741699
473.09942627	388.4737854
473.391815186	392.858581543
473.684204102	434.045166016
473.976593018	424.696075439
474.269012451	457.731658936
474.561401367	419.130645752
474.853790283	404.04083252
475.146209717	389.071044922
475.438598633	408.78692627
475.730987549	429.865081787
476.023406982	414.833312988
476.315795898	405.757171631
476.608184814	430.068237305
476.90057373	447.20401001
477.192993164	443.899780273
477.48538208	428.052642822
477.777770996	437.620544434
478.07019043	398.141998291
478.362579346	354.864196777
478.654968262	391.473114014
478.947357178	427.913604736
479.239776611	420.902801514
479.532165527	418.102539063
479.824554443	423.145568848
480.116973877	411.392089844
480.409362793	413.838439941
480.701751709	435.07723999
480.994140625	389.699829102
481.286560059	405.924407959
481.578948975	376.24621582
481.871337891	381.895172119
482.163757324	435.263305664
482.45614624	433.264312744
482.748535156	412.198425293
483.040924072	420.431365967
483.333343506	431.13104248
483.625732422	414.782440186
483.918121338	391.943115234
484.210540771	398.486053467
484.502929688	420.373779297
484.795318604	414.955352783
485.08770752	436.790374756
485.380126953	413.322540283
485.672515869	413.802093506
485.964904785	388.780151367
486.257324219	410.597961426
486.549713135	389.835327148
486.842102051	405.082427979
487.134490967	416.071716309
487.4269104	410.031646729
487.719299316	391.193786621
488.011688232	389.543426514
488.304107666	437.977478027
488.596496582	446.255340576
488.888885498	426.645019531
489.181274414	442.058624268
489.473693848	418.141601563
489.766082764	425.791046143
490.05847168	431.721740723
490.350891113	427.557159424
490.643280029	425.913146973
490.935668945	435.926879883
491.228057861	417.9034729
491.520477295	403.341400146
491.812866211	422.172027588
492.105255127	431.268737793
492.397674561	438.040679932
492.690063477	410.397644043
492.982452393	401.717498779
493.274841309	407.837646484
493.567260742	457.406463623
493.859649658	412.456787109
494.152038574	428.475860596
494.444458008	418.070556641
494.736846924	400.925567627
495.02923584	406.722961426
495.321624756	430.208343506
495.614044189	446.756164551
495.906433105	439.093597412
496.198822021	422.044830322
496.491241455	421.153167725
496.783630371	425.363647461
497.076019287	461.550231934
497.368408203	437.953094482
497.660827637	421.719177246
497.953216553	463.169403076
498.245605469	427.146972656
498.538024902	432.380340576
498.830413818	446.388183594
499.122802734	423.097686768
499.41519165	404.45123291
499.707611084	409.335968018
500	402.886779785
500.292388916	412.387298584
500.58480835	450.161193848
500.877197266	418.03427124
501.169586182	416.850219727
501.461975098	433.348815918
501.754394531	381.104125977
502.046783447	401.365386963
502.339172363	385.562713623
502.631591797	408.389312744
502.923980713	419.225311279
503.216369629	408.761474609
503.508758545	417.571563721
503.801177979	428.497314453
504.093566895	433.847442627
504.385955811	413.94317627
504.678375244	415.545684814
504.97076416	410.781066895
505.263153076	420.339202881
505.555541992	392.259155273
505.847961426	431.720062256
506.140350342	388.393432617
506.432739258	379.984283447
506.725158691	370.448608398
507.017547607	378.193756104
507.309936523	402.640075684
507.602325439	402.543945313
507.894744873	394.058044434
508.187133789	387.790039063
508.479522705	385.065948486
508.771942139	405.96383667
509.064331055	384.578643799
509.356719971	368.324768066
509.649108887	387.428314209
509.94152832	354.675354004
510.233917236	375.008392334
510.526306152	389.024536133
510.818725586	376.329681396
511.111114502	360.009887695
511.403503418	346.343902588
511.695892334	355.210632324
511.988311768	379.136871338
512.280700684	344.805847168
512.573120117	358.972808838
512.865478516	364.399200439
513.157897949	342.541229248
513.450317383	363.88885498
513.742675781	330.983703613
514.035095215	314.359619141
514.327514648	340.102264404
514.619873047	319.995452881
514.91229248	330.966125488
515.204650879	335.683502197
515.497070313	326.494995117
515.789489746	343.570648193
516.081848145	349.859802246
516.374267578	355.171783447
516.666687012	349.95690918
516.95904541	328.56149292
517.251464844	323.553649902
517.543884277	337.773345947
517.836242676	324.614746094
518.128662109	323.528778076
518.421081543	323.705505371
518.713439941	298.174865723
519.005859375	269.384277344
519.298217773	283.290161133
519.590637207	294.779876709
519.883056641	282.379425049
520.175415039	284.765289307
520.467834473	275.646606445
520.760253906	293.418029785
521.052612305	295.200378418
521.345031738	264.797027588
521.637451172	279.014770508
521.92980957	234.315155029
522.222229004	254.319519043
522.514648438	288.803863525
522.807006836	283.135986328
523.09942627	278.075897217
523.391784668	250.092605591
523.684204102	234.623336792
523.976623535	243.877685547
524.268981934	241.40562439
524.561401367	244.672195435
524.853820801	238.907501221
525.146179199	249.002349854
525.438598633	211.10093689
525.731018066	221.336746216
526.023376465	253.084899902
526.315795898	224.309951782
526.608215332	209.057479858
526.90057373	209.557098389
527.192993164	218.675704956
527.485351563	216.355026245
527.777770996	208.053222656
528.07019043	190.781707764
528.362548828	199.921951294
528.654968262	232.569854736
528.947387695	191.451660156
529.239746094	179.329208374
529.532165527	183.337966919
529.824584961	173.148468018
530.116943359	181.38734436
530.409362793	167.205673218
530.701782227	147.415588379
530.994140625	133.788742065
531.286560059	179.341445923
531.578918457	163.944091797
531.871337891	168.874725342
532.163757324	175.840011597
532.456115723	163.166290283
532.748535156	148.625732422
533.04095459	130.612014771
533.333312988	176.135574341
533.625732422	160.014434814
533.918151855	117.576896667
534.210510254	154.294296265
534.502929688	111.273254395
534.795349121	117.416770935
535.08770752	158.505752563
535.380126953	146.248382568
535.672485352	134.853973389
535.964904785	139.718185425
536.257324219	139.461807251
536.549682617	107.673828125
536.842102051	72.537071228
537.134521484	74.9755020142
537.426879883	101.749053955
537.719299316	111.174308777
538.01171875	64.9423370361
538.304077148	74.1026000977
538.596496582	76.3393783569
538.888916016	100.850082397
539.181274414	88.5767593384
539.473693848	76.5156860352
539.766052246	84.2364959717
540.05847168	88.1866531372
540.350891113	76.1695251465
540.643249512	52.216999054
540.935668945	50.8141288757
541.228088379	50.43567276
541.520446777	44.5129318237
541.812866211	61.2218780518
542.105285645	56.0768165588
542.397644043	49.7365989685
542.690063477	31.2848987579
542.98248291	60.2179641724
543.274841309	41.2673912048
543.567260742	32.0647163391
543.859619141	22.0203952789
544.152038574	43.3250427246
544.444458008	44.9963912964
544.736816406	26.2596855164
545.02923584	8.10290813446
545.321655273	22.2610721588
545.614013672	64.7465362549
545.906433105	68.6996231079
546.198852539	24.18932724
546.491210938	11.5927600861
546.783630371	12.3021936417
547.076049805	1.26748633385
547.368408203	52.5649604797
547.660827637	41.1098442078
547.953186035	32.250579834
548.245605469	28.7529830933
548.538024902	3.92237710953
548.830383301	10.4034452438
549.122802734	39.875087738
549.415222168	-1.16108572483
549.707580566	-24.6707401276
550	-3.41247820854
550.292419434	8.77351760864
550.584777832	-8.45537471771
550.877197266	-23.8245544434
551.169616699	-1.9046715498
551.461975098	10.1413383484
551.754394531	4.66620159149
552.046813965	17.7711429596
552.339172363	-42.2912445068
552.631591797	-1.02956593037
552.923950195	27.9114627838
553.216369629	-4.66132974625
553.508789063	29.1945266724
553.801147461	25.6515293121
554.093566895	-15.3864030838
554.385986328	-35.0854682922
554.678344727	-22.4487781525
554.97076416	-8.02675056458
555.263183594	12.1096324921
555.555541992	32.5925140381
555.847961426	0.249893799424
556.140380859	-27.33344841
556.432739258	-46.3686332703
556.725158691	-15.2874269485
557.01751709	-10.38560009
557.309936523	-10.7521457672
557.602355957	-36.8335342407
557.894714355	-24.1987991333
558.187133789	-23.8011856079
558.479553223	-30.6374568939
558.771911621	-6.45877552032
559.064331055	-18.9791297913
559.356750488	-21.8940162659
559.649108887	-28.4790058136
559.94152832	-49.3748474121
560.233947754	-14.9498910904
560.526306152	-2.95040845871
560.818725586	-30.5420513153
561.111083984	-3.81893658638
561.403503418	-32.8544273376
561.695922852	-9.26052474976
561.98828125	-39.5007896423
562.280700684	-19.5250492096
562.573120117	-16.1630802155
562.865478516	-23.8037338257
563.157897949	-26.5335597992
563.450317383	-4.30635690689
563.742675781	6.33228635788
564.035095215	-3.16707229614
564.327514648	-16.0057868958
564.619873047	-29.8817920685
564.91229248	-39.5779266357
565.204650879	-24.8592071533
565.497070313	4.94123935699
565.789489746	4.68895101547
566.081848145	-21.8091239929
566.374267578	-29.91248703
566.666687012	24.0451850891
566.95904541	3.29808616638
567.251464844	27.766500473
567.543884277	0.630423784256
567.836242676	-16.8490982056
568.128662109	-16.2166194916
568.421081543	-1.92789256573
568.713439941	17.9109458923
569.005859375	39.5956687927
569.298217773	8.6991558075
569.590637207	-36.5726623535
569.883056641	-10.0744638443
570.175415039	18.177947998
570.467834473	25.8734149933
570.760253906	1.92434883118
571.052612305	21.7285194397
571.345031738	59.9952735901
571.637451172	5.7429857254
571.92980957	8.48416805267
572.222229004	55.018989563
572.514648438	42.7203140259
572.807006836	25.5200901031
573.09942627	36.3542251587
573.391784668	20.0788078308
573.684204102	22.9793510437
573.976623535	51.3510856628
574.268981934	51.8930511475
574.561401367	32.4742584229
574.853820801	40.000289917
575.146179199	57.4035797119
575.438598633	50.1473846436
575.731018066	74.5518341064
576.023376465	65.8237838745
576.315795898	77.6745223999
576.608215332	64.0936203003
576.90057373	51.9246444702
577.192993164	20.9946212769
577.485351563	30.1513309479
577.777770996	55.1002120972
578.07019043	43.7756614685
578.362548828	54.6672325134
578.654968262	63.0257835388
578.947387695	60.7759361267
579.239746094	47.8418273926
579.532165527	48.091003418
579.824584961	68.4568786621
580.116943359	65.524230957
580.409362793	76.8197937012
580.701782227	142.888305664
580.994140625	423.410247803
581.286560059	39.7233924866
581.578918457	25.6091060638
581.871337891	69.9032058716
582.163757324	95.488319397
582.456115723	104.553718567
582.748535156	84.357093811
583.04095459	62.2093009949
583.333312988	74.7468719482
583.625732422	80.3993682861
583.918151855	63.8360404968
584.210510254	57.3594512939
584.502929688	64.7160491943
584.795349121	78.3455963135
585.08770752	91.1697845459
585.380126953	83.4311676025
585.672485352	94.8535079956
585.964904785	114.092430115
586.257324219	109.166801453
586.549682617	114.857200623
586.842102051	61.8158493042
587.134521484	76.7808456421
587.426879883	104.08745575
587.719299316	107.901573181
588.01171875	143.330932617
588.304077148	115.853851318
588.596496582	101.826171875
588.888916016	148.412261963
589.181274414	182.267700195
589.473693848	144.549102783
589.766052246	109.244873047
590.05847168	113.917388916
590.350891113	96.7041625977
590.643249512	85.1841201782
590.935668945	104.879585266
591.228088379	80.0843276978
591.520446777	79.4944534302
591.812866211	178.583969116
592.105285645	131.937149048
592.397644043	131.369735718
592.690063477	153.889419556
592.98248291	114.03653717
593.274841309	150.49647522
593.567260742	166.057174683
593.859619141	172.509780884
594.152038574	140.479171753
594.444458008	163.604812622
594.736816406	173.820114136
595.02923584	148.580032349
595.321655273	149.551864624
595.614013672	139.712966919
595.906433105	121.283927917
596.198852539	146.247940063
596.491210938	161.493530273
596.783630371	165.645050049
597.076049805	169.643737793
597.368408203	163.185211182
597.660827637	164.650695801
597.953186035	163.460723877
598.245605469	126.677185059
598.538024902	132.341400146
598.830383301	162.157775879
599.122802734	188.811248779
599.415222168	183.496459961
599.707580566	180.597015381
600	145.815917969
600.292419434	163.203765869
600.584777832	193.967895508
600.877197266	167.678985596
601.169616699	170.705993652
601.461975098	197.002365112
601.754394531	217.176834106
602.046813965	174.183822632
602.339172363	148.209182739
602.631591797	189.748886108
602.923950195	187.427078247
603.216369629	239.54246521
603.508789063	181.96156311
603.801147461	194.38633728
604.093566895	183.372817993
604.385986328	188.007736206
604.678344727	200.709854126
604.97076416	205.785690308
605.263183594	193.180374146
605.555541992	191.95475769
605.847961426	209.182937622
606.140380859	242.147445679
606.432739258	241.319793701
606.725158691	208.979614258
607.01751709	216.491790771
607.309936523	190.788818359
607.602355957	178.42276001
607.894714355	215.456420898
608.187133789	233.819366455
608.479553223	252.117370605
608.771911621	261.023101807
609.064331055	259.085266113
609.356750488	264.083465576
609.649108887	283.450134277
609.94152832	272.414642334
610.233947754	274.721923828
610.526306152	287.701873779
610.818725586	272.51550293
611.111083984	275.23324585
611.403503418	284.676757813
611.695922852	275.4972229
611.98828125	277.065063477
612.280700684	297.804473877
612.573120117	297.592712402
612.865478516	283.86026001
613.157897949	305.726623535
613.450317383	305.070037842
613.742675781	287.736053467
614.035095215	286.136108398
614.327514648	323.23147583
614.619873047	377.870605469
614.91229248	330.975738525
615.204650879	353.723754883
615.497070313	326.229766846
615.789489746	300.352966309
616.081848145	362.723052979
616.374267578	385.366760254
616.666687012	385.857635498
616.95904541	375.09588623
617.251464844	383.260101318
617.543884277	394.40234375
617.836242676	381.29586792
618.128662109	380.576782227
618.421081543	395.315704346
618.713439941	408.342529297
619.005859375	444.158111572
619.298217773	397.810424805
619.590637207	412.933135986
619.883056641	488.487976074
620.175415039	455.773590088
620.467834473	444.401184082
620.760253906	498.989715576
621.052612305	478.810974121
621.345031738	501.618743896
621.637451172	505.950439453
621.92980957	537.600830078
622.222229004	575.005737305
622.514648438	531.29888916
622.807006836	563.125976563
623.09942627	597.968933105
623.391784668	610.841918945
623.684204102	614.370910645
623.976623535	624.469177246
624.268981934	660.24407959
624.561401367	665.260314941
624.853820801	653.172119141
625.146179199	671.263366699
625.438598633	681.449584961
625.731018066	740.628417969
626.023376465	714.156738281
626.315795898	726.863891602
626.608215332	735.687805176
626.90057373	779.893310547
627.192993164	788.615661621
627.485351563	776.231811523
627.777770996	792.642150879
628.07019043	781.374267578
628.362548828	815.49041748
628.654968262	846.073608398
628.947387695	854.984863281
629.239746094	866.732421875
629.532165527	864.137817383
629.824584961	864.284484863
630.116943359	892.557373047
630.409362793	912.497009277
630.701782227	914.323303223
630.994140625	932.516174316
631.286560059	942.918640137
631.578918457	936.862487793
631.871337891	939.784484863
632.163757324	963.689941406
632.456115723	976.769470215
632.748535156	951.110473633
633.04095459	972.941650391
633.333312988	1022.87768555
633.625732422	1010.87780762
633.918151855	992.07232666
634.210510254	1030.46728516
634.502929688	1030.93029785
634.795349121	1018.97247314
635.08770752	1022.76885986
635.380126953	1018.12542725
635.672485352	1000.54388428
635.964904785	1033.11730957
636.257324219	1058.06860352
636.549682617	1050.34545898
636.842102051	1064.46569824
637.134521484	1062.11816406
637.426879883	1030.70849609
637.719299316	1021.93328857
638.01171875	1040.62487793
638.304077148	1067.96411133
638.596496582	1072.75341797
638.888916016	1086.01623535
639.181274414	1024.53527832
639.473693848	1082.77758789
639.766052246	1107.86499023
640.05847168	1056.80847168
640.350891113	1086.78710938
640.643249512	1087.37353516
640.935668945	1067.17736816
641.228088379	1065.57592773
641.520446777	1048.23852539
641.812866211	1070.85974121
642.105285645	1069.7154541
642.397644043	1070.33984375
642.690063477	1065.95043945
642.98248291	1048.19763184
643.274841309	1055.65905762
643.567260742	1073.75683594
643.859619141	1060.64404297
644.152038574	1038.37365723
644.444458008	1037.1394043
644.736816406	993.086181641
645.02923584	1046.94372559
645.321655273	1008.75152588
645.614013672	985.706054688
645.906433105	1048.35266113
646.198852539	1018.86553955
646.491210938	1005.69122314
646.783630371	1000.29681396
647.076049805	1053.20031738
647.368408203	1043.18713379
647.660827637	965.843505859
647.953186035	988.598876953
648.245605469	961.951538086
648.538024902	957.991760254
648.830383301	969.864257813
649.122802734	966.241394043
649.415222168	976.894836426
649.707580566	951.20489502
650	915.370056152
650.292419434	932.396606445
650.584777832	942.244689941
650.877197266	930.456787109
651.169616699	946.60144043
651.461975098	970.622436523
651.754394531	895.735839844
652.046813965	891.062194824
652.339172363	877.95324707
652.631591797	906.403625488
652.923950195	943.290771484
653.216369629	939.41986084
653.508789063	935.179748535
653.801147461	912.232971191
654.093566895	891.920593262
654.385986328	872.557495117
654.678344727	878.583312988
654.97076416	910.599121094
655.263183594	867.360961914
655.555541992	844.869262695
655.847961426	870.338134766
656.140380859	859.890075684
656.432739258	851.24597168
656.725158691	848.97857666
657.01751709	838.457580566
657.309936523	855.378601074
657.602355957	857.246948242
657.894714355	833.623352051
658.187133789	841.766113281
658.479553223	819.563110352
658.771911621	827.654418945
659.064331055	846.350830078
659.356750488	865.000427246
659.649108887	876.711791992
659.94152832	849.308654785
660.233947754	881.808776855
660.526306152	846.436218262
660.818725586	823.893371582
661.111083984	874.651672363
661.403503418	846.774841309
661.695922852	837.414672852
661.98828125	870.76373291
662.280700684	836.265869141
662.573120117	830.959350586
662.865478516	856.571166992
663.157897949	872.732421875
663.450317383	869.82244873
663.742675781	888.198852539
664.035095215	885.520324707
664.327514648	858.961853027
664.619873047	878.535583496
664.91229248	906.922424316
665.204650879	894.479553223
665.497070313	898.844909668
665.789489746	928.253295898
666.081848145	928.606262207
666.374267578	949.202148438
666.666687012	932.676940918
666.95904541	971.032836914
667.251464844	1011.08575439
667.543884277	980.332946777
667.836242676	994.691833496
668.128662109	971.684143066
668.421081543	988.996826172
668.713439941	1002.52264404
669.005859375	995.881225586
669.298217773	1034.10534668
669.590637207	1056.72070313
669.883056641	1042.23937988
670.175415039	1062.86877441
670.467834473	1064.61108398
670.760253906	1091.65710449
671.052612305	1089.68884277
671.345031738	1112.87451172
671.637451172	1146.93139648
671.92980957	1149.12902832
672.222229004	1195.16149902
672.514648438	1219.18505859
672.807006836	1214.10742188
673.09942627	1227.39367676
673.391784668	1256.39025879
673.684204102	1286.9675293
673.976623535	1311.80456543
674.268981934	1344.82165527
674.561401367	1334.47314453
674.853820801	1353.6842041
675.146179199	1424.70715332
675.438598633	1438.68676758
675.731018066	1463.11279297
676.023376465	1470.97363281
676.315795898	1509.74035645
676.608215332	1514.64672852
676.90057373	1540.85913086
677.192993164	1599.17175293
677.485351563	1619.46325684
677.777770996	1651.35009766
678.07019043	1694.92150879
678.362548828	1706.35852051
678.654968262	1739.76586914
678.947387695	1767.66064453
679.239746094	1819.8572998
679.532165527	1857.61437988
679.824584961	1881.52661133
680.116943359	1902.53979492
680.409362793	1937.9041748
680.701782227	1965.25195313
680.994140625	1998.32177734
681.286560059	2038.27111816
681.578918457	2054.1484375
681.871337891	2114.65258789
682.163757324	2145.58740234
682.456115723	2166.2109375
682.748535156	2180.76171875
683.04095459	2222.63500977
683.333312988	2262.59350586
683.625732422	2236.04858398
683.918151855	2289.453125
684.210510254	2295.04052734
684.502929688	2346.12744141
684.795349121	2344.77124023
685.08770752	2397.2121582
685.380126953	2386.93505859
685.672485352	2383.71191406
685.964904785	2395.60546875
686.257324219	2411.47875977
686.549682617	2407.95581055
686.842102051	2436.12475586
687.134521484	2458.14257813
687.426879883	2461.62255859
687.719299316	2478.82275391
688.01171875	2489.9831543
688.304077148	2464.95043945
688.596496582	2428.07666016
688.888916016	2397.01025391
689.181274414	2420.38671875
689.473693848	2401.30493164
689.766052246	2386.70483398
690.05847168	2396.06811523
690.350891113	2365.41503906
690.643249512	2314.65185547
690.935668945	2305.59619141
691.228088379	2306.88061523
691.520446777	2259.51977539
691.812866211	2205.33422852
692.105285645	2217.69287109
692.397644043	2218.13867188
692.690063477	2170.77954102
692.98248291	2118.36450195
693.274841309	2094.14038086
693.567260742	2062.16699219
693.859619141	2015.04919434
694.152038574	1977.71240234
694.444458008	1946.72729492
694.736816406	1918.02062988
695.02923584	1909.84509277
695.321655273	1864.28173828
695.614013672	1839.57910156
695.906433105	1767.4552002
696.198852539	1765.03540039
696.491210938	1718.7800293
696.783630371	1688.2947998
697.076049805	1662.70031738
697.368408203	1619.38818359
697.660827637	1587.76733398
697.953186035	1521.20715332
698.245605469	1505.48962402
698.538024902	1474.71240234
698.830383301	1438.71679688
699.122802734	1407.21008301
699.415222168	1396.55102539
699.707580566	1389.37963867
700	1349.54870605
700.292419434	1309.90429688
700.584777832	1261.85791016
700.877197266	1243.52893066
701.169616699	1221.94128418
701.461975098	1202.85375977
701.754394531	1172.76513672
702.046813965	1130.64709473
702.339172363	1137.0020752
702.631591797	1120.5871582
702.923950195	1104.94604492
703.216369629	1074.10437012
703.508789063	1040.91894531
703.801147461	1034.88232422
704.093566895	1028.45471191
704.385986328	1002.14923096
704.678344727	967.575500488
704.97076416	967.490661621
705.263183594	937.439086914
705.555541992	956.801818848
705.847961426	929.423095703
706.140380859	892.015014648
706.432739258	870.462768555
706.725158691	876.529296875
707.01751709	873.042480469
707.309936523	880.380493164
707.602355957	879.355285645
707.894714355	830.268798828
708.187133789	802.091247559
708.479553223	819.080627441
708.771911621	833.011779785
709.064331055	805.77557373
709.356750488	789.248413086
709.649108887	767.377746582
709.94152832	757.158203125
710.233947754	748.232543945
710.526306152	780.392211914
710.818725586	795.414794922
711.111083984	763.982666016
711.403503418	745.963256836
711.695922852	744.177307129
711.98828125	717.784179688
712.280700684	745.297058105
712.573120117	699.419250488
712.865478516	676.619934082
713.157897949	689.36517334
713.450317383	689.352661133
713.742675781	665.451721191
714.035095215	669.945068359
714.327514648	673.11315918
714.619873047	655.189819336
714.91229248	652.719299316
715.204650879	673.256835938
715.497070313	667.523620605
715.789489746	636.942687988
716.081848145	626.632629395
716.374267578	638.344665527
716.666687012	604.210083008
716.95904541	624.546447754
717.251464844	632.100341797
717.543884277	665.268432617
717.836242676	678.170288086
718.128662109	622.120605469
718.421081543	633.427429199
718.713439941	616.561645508
719.005859375	641.566711426
719.298217773	604.711669922
719.590637207	583.760681152
719.883056641	593.089904785
720.175415039	574.626525879
720.467834473	574.587585449
720.760253906	591.082885742
721.052612305	571.068664551
721.345031738	526.829589844
721.637451172	512.227172852
721.92980957	521.811645508
722.222229004	542.267822266
722.514648438	559.902770996
722.807006836	561.115112305
723.09942627	547.785217285
723.391784668	507.605987549
723.684204102	545.663757324
723.976623535	536.699035645
724.268981934	525.757141113
724.561401367	494.462371826
724.853820801	565.246704102
725.146179199	529.060668945
725.438598633	478.581298828
725.731018066	511.654693604
726.023376465	511.475463867
726.315795898	501.179718018
726.608215332	488.985534668
726.90057373	484.757476807
727.192993164	454.750793457
727.485351563	492.482696533
727.777770996	478.317810059
728.07019043	436.123626709
728.362548828	461.286193848
728.654968262	471.250213623
728.947387695	454.463287354
729.239746094	428.873901367
729.532165527	404.191436768
729.824584961	393.70916748
730.116943359	391.868804932
730.409362793	399.690246582
730.701782227	404.830047607
730.994140625	394.078552246
731.286560059	401.510345459
731.578918457	434.480529785
731.871337891	438.171112061
732.163757324	393.110717773
732.456115723	402.472503662
732.748535156	438.487304688
733.04095459	382.584136963
733.333312988	377.520141602
733.625732422	380.387481689
733.918151855	377.49017334
734.210510254	412.264068604
734.502929688	372.452697754
734.795349121	385.645233154
735.08770752	358.608581543
735.380126953	332.030609131
735.672485352	366.035949707
735.964904785	337.454071045
736.257324219	316.349731445
736.549682617	320.065032959
736.842102051	329.803466797
737.134521484	357.98135376
737.426879883	330.317749023
737.719299316	269.630889893
738.01171875	266.390319824
738.304077148	307.203277588
738.596496582	322.415374756
738.888916016	298.015136719
739.181274414	296.79586792
739.473693848	273.432739258
739.766052246	236.0884552
740.05847168	242.118392944
740.350891113	282.049713135
740.643249512	307.331420898
740.935668945	269.394073486
741.228088379	245.899108887
741.520446777	245.557281494
741.812866211	251.996398926
742.105285645	223.455047607
742.397644043	247.065368652
742.690063477	249.029388428
742.98248291	222.768310547
743.274841309	243.732147217
743.567260742	261.414916992
743.859619141	242.404632568
744.152038574	222.313476563
744.444458008	219.777984619
744.736816406	225.054321289
745.02923584	216.675079346
745.321655273	201.078063965
745.614013672	198.663497925
745.906433105	197.336013794
746.198852539	190.729232788
746.491210938	204.639358521
746.783630371	205.442245483
747.076049805	180.917007446
747.368408203	176.934555054
747.660827637	178.823867798
747.953186035	191.110458374
748.245605469	185.702407837
748.538024902	211.066329956
748.830383301	182.814346313
749.122802734	193.461471558
749.415222168	160.454299927
749.707580566	145.038253784
750	173.58821106
750.292419434	190.915023804
750.584777832	164.938934326
750.877197266	173.169067383
751.169616699	161.753692627
751.461975098	169.955322266
751.754394531	233.466217041
752.046813965	165.800842285
752.339172363	172.140167236
752.631591797	184.854187012
752.923950195	189.416656494
753.216369629	160.195129395
753.508789063	152.27243042
753.801147461	177.174255371
754.093566895	184.541595459
754.385986328	187.356201172
754.678344727	145.644744873
754.97076416	134.098999023
755.263183594	134.022491455
755.555541992	126.210456848
755.847961426	147.206222534
756.140380859	173.606277466
756.432739258	164.774215698
756.725158691	110.827590942
757.01751709	132.334396362
757.309936523	121.108963013
757.602355957	132.380111694
757.894714355	140.067581177
758.187133789	147.794296265
758.479553223	121.964370728
758.771911621	100.846176147
759.064331055	130.637832642
759.356750488	72.7815475464
759.649108887	148.898208618
759.94152832	112.147392273
760.233947754	67.8560409546
760.526306152	146.04888916
760.818725586	133.086639404
761.111083984	108.618339539
761.403503418	97.0760192871
761.695922852	140.925292969
761.98828125	119.297821045
762.280700684	118.821411133
762.573120117	118.289825439
762.865478516	117.981689453
763.157897949	134.538970947
763.450317383	135.827697754
763.742675781	127.568397522
764.035095215	98.3541946411
764.327514648	44.3167457581
764.619873047	37.7444534302
764.91229248	56.0488052368
765.204650879	68.2567825317
765.497070313	97.1075210571
765.789489746	104.188240051
766.081848145	102.533920288
766.374267578	113.754776001
766.666687012	92.4004364014
766.95904541	83.6670074463
767.251464844	84.2164764404
767.543884277	96.0965118408
767.836242676	95.6570281982
768.128662109	86.0761260986
768.421081543	78.8824310303
768.713439941	74.1221542358
769.005859375	93.87865448
769.298217773	103.568077087
769.590637207	70.8729171753
769.883056641	91.1108627319
770.175415039	46.7763595581
770.467834473	49.3141136169
770.760253906	46.2429771423
771.052612305	67.964630127
771.345031738	61.0585289001
771.637451172	19.5010662079
771.92980957	82.2163696289
772.222229004	65.2966003418
772.514648438	69.6346435547
772.807006836	78.0379333496
773.09942627	96.8715820313
773.391784668	57.8080787659
773.684204102	58.8638954163
773.976623535	57.6682472229
774.268981934	68.5329666138
774.561401367	63.4798965454
774.853820801	43.8633499146
775.146179199	40.6147880554
775.438598633	26.0880851746
775.731018066	33.6629447937
776.023376465	44.9778556824
776.315795898	38.1908988953
776.608215332	58.6471099854
776.90057373	43.4771575928
777.192993164	19.2072906494
777.485351563	30.8185901642
777.777770996	31.3363208771
778.07019043	48.8516120911
778.362548828	58.7749214172
778.654968262	58.7726325989
778.947387695	82.0403671265
779.239746094	61.5627975464
779.532165527	24.812461853
779.824584961	11.3365411758
780.116943359	24.8599491119
780.409362793	33.4987754822
780.701782227	19.0116233826
780.994140625	73.3890380859
781.286560059	19.4438762665
781.578918457	31.025390625
781.871337891	20.2217254639
782.163757324	101.173919678
782.456115723	47.9872436523
782.748535156	55.19871521
783.04095459	20.2715167999
783.333312988	28.6248779297
783.625732422	18.6361541748
783.918151855	-0.284697085619
784.210510254	32.0154418945
784.502929688	-12.8741598129
784.795349121	-25.1392498016
785.08770752	1.98071289063
785.380126953	-12.7956075668
785.672485352	-17.2352142334
785.964904785	-8.53350830078
786.257324219	-2.24244618416
786.549682617	8.42341518402
786.842102051	5.74963378906
787.134521484	4.26286363602
787.426879883	2.19483876228
787.719299316	-6.25482177734
788.01171875	-24.0579986572
788.304077148	-22.4619598389
788.596496582	11.814453125
788.888916016	-3.02192616463
789.181274414	18.793838501
789.473693848	26.1698608398
789.766052246	7.28982400894
790.05847168	10.0379171371
790.350891113	-1.51867675781
790.643249512	-4.05789327621
790.935668945	22.4265289307
791.228088379	30.9431762695
791.520446777	33.9259338379
791.812866211	0.517287433147
792.105285645	2.78833007813
792.397644043	-4.56387472153
792.690063477	-12.3587503433
792.98248291	8.25653076172
793.274841309	36.4629211426
793.567260742	15.4590597153
793.859619141	27.088300705
794.152038574	24.0483074188
794.444458008	4.14405727386
794.736816406	-8.81166267395
795.02923584	-13.7969684601
795.321655273	4.68940639496
795.614013672	-44.4098701477
795.906433105	-9.11197090149
796.198852539	0.844130694866
796.491210938	-29.8742847443
796.783630371	-15.4435749054
797.076049805	22.0886993408
797.368408203	13.2960643768
797.660827637	-7.42556905746
797.953186035	-26.4555091858
798.245605469	20.5425853729
798.538024902	13.0543498993
798.830383301	3.81445026398
799.122802734	2.2920358181
799.415222168	10.7676677704
799.707580566	10.4906587601
800	-3.97609162331
800.292419434	17.9927043915
800.584777832	19.9442100525
800.877197266	-14.6358203888
801.169616699	-5.25491476059
801.461975098	33.8391685486
801.754394531	41.479839325
802.046813965	23.3470745087
802.339172363	3.77026081085
802.631591797	10.8103466034
802.923950195	5.8390007019
803.216369629	-6.55646038055
803.508789063	28.1623363495
803.801147461	33.163646698
804.093566895	19.9556846619
804.385986328	43.0485038757
804.678344727	28.0859489441
804.97076416	27.7070884705
805.263183594	32.9717826843
805.555541992	45.6098136902
805.847961426	30.5141563416
806.140380859	21.9380321503
806.432739258	23.8407096863
806.725158691	6.62688922882
807.01751709	10.4114027023
807.309936523	59.8391838074
807.602355957	23.4417686462
807.894714355	55.6149559021
808.187133789	42.922618866
808.479553223	-1.2960845232
808.771911621	-3.71078920364
809.064331055	33.4357414246
809.356750488	5.9221162796
809.649108887	43.3218650818
809.94152832	49.1256217957
810.233947754	6.5035982132
810.526306152	28.6250267029
810.818725586	27.7481193542
811.111083984	51.5843925476
811.403503418	49.131313324
811.695922852	48.5903434753
811.98828125	31.2957553864
812.280700684	44.1180686951
812.573120117	70.8759307861
812.865478516	53.4866142273
813.157897949	43.7015037537
813.450317383	62.2611198425
813.742675781	62.2682914734
814.035095215	35.1316184998
814.327514648	38.3396720886
814.619873047	68.6730117798
814.91229248	72.2043075562
815.204650879	60.582572937
815.497070313	39.2554740906
815.789489746	28.8023948669
816.081848145	36.9218673706
816.374267578	49.1094169617
816.666687012	71.0264511108
816.95904541	33.9662399292
817.251464844	17.0727329254
817.543884277	71.5151596069
817.836242676	70.2010421753
818.128662109	60.8885917664
818.421081543	20.8749656677
818.713439941	30.1184635162
819.005859375	37.9544487
819.298217773	44.6969680786
819.590637207	55.2526779175
819.883056641	25.2917881012
820.175415039	28.1231784821
820.467834473	43.5177536011
820.760253906	63.7912406921
821.052612305	54.2407913208
821.345031738	28.300409317
821.637451172	18.9401035309
821.92980957	25.1543064117
822.222229004	56.4404830933
822.514648438	85.0528335571
822.807006836	29.9965305328
823.09942627	44.5873947144
823.391784668	93.4373397827
823.684204102	50.7215652466
823.976623535	38.5712203979
824.268981934	9.70241546631
824.561401367	60.1467971802
824.853820801	62.5980148315
825.146179199	69.3376083374
825.438598633	67.2614822388
825.731018066	72.2732467651
826.023376465	70.4317855835
826.315795898	36.3732376099
826.608215332	32.7980880737
826.90057373	40.2085800171
827.192993164	56.2887039185
827.485351563	98.0409927368
827.777770996	53.9795150757
828.07019043	60.3223342896
828.362548828	51.9447402954
828.654968262	61.4965438843
828.947387695	71.1811599731
829.239746094	51.3084487915
829.532165527	33.8768539429
829.824584961	36.9667434692
830.116943359	54.8635635376
830.409362793	65.230796814
830.701782227	58.5589675903
830.994140625	55.5495376587
831.286560059	49.1335678101
831.578918457	51.7208175659
831.871337891	66.4513320923
832.163757324	56.4875106812
832.456115723	24.3911647797
832.748535156	37.2496109009
833.04095459	60.5738754272
833.333312988	49.8056564331
833.625732422	37.912147522
833.918151855	57.8272323608
834.210510254	66.3842086792
834.502929688	46.0375747681
834.795349121	24.7632064819
835.08770752	8.49303340912
835.380126953	47.1356582642
835.672485352	72.04712677
835.964904785	48.5295944214
836.257324219	41.1771011353
836.549682617	25.1539974213
836.842102051	62.0964279175
837.134521484	70.8747940063
837.426879883	88.9952468872
837.719299316	102.462089539
838.01171875	41.4347915649
838.304077148	24.218328476
838.596496582	64.4840011597
838.888916016	34.7662734985
839.181274414	38.7470779419
839.473693848	54.4199752808
839.766052246	53.8910102844
840.05847168	66.2426223755
840.350891113	53.8178634644
840.643249512	36.126789093
840.935668945	61.5907058716
841.228088379	49.0946578979
841.520446777	49.7043647766
841.812866211	58.3645706177
842.105285645	15.4769201279
842.397644043	27.6432704926
842.690063477	37.8357009888
842.98248291	20.8591823578
843.274841309	27.0870571136
843.567260742	12.6564388275
843.859619141	67.5122451782
844.152038574	29.1929531097
844.444458008	49.416633606
844.736816406	44.3388404846
845.02923584	29.1787319183
845.321655273	66.7051467896
845.614013672	69.7845840454
845.906433105	-5.45463037491
846.198852539	46.6069412231
846.491210938	32.7576637268
846.783630371	26.0506801605
847.076049805	42.8554153442
847.368408203	19.4817237854
847.660827637	38.4593086243
847.953186035	79.6901092529
848.245605469	27.305393219
848.538024902	-9.88694286346
848.830383301	10.3487434387
849.122802734	37.1368751526
849.415222168	48.582233429
849.707580566	27.4653816223
850	79.6070327759
850.292419434	51.0719184875
850.584777832	24.8564338684
850.877197266	27.8994483948
851.169616699	32.4561347961
851.461975098	51.496509552
851.754394531	29.7797584534
852.046813965	29.9360561371
852.339172363	-3.05677437782
852.631591797	40.3133888245
852.923950195	9.87817668915
853.216369629	-13.4499015808
853.508789063	32.9065895081
853.801147461	30.6129798889
854.093566895	37.9470100403
854.385986328	24.1267433167
854.678344727	-2.16882038116
854.97076416	9.16814041138
855.263183594	41.8683815002
855.555541992	51.8794593811
855.847961426	43.3619270325
856.140380859	14.562169075
856.432739258	-13.927731514
856.725158691	13.7920417786
857.01751709	11.4163990021
857.309936523	23.9926185608
857.602355957	12.2866096497
857.894714355	32.1941719055
858.187133789	12.3065214157
858.479553223	-21.9405021667
858.771911621	-6.5231757164
859.064331055	14.5891752243
859.356750488	-2.96155953407
859.649108887	2.54268097878
859.94152832	15.7595243454
860.233947754	13.2458992004
860.526306152	2.10170197487
860.818725586	16.7374916077
861.111083984	44.8628234863
861.403503418	3.53962922096
861.695922852	-30.3597373962
861.98828125	-28.8437786102
862.280700684	-11.3066234589
862.573120117	27.1953773499
862.865478516	18.2103595734
863.157897949	-13.2593212128
863.450317383	6.22803020477
863.742675781	24.176607132
864.035095215	17.5877857208
864.327514648	7.47552776337
864.619873047	7.12136983871
864.91229248	16.5305957794
865.204650879	23.9869842529
865.497070313	30.2585163116
865.789489746	14.953874588
866.081848145	27.737411499
866.374267578	16.7540607452
866.666687012	-9.25565910339
866.95904541	31.8843231201
867.251464844	17.7974567413
867.543884277	6.2535572052
867.836242676	11.4618997574
868.128662109	13.2783527374
868.421081543	25.4737110138
868.713439941	-11.837477684
869.005859375	5.73581075668
869.298217773	3.46563720703
869.590637207	14.4578714371
869.883056641	30.1600666046
870.175415039	6.26586914063
870.467834473	23.5559539795
870.760253906	19.5921344757
871.052612305	-7.33428955078
871.345031738	11.4196634293
871.637451172	-19.3664226532
871.92980957	-9.20983886719
872.222229004	23.7726287842
872.514648438	25.0412311554
872.807006836	30.6157836914
873.09942627	32.6968841553
873.391784668	16.6923370361
873.684204102	36.7392578125
873.976623535	39.4577407837
874.268981934	19.9112281799
874.561401367	27.6873283386
874.853820801	19.8872566223
875.146179199	12.5536346436
875.438598633	-0.143897980452
875.731018066	-6.98010253906
876.023376465	14.3522911072
876.315795898	31.9848365784
876.608215332	9.43085861206
876.90057373	15.9048538208
877.192993164	13.256149292
877.485351563	2.22916841507
877.777770996	14.4515571594
878.07019043	39.0382041931
878.362548828	54.7465744019
878.654968262	37.088104248
878.947387695	57.0976028442
879.239746094	47.8421058655
879.532165527	76.1572723389
879.824584961	60.6071968079
880.116943359	27.5167388916
880.409362793	17.7342453003
880.701782227	0.530853390694
880.994140625	6.83785676956
881.286560059	-0.998347938061
881.578918457	-4.17767286301
881.871337891	7.99491167068
882.163757324	25.701675415
882.456115723	48.1414909363
882.748535156	49.722278595
883.04095459	18.1731834412
883.333312988	52.8034286499
883.625732422	5.73382616043
883.918151855	52.7140274048
884.210510254	44.6743507385
884.502929688	10.2531862259
884.795349121	20.0751838684
885.08770752	13.0950784683
885.380126953	12.1534051895
885.672485352	35.0141181946
885.964904785	46.1408042908
886.257324219	67.3133926392
886.549682617	66.2219543457
886.842102051	33.7500076294
887.134521484	62.6227874756
887.426879883	27.3506889343
887.719299316	32.8719062805
888.01171875	41.2085533142
888.304077148	93.8046188354
888.596496582	100.757476807
888.888916016	102.725959778
889.181274414	79.3239822388
889.473693848	75.47996521
889.766052246	72.213722229
890.05847168	71.8999786377
890.350891113	74.3235397339
890.643249512	71.9391403198
890.935668945	72.3793029785
891.228088379	110.057746887
891.520446777	97.2739257813
891.812866211	78.3693618774
892.105285645	90.4677276611
892.397644043	100.718093872
892.690063477	91.9883346558
892.98248291	94.009552002
893.274841309	133.046051025
893.567260742	122.47644043
893.859619141	112.873291016
894.152038574	109.189430237
894.444458008	91.0885772705
894.736816406	115.967842102
895.02923584	127.880661011
895.321655273	100.311058044
895.614013672	107.33290863
895.906433105	122.817993164
896.198852539	141.508148193
896.491210938	130.201873779
896.783630371	151.74458313
897.076049805	188.745285034
897.368408203	159.62260437
897.660827637	151.186782837
897.953186035	143.944961548
898.245605469	172.343139648
898.538024902	136.921966553
898.830383301	164.659637451
899.122802734	168.596862793
899.415222168	163.415939331
899.707580566	187.464157104
900	143.180679321
900.292419434	189.092529297
900.584777832	206.273544312
900.877197266	206.5184021
901.169616699	210.155822754
901.461975098	211.247009277
901.754394531	201.948898315
902.046813965	221.854873657
902.339172363	238.168716431
902.631591797	254.739730835
902.923950195	278.180541992
903.216369629	257.870697021
903.508789063	256.305969238
903.801147461	261.080749512
904.093566895	267.597076416
904.385986328	252.364395142
904.678344727	266.154785156
904.97076416	316.717041016
905.263183594	351.23727417
905.555541992	357.498382568
905.847961426	329.75592041
906.140380859	321.289825439
906.432739258	307.220855713
906.725158691	362.939331055
907.01751709	383.955322266
907.309936523	381.064422607
907.602355957	353.885467529
907.894714355	375.212982178
908.187133789	373.412902832
908.479553223	400.370635986
908.771911621	415.136627197
909.064331055	439.176391602
909.356750488	440.020843506
909.649108887	452.246795654
909.94152832	461.485809326
910.233947754	467.212097168
910.526306152	470.978088379
910.818725586	493.334259033
911.111083984	528.728149414
911.403503418	536.530639648
911.695922852	524.372192383
911.98828125	534.025878906
912.280700684	561.874206543
912.573120117	578.429626465
912.865478516	580.850891113
913.157897949	604.56640625
913.450317383	629.376708984
913.742675781	623.141723633
914.035095215	631.879760742
914.327514648	667.347229004
914.619873047	676.85345459
914.91229248	672.999694824
915.204650879	691.276428223
915.497070313	716.537841797
915.789489746	729.455566406
916.081848145	752.400268555
916.374267578	764.869750977
916.666687012	761.804992676
916.95904541	779.247741699
917.251464844	799.660583496
917.543884277	803.84777832
917.836242676	845.937988281
918.128662109	862.262939453
918.421081543	869.576171875
918.713439941	878.757141113
919.005859375	904.683654785
919.298217773	933.776794434
919.590637207	965.643737793
919.883056641	964.86315918
920.175415039	977.602783203
920.467834473	1043.70703125
920.760253906	1058.0612793
921.052612305	1071.04309082
921.345031738	1104.37487793
921.637451172	1103.37548828
921.92980957	1130.19421387
922.222229004	1165.14123535
922.514648438	1192.88220215
922.807006836	1228.47924805
923.09942627	1257.15673828
923.391784668	1257.29772949
923.684204102	1276.72900391
923.976623535	1339.35473633
924.268981934	1350.04455566
924.561401367	1374.96130371
924.853820801	1392.65246582
925.146179199	1435.99658203
925.438598633	1432.22973633
925.731018066	1484.16687012
926.023376465	1506.2824707
926.315795898	1556.61328125
926.608215332	1571.41381836
926.90057373	1644.6739502
927.192993164	1671.29772949
927.485351563	1682.68481445
927.777770996	1696.89941406
928.07019043	1715.2857666
928.362548828	1752.56835938
928.654968262	1796.2253418
928.947387695	1797.77880859
929.239746094	1844.0838623
929.532165527	1878.74963379
929.824584961	1918.10290527
930.116943359	1958.04858398
930.409362793	1976.5423584
930.701782227	2021.71887207
930.994140625	1996.08251953
931.286560059	2072.13500977
931.578918457	2108.64404297
931.871337891	2138.78637695
932.163757324	2189.75488281
932.456115723	2210.17919922
932.748535156	2258.67504883
933.04095459	2286.98828125
933.333312988	2288.6418457
933.625732422	2367.77832031
933.918151855	2405.77612305
934.210510254	2444.265625
934.502929688	2456.52905273
934.795349121	2535.82666016
935.08770752	2543.31835938
935.380126953	2598.73999023
935.672485352	2582.296875
935.964904785	2656.74389648
936.257324219	2682.47314453
936.549682617	2700.60327148
936.842102051	2735.17236328
937.134521484	2789.42504883
937.426879883	2844.43920898
937.719299316	2868.36181641
938.01171875	2911.34570313
938.304077148	2945.92236328
938.596496582	2952.8605957
938.888916016	3012.01464844
939.181274414	3045.72485352
939.473693848	3108.23925781
939.766052246	3100.50048828
940.05847168	3179.15356445
940.350891113	3151.11499023
940.643249512	3235.56469727
940.935668945	3264.45410156
941.228088379	3299.22924805
941.520446777	3326.73632813
941.812866211	3367.04663086
942.105285645	3390.35693359
942.397644043	3446.25390625
942.690063477	3456.68115234
942.98248291	3487.33129883
943.274841309	3493.80541992
943.567260742	3507.10595703
943.859619141	3567.62768555
944.152038574	3580.65185547
944.444458008	3600.0480957
944.736816406	3613.65307617
945.02923584	3642.16821289
945.321655273	3668.26074219
945.614013672	3723.07177734
945.906433105	3732.05102539
946.198852539	3764.83007813
946.491210938	3787.82250977
946.783630371	3756.88183594
947.076049805	3800.21264648
947.368408203	3867.15039063
947.660827637	3852.55541992
947.953186035	3864.21899414
948.245605469	3921.93359375
948.538024902	3930.95092773
948.830383301	3941.9921875
949.122802734	3926.43139648
949.415222168	3917.89013672
949.707580566	4023.03393555
950	4012.97216797
950.292419434	3993.1730957
950.584777832	3955.22143555
950.877197266	4012.42626953
951.169616699	4019.51586914
951.461975098	4021.77294922
951.754394531	4013.7512207
952.046813965	4017.04980469
952.339172363	4065.84692383
952.631591797	4034.90234375
952.923950195	4021.51513672
953.216369629	4070.45239258
953.508789063	4047.5078125
953.801147461	4010.94360352
954.093566895	4042.11328125
954.385986328	4040.89624023
954.678344727	4052.64160156
954.97076416	4012.80249023
955.263183594	4014.48095703
955.555541992	3999.07910156
955.847961426	4087.63232422
956.140380859	4011.45141602
956.432739258	4044.18041992
956.725158691	3989.56591797
957.01751709	3969.29174805
957.309936523	3964.75830078
957.602355957	3961.36157227
957.894714355	3963.5925293
958.187133789	3966.1809082
958.479553223	3912.60449219
958.771911621	3905.71923828
959.064331055	3908.17700195
959.356750488	3859.40917969
959.649108887	3826.03344727
959.94152832	3842.22265625
960.233947754	3875.9362793
960.526306152	3824.01953125
960.818725586	3873.9050293
961.111083984	3780.41723633
961.403503418	3785.11621094
961.695922852	3791.06323242
961.98828125	3776.16894531
962.280700684	3652.99584961
962.573120117	3711.44677734
962.865478516	3675.59838867
963.157897949	3646.93212891
963.450317383	3666.06860352
963.742675781	3619.27026367
964.035095215	3552.81103516
964.327514648	3576.55297852
964.619873047	3481.72314453
964.91229248	3477.21118164
965.204650879	3454.75146484
965.497070313	3444.0090332
965.789489746	3402.56933594
966.081848145	3411.72998047
966.374267578	3345.97094727
966.666687012	3348.28027344
966.95904541	3328.58618164
967.251464844	3300.69238281
967.543884277	3278.93530273
967.836242676	3280.20214844
968.128662109	3234.73217773
968.421081543	3238.81494141
968.713439941	3160.07714844
969.005859375	3174.83959961
969.298217773	3108.68652344
969.590637207	3065.79956055
969.883056641	3023.81787109
970.175415039	3009.0612793
970.467834473	2944.74169922
970.760253906	2922.51782227
971.052612305	2936.8112793
971.345031738	2921.05517578
971.637451172	2912.17285156
971.92980957	2906.78369141
972.222229004	2833.84692383
972.514648438	2827.32617188
972.807006836	2784.06274414
973.09942627	2744.16894531
973.391784668	2698.30615234
973.684204102	2718.58496094
973.976623535	2667.5925293
974.268981934	2674.84790039
974.561401367	2628.43066406
974.853820801	2633.44604492
975.146179199	2594.31640625
975.438598633	2581.8347168
975.731018066	2544.50146484
976.023376465	2496.82006836
976.315795898	2459.03369141
976.608215332	2431.84301758
976.90057373	2374.9909668
977.192993164	2341.44580078
977.485351563	2346.47241211
977.777770996	2347.36962891
978.07019043	2296.2434082
978.362548828	2297.00439453
978.654968262	2282.78344727
978.947387695	2299.37207031
979.239746094	2235.24658203
979.532165527	2187.49633789
979.824584961	2122.61425781
980.116943359	2110.85766602
980.409362793	2083.74707031
980.701782227	2042.36694336
980.994140625	2032.95129395
981.286560059	2023.67858887
981.578918457	2014.60949707
981.871337891	1989.38952637
982.163757324	1992.17150879
982.456115723	1972.35253906
982.748535156	1928.23022461
983.04095459	1902.60009766
983.333312988	1892.78308105
983.625732422	1891.04052734
983.918151855	1886.35961914
984.210510254	1872.99377441
984.502929688	1841.55505371
984.795349121	1849.26867676
985.08770752	1807.11279297
985.380126953	1762.92993164
985.672485352	1765.52502441
985.964904785	1749.02270508
986.257324219	1727.93164063
986.549682617	1721.23278809
986.842102051	1691.77258301
987.134521484	1655.11608887
987.426879883	1662.28735352
987.719299316	1631.26660156
988.01171875	1617.77990723
988.304077148	1619.23242188
988.596496582	1615.47436523
988.888916016	1603.97314453
989.181274414	1597.96472168
989.473693848	1622.12463379
989.766052246	1578.32128906
990.05847168	1561.82299805
990.350891113	1547.25915527
990.643249512	1531.2097168
990.935668945	1529.10205078
991.228088379	1493.60668945
991.520446777	1455.90100098
991.812866211	1498.03259277
992.105285645	1488.62609863
992.397644043	1496.04052734
992.690063477	1456.22668457
992.98248291	1493.16687012
993.274841309	1471.34594727
993.567260742	1466.41015625
993.859619141	1454.51306152
994.152038574	1442.46789551
994.444458008	1446.27429199
994.736816406	1445.58813477
995.02923584	1374.03503418
995.321655273	1409.81896973
995.614013672	1368.23144531
995.906433105	1412.10229492
996.198852539	1374.63525391
996.491210938	1401.93151855
996.783630371	1409.94396973
997.076049805	1385.28735352
997.368408203	1395.38537598
997.660827637	1392.6595459
997.953186035	1387.23999023
998.245605469	1380.25830078
998.538024902	1380.59204102
998.830383301	1401.60705566
999.122802734	1394.31970215
999.415222168	1356.63183594
999.707580566	1391.08630371
1000	1351.16223145
1000.29241943	1400.78112793
1000.58477783	1369.6418457
1000.87719727	1338.8203125
1001.1696167	1310.96069336
1001.4619751	1376.13476563
1001.75439453	1368.28686523
1002.04681396	1416.02587891
1002.33917236	1403.03308105
1002.6315918	1401.83654785
1002.9239502	1380.4921875
1003.21636963	1349.30737305
1003.50878906	1400.32067871
1003.80114746	1378.16674805
1004.09356689	1378.93603516
1004.38598633	1410.14379883
1004.67834473	1443.9420166
1004.97076416	1397.1126709
1005.26318359	1372.71203613
1005.55554199	1398.06689453
1005.84796143	1442.40734863
1006.14038086	1439.38366699
1006.43273926	1438.18676758
1006.72515869	1450.54296875
1007.01751709	1471.30114746
1007.30993652	1503.51477051
1007.60235596	1500.87780762
1007.89471436	1511.54614258
1008.18713379	1527.60437012
1008.47955322	1484.3326416
1008.77191162	1510.80273438
1009.06433105	1520.12084961
1009.35675049	1501.68603516
1009.64910889	1531.17077637
1009.94152832	1558.17932129
1010.23394775	1581.62133789
1010.52630615	1620.65100098
1010.81872559	1613.90661621
1011.11108398	1602.78686523
1011.40350342	1646.16357422
1011.69592285	1623.57446289
1011.98828125	1616.66271973
1012.28070068	1662.53259277
1012.57312012	1664.9921875
1012.86547852	1700.85974121
1013.15789795	1727.64953613
1013.45031738	1764.03405762
1013.74267578	1751.71411133
1014.03509521	1774.39257813
1014.32751465	1784.80151367
1014.61987305	1772.93469238
1014.91229248	1804.81225586
1015.20465088	1800.5255127
1015.49707031	1847.09362793
1015.78948975	1928.82873535
1016.08184814	1930.57910156
1016.37426758	1941.58862305
1016.66668701	1959.75146484
1016.95904541	2006.58679199
1017.25146484	2018.97998047
1017.54388428	1997.70825195
1017.83624268	2128.83374023
1018.12866211	2102.36938477
1018.42108154	2136.9609375
1018.71343994	2168.97021484
1019.00585938	2238.4074707
1019.29821777	2224.20166016
1019.59063721	2281.98071289
1019.88305664	2276.98339844
1020.17541504	2305.94873047
1020.46783447	2390.59667969
1020.76025391	2421.71948242
1021.0526123	2394.17797852
1021.34503174	2448.65527344
1021.63745117	2492.09545898
1021.92980957	2517.04980469
1022.222229	2613.02807617
1022.51464844	2630.19873047
1022.80700684	2683.70483398
1023.09942627	2702.76318359
1023.39178467	2717.453125
1023.6842041	2798.79663086
1023.97662354	2835.31689453
1024.26904297	2869.8527832
1024.56140137	2954.46630859
1024.85375977	2986.6796875
1025.14624023	2990.2734375
1025.43859863	3062.88110352
1025.73095703	3116.58569336
1026.0234375	3158.18920898
1026.3157959	3229.80102539
1026.6081543	3313.86181641
1026.90063477	3381.31884766
1027.19299316	3382.6796875
1027.48535156	3439.0871582
1027.77783203	3549.33056641
1028.07019043	3622.94799805
1028.36254883	3675.14672852
1028.6550293	3747.80102539
1028.9473877	3796.02807617
1029.23974609	3880.88964844
1029.53210449	3991.87817383
1029.82458496	4070.19189453
1030.11694336	4139.359375
1030.40930176	4234.19238281
1030.70178223	4309.49365234
1030.99414063	4394.08154297
1031.28649902	4494.08398438
1031.57897949	4556.43945313
1031.87133789	4675.66357422
1032.16369629	4676.43164063
1032.45617676	4858.30273438
1032.74853516	4960.79248047
1033.04089355	5065.66748047
1033.33337402	5176.76757813
1033.62573242	5287.62402344
1033.91809082	5370.11669922
1034.21057129	5469.14501953
1034.50292969	5623.79101563
1034.79528809	5678.03564453
1035.08776855	5743.22998047
1035.38012695	5925.73925781
1035.67248535	6025.89746094
1035.96496582	6085.37011719
1036.25732422	6248.75830078
1036.54968262	6391.50683594
1036.84216309	6529.19726563
1037.13452148	6750.17626953
1037.42687988	6840.47363281
1037.71923828	6968.08691406
1038.01171875	7133.8046875
1038.30407715	7283.04931641
1038.59643555	7412.60058594
1038.88891602	7501.9296875
1039.18127441	7671.40283203
1039.47363281	7868.85839844
1039.76611328	8001.63476563
1040.05847168	8172.07470703
1040.35083008	8326.14941406
1040.64331055	8470.16210938
1040.93566895	8601.51171875
1041.22802734	8763.04492188
1041.52050781	8918.21289063
1041.81286621	9068.45507813
1042.10522461	9207.49804688
1042.39770508	9326.15527344
1042.69006348	9441.54296875
1042.98242188	9543.94726563
1043.27490234	9624.88378906
1043.56726074	9788.48242188
1043.85961914	9878.35742188
1044.15209961	9996.16699219
1044.44445801	10115.9541016
1044.73681641	10241.5878906
1045.02929688	10317.2705078
1045.32165527	10236.9326172
1045.61401367	10398.0800781
1045.90637207	10362.65625
1046.19885254	10379.1083984
1046.49121094	10455.8095703
1046.78356934	10453.1894531
1047.0760498	10435.0478516
1047.3684082	10380.7158203
1047.6607666	10274.7421875
1047.95324707	10250.2431641
1048.24560547	10195.6865234
1048.53796387	10121.9384766
1048.83044434	9963.68457031
1049.12280273	9890.55957031
1049.41516113	9792.27050781
1049.7076416	9645.375
1050	9473.14941406
1050.2923584	9275.59472656
1050.58483887	9118.03125
1050.87719727	8953.03613281
1051.16955566	8786.83886719
1051.46203613	8578.92578125
1051.75439453	8369.99414063
1052.04675293	8208.45605469
1052.3392334	8018.30078125
1052.6315918	7826.84179688
1052.9239502	7605.93603516
1053.21643066	7349.40576172
1053.50878906	7184.09765625
1053.80114746	6947.80908203
1054.09362793	6696.14208984
1054.38598633	6512.99609375
1054.67834473	6267.05664063
1054.97070313	6092.09814453
1055.26318359	5893.97119141
1055.55554199	5710.37207031
1055.84790039	5446.85986328
1056.14038086	5279.15478516
1056.43273926	5084.92382813
1056.72509766	4941.44238281
1057.01757813	4737.84326172
1057.30993652	4531.20166016
1057.60229492	4356.68066406
1057.89477539	4197.19238281
1058.18713379	4051.52880859
1058.47949219	3872.00073242
1058.77197266	3817.50390625
1059.06433105	3666.6027832
1059.35668945	3518.71850586
1059.64916992	3394.6784668
1059.94152832	3283.88012695
1060.23388672	3163.99267578
1060.52636719	3003.61279297
1060.81872559	2926.13964844
1061.11108398	2835.50805664
1061.40356445	2724.75244141
1061.69592285	2622.88452148
1061.98828125	2513.64672852
1062.28076172	2407.99243164
1062.57312012	2349.08544922
1062.86547852	2283.55175781
1063.15783691	2187.27758789
1063.45031738	2131.81298828
1063.74267578	2054.65014648
1064.03503418	1972.22180176
1064.32751465	1931.10571289
1064.61987305	1795.33166504
1064.91223145	1793.83300781
1065.20471191	1723.81848145
1065.49707031	1684.10205078
1065.78942871	1589.59558105
1066.08190918	1580.67272949
1066.37426758	1520.21118164
1066.66662598	1512.22424316
1066.95910645	1435.9440918
1067.25146484	1380.84680176
1067.54382324	1341.34716797
1067.83630371	1297.15869141
1068.12866211	1261.69616699
1068.42102051	1274.94067383
1068.71350098	1199.93395996
1069.00585938	1180.48413086
1069.29821777	1146.1114502
1069.59069824	1124.21411133
1069.88305664	1062.97619629
1070.17541504	1006.80755615
1070.46789551	1019.62402344
1070.76025391	1001.99743652
1071.0526123	939.803466797
1071.3449707	915.252075195
1071.63745117	899.067626953
1071.92980957	889.303344727
1072.22216797	848.063476563
1072.51464844	848.838928223
1072.80700684	813.673278809
1073.09936523	774.010559082
1073.3918457	775.19519043
1073.6842041	772.964111328
1073.9765625	723.460571289
1074.26904297	726.407897949
1074.56140137	732.399475098
1074.85375977	671.351989746
1075.14624023	654.240722656
1075.43859863	698.458862305
1075.73095703	659.317626953
1076.0234375	628.566772461
1076.3157959	615.078857422
1076.6081543	580.31451416
1076.90063477	591.292175293
1077.19299316	616.188049316
1077.48535156	569.968688965
1077.77783203	507.083984375
1078.07019043	565.840209961
1078.36254883	560.398193359
1078.6550293	518.807434082
1078.9473877	443.40447998
1079.23974609	463.283752441
1079.53210449	478.340759277
1079.82458496	461.85647583
1080.11694336	447.216186523
1080.40930176	434.121826172
1080.70178223	439.265472412
1080.99414063	430.370330811
1081.28649902	409.315032959
1081.57897949	431.601226807
1081.87133789	409.437530518
1082.16369629	421.040435791
1082.45617676	397.847167969
1082.74853516	367.776245117
1083.04089355	335.404510498
1083.33337402	368.156555176
1083.62573242	389.368835449
1083.91809082	350.641662598
1084.21057129	314.180786133
1084.50292969	279.016113281
1084.79528809	308.17175293
1085.08776855	303.699188232
1085.38012695	347.381195068
1085.67248535	344.958709717
1085.96496582	234.636505127
1086.25732422	248.56362915
1086.54968262	262.308135986
1086.84216309	269.074829102
1087.13452148	244.499008179
1087.42687988	243.321640015
1087.71923828	258.717498779
1088.01171875	237.828918457
1088.30407715	207.299972534
1088.59643555	237.980026245
1088.88891602	270.718383789
1089.18127441	228.512695313
1089.47363281	236.785522461
1089.76611328	241.112747192
1090.05847168	228.168777466
1090.35083008	206.658401489
1090.64331055	188.977813721
1090.93566895	171.889312744
1091.22802734	167.852554321
1091.52050781	198.720809937
1091.81286621	163.582489014
1092.10522461	170.54574585
1092.39770508	207.447189331
1092.69006348	161.005172729
1092.98242188	164.38444519
1093.27490234	165.151123047
1093.56726074	136.430786133
1093.85961914	140.399902344
1094.15209961	137.249588013
1094.44445801	147.310501099
1094.73681641	121.239570618
1095.02929688	78.9349594116
1095.32165527	87.7331771851
1095.61401367	121.964004517
1095.90637207	116.40284729
1096.19885254	134.196868896
1096.49121094	126.874969482
1096.78356934	106.638023376
1097.0760498	117.309005737
1097.3684082	103.641395569
1097.6607666	69.7062149048
1097.95324707	67.0109786987
1098.24560547	64.7955245972
1098.53796387	64.8759613037
1098.83044434	49.3174476624
1099.12280273	28.1508197784
1099.41516113	44.2459106445
1099.7076416	16.9100513458
1100	62.6740837097
1100.2923584	43.0592155457
1100.58483887	82.5798034668
1100.87719727	9.79989051819
1101.16955566	79.6215438843
1101.46203613	31.1158657074
1101.75439453	48.167301178
1102.04675293	75.3251800537
1102.3392334	36.0998802185
1102.6315918	32.6737747192
1102.9239502	19.28282547
1103.21643066	-0.737395882607
1103.50878906	45.103099823
1103.80114746	34.5285568237
1104.09362793	45.075717926
1104.38598633	48.1173858643
1104.67834473	13.8582744598
1104.97070313	7.23099756241
1105.26318359	6.58675289154
1105.55554199	-5.01806306839
1105.84790039	-5.72932434082
1106.14038086	-8.58255386353
1106.43273926	24.2364578247
1106.72509766	20.7585945129
1107.01757813	12.2862253189
1107.30993652	31.7722301483
1107.60229492	32.1508140564
1107.89477539	36.5905532837
1108.18713379	11.4906187057
1108.47949219	23.7227172852
1108.77197266	-9.01820850372
1109.06433105	42.6718978882
1109.35668945	-18.6438560486
1109.64916992	-47.3808746338
1109.94152832	-9.28061199188
1110.23388672	-29.9821071625
1110.52636719	16.2828273773
1110.81872559	0.770784497261
1111.11108398	-4.51567220688
1111.40356445	23.0246524811
1111.69592285	1.0712044239
1111.98828125	-9.02384567261
1112.28076172	-24.1143798828
1112.57312012	-32.5619697571
1112.86547852	-21.1579971313
1113.15783691	5.15320301056
1113.45031738	-0.693190097809
1113.74267578	-1.20425617695
1114.03503418	-9.56004905701
1114.32751465	-42.7179641724
1114.61987305	-36.4087181091
1114.91223145	-48.0789642334
1115.20471191	12.6049156189
1115.49707031	-15.4950180054
1115.78942871	24.2439155579
1116.08190918	32.8662719727
1116.37426758	-3.31373858452
1116.66662598	-45.1998062134
1116.95910645	37.9196205139
1117.25146484	-11.692029953
1117.54382324	-0.702119112015
1117.83630371	29.6526603699
1118.12866211	-3.66407060623
1118.42102051	-11.4798240662
1118.71350098	-47.6621551514
1119.00585938	2.0338101387
1119.29821777	54.8928604126
1119.59069824	27.5601406097
1119.88305664	4.43579244614
1120.17541504	-21.3086719513
1120.46789551	-20.749792099
1120.76025391	26.3201961517
1121.0526123	-6.56977558136
1121.3449707	-9.20193481445
1121.63745117	30.4604606628
1121.92980957	37.5831832886
1122.22216797	-23.3624534607
1122.51464844	1.18373215199
1122.80700684	15.3455171585
1123.09936523	-6.38820457458
1123.3918457	17.2868862152
1123.6842041	-1.40874993801
1123.9765625	40.022567749
1124.26904297	30.0834007263
1124.56140137	-26.9462203979
1124.85375977	17.2302131653
1125.14624023	-39.4208679199
1125.43859863	-54.2600593567
1125.73095703	-61.301399231
1126.0234375	-29.0149784088
1126.3157959	-30.8424510956
1126.6081543	-37.5986328125
1126.90063477	16.3840732574
1127.19299316	16.636680603
1127.48535156	16.6480751038
1127.77783203	-27.3614044189
1128.07019043	33.9302635193
1128.36254883	-27.587638855
1128.6550293	-24.9584465027
1128.9473877	10.6056833267
1129.23974609	-19.7227649689
1129.53210449	-14.5033626556
1129.82458496	45.092628479
1130.11694336	13.9067564011
1130.40930176	11.1749868393
1130.70178223	12.1928520203
1130.99414063	26.149559021
1131.28649902	11.0379066467
1131.57897949	21.1954193115
1131.87133789	25.9939250946
1132.16369629	14.9779748917
1132.45617676	5.93626976013
1132.74853516	-4.36288261414
1133.04089355	4.54890298843
1133.33337402	5.14293956757
1133.62573242	25.203163147
1133.91809082	47.6110420227
1134.21057129	43.443359375
1134.50292969	22.5853538513
1134.79528809	-2.51190829277
1135.08776855	-6.5523481369
1135.38012695	25.1482410431
1135.67248535	35.2189483643
1135.96496582	43.7585868835
1136.25732422	14.5773382187
1136.54968262	-26.8998069763
1136.84216309	52.3947143555
1137.13452148	22.6167869568
1137.42687988	-9.87500762939
1137.71923828	-32.0992240906
1138.01171875	-28.9140777588
1138.30407715	44.7201042175
1138.59643555	44.9285049438
1138.88891602	23.0677547455
1139.18127441	7.8806476593
1139.47363281	20.3468608856
1139.76611328	11.2146253586
1140.05847168	-1.85138773918
1140.35083008	11.8150215149
1140.64331055	68.5118865967
1140.93566895	23.780834198
1141.22802734	3.89060282707
1141.52050781	15.4829759598
1141.81286621	-31.5215129852
1142.10522461	-18.6978778839
1142.39770508	23.8886356354
1142.69006348	33.7601242065
1142.98242188	25.629655838
1143.27490234	48.6126556396
1143.56726074	13.6950788498
1143.85961914	29.3194961548
1144.15209961	29.0690956116
1144.44445801	3.99917626381
1144.73681641	20.2134361267
1145.02929688	19.350730896
1145.32165527	1.08550012112
1145.61401367	-20.4971141815
1145.90637207	-23.0934009552
1146.19885254	17.9237766266
1146.49121094	55.3665542603
1146.78356934	1.79272794724
1147.0760498	27.7620544434
1147.3684082	12.1823692322
1147.6607666	6.99623918533
1147.95324707	12.5847053528
1148.24560547	19.9991607666
1148.53796387	-24.4623584747
1148.83044434	15.4874353409
1149.12280273	23.8647823334
1149.41516113	-9.47271442413
1149.7076416	20.6294231415
1150	24.0165367126
1150.2923584	34.4661483765
1150.58483887	25.0594978333
1150.87719727	4.96907043457
1151.16955566	17.3298149109
1151.46203613	26.5550003052
1151.75439453	30.8835201263
1152.04675293	56.9854736328
1152.3392334	42.8161277771
1152.6315918	43.4219932556
1152.9239502	40.8559799194
1153.21643066	13.352648735
1153.50878906	56.6987457275
1153.80114746	48.1102714539
1154.09362793	12.8754959106
1154.38598633	25.9891700745
1154.67834473	23.5960083008
1154.97070313	52.3854637146
1155.26318359	28.3889713287
1155.55554199	39.4577217102
1155.84790039	46.9200325012
1156.14038086	13.9997081757
1156.43273926	50.0772514343
1156.72509766	36.4838943481
1157.01757813	56.2325172424
1157.30993652	73.8354492188
1157.60229492	45.8651390076
1157.89477539	36.0649337769
1158.18713379	68.8446273804
1158.47949219	49.5793914795
1158.77197266	88.621963501
1159.06433105	65.6370010376
1159.35668945	46.3434524536
1159.64916992	70.4465637207
1159.94152832	77.5797729492
1160.23388672	62.0616111755
1160.52636719	51.1725387573
1160.81872559	58.5664863586
1161.11108398	40.5707855225
1161.40356445	47.7461662292
1161.69592285	75.4809341431
1161.98828125	81.8983230591
1162.28076172	72.6762390137
1162.57312012	51.9988975525
1162.86547852	54.678981781
1163.15783691	74.3395309448
1163.45031738	75.7160797119
1163.74267578	32.3951873779
1164.03503418	46.0840568542
1164.32751465	68.2076797485
1164.61987305	53.0186195374
1164.91223145	73.8227233887
1165.20471191	73.9072875977
1165.49707031	93.5727157593
1165.78942871	81.4373703003
1166.08190918	70.4408721924
1166.37426758	63.4842376709
1166.66662598	72.0383377075
1166.95910645	84.4725112915
1167.25146484	90.3537597656
1167.54382324	111.124664307
1167.83630371	102.553947449
1168.12866211	98.4596176147
1168.42102051	92.0645065308
1168.71350098	86.1051177979
1169.00585938	72.0186004639
1169.29821777	78.438911438
1169.59069824	103.065467834
1169.88305664	117.162536621
1170.17541504	98.1180114746
1170.46789551	89.4633102417
1170.76025391	111.316246033
1171.0526123	133.566635132
1171.3449707	132.189102173
1171.63745117	91.0490570068
1171.92980957	95.180305481
1172.22216797	123.159217834
1172.51464844	111.085571289
1172.80700684	121.218780518
1173.09936523	76.3392868042
1173.3918457	94.1025619507
1173.6842041	129.280685425
1173.9765625	119.570144653
1174.26904297	119.047279358
1174.56140137	132.987136841
1174.85375977	130.248260498
1175.14624023	148.92364502
1175.43859863	140.634002686
1175.73095703	165.563110352
1176.0234375	155.753128052
1176.3157959	154.833602905
1176.6081543	140.930679321
1176.90063477	172.268173218
1177.19299316	164.401367188
1177.48535156	122.845123291
1177.77783203	139.771484375
1178.07019043	145.283599854
1178.36254883	117.332817078
1178.6550293	129.08631897
1178.9473877	134.957809448
1179.23974609	163.118362427
1179.53210449	178.333602905
1179.82458496	137.241394043
1180.11694336	130.608978271
1180.40930176	161.692382813
1180.70178223	205.288665771
1180.99414063	186.379867554
1181.28649902	141.448623657
1181.57897949	161.928695679
1181.87133789	183.110733032
1182.16369629	189.895309448
1182.45617676	200.460327148
1182.74853516	160.084747314
1183.04089355	170.461120605
1183.33337402	218.107208252
1183.62573242	191.267745972
1183.91809082	218.1978302
1184.21057129	170.468917847
1184.50292969	181.219314575
1184.79528809	189.062484741
1185.08776855	214.424377441
1185.38012695	185.30758667
1185.67248535	193.309936523
1185.96496582	211.179656982
1186.25732422	203.008163452
1186.54968262	226.240005493
1186.84216309	222.308944702
1187.13452148	216.343521118
1187.42687988	207.570465088
1187.71923828	203.184143066
1188.01171875	235.146636963
1188.30407715	204.595275879
1188.59643555	261.285125732
1188.88891602	222.230026245
1189.18127441	207.234329224
1189.47363281	238.65953064
1189.76611328	208.296829224
1190.05847168	230.475921631
1190.35083008	259.844482422
1190.64331055	207.143890381
1190.93566895	235.331787109
1191.22802734	224.885894775
1191.52050781	279.114990234
1191.81286621	272.3019104
1192.10522461	243.690963745
1192.39770508	234.582168579
1192.69006348	259.973175049
1192.98242188	254.129821777
1193.27490234	226.401885986
1193.56726074	254.819274902
1193.85961914	262.305023193
1194.15209961	243.369064331
1194.44445801	197.948562622
1194.73681641	230.132553101
1195.02929688	290.581359863
1195.32165527	209.359100342
1195.61401367	253.213989258
1195.90637207	164.433135986
1196.19885254	249.46105957
1196.49121094	262.745635986
1196.78356934	275.928649902
1197.0760498	213.877456665
1197.3684082	230.313400269
1197.6607666	242.733703613
1197.95324707	258.45791626
1198.24560547	285.375305176
1198.53796387	301.932342529
1198.83044434	287.488586426
1199.12280273	285.272186279
1199.41516113	272.47277832
1199.7076416	287.787780762
1200	297.786224365
1200.2923584	264.881347656
1200.58483887	285.201263428
1200.87719727	231.001464844
1201.16955566	282.27041626
1201.46203613	256.225097656
1201.75439453	280.132720947
1202.04675293	312.915344238
1202.3392334	309.67565918
1202.6315918	321.964141846
1202.9239502	299.704772949
1203.21643066	291.877227783
1203.50878906	310.825866699
1203.80114746	306.507904053
1204.09362793	308.155944824
1204.38598633	320.968841553
1204.67834473	327.043457031
1204.97070313	291.329956055
1205.26318359	297.224090576
1205.55554199	343.625854492
1205.84790039	315.513946533
1206.14038086	362.454956055
1206.43273926	328.880157471
1206.72509766	309.169616699
1207.01757813	263.228790283
1207.30993652	303.368804932
1207.60229492	320.278381348
1207.89477539	277.007476807
1208.18713379	299.066467285
1208.47949219	321.795379639
1208.77197266	367.66607666
1209.06433105	340.484832764
1209.35668945	346.446166992
1209.64916992	356.544403076
1209.94152832	358.093597412
1210.23388672	345.552001953
1210.52636719	303.77230835
1210.81872559	320.317626953
1211.11108398	330.172515869
1211.40356445	362.844970703
1211.69592285	346.040679932
1211.98828125	345.415100098
1212.28076172	352.754547119
1212.57312012	359.00491333
1212.86547852	355.900817871
1213.15783691	349.672698975
1213.45031738	379.410583496
1213.74267578	339.77230835
1214.03503418	366.206298828
1214.32751465	353.816253662
1214.61987305	339.598876953
1214.91223145	357.990875244
1215.20471191	387.305877686
1215.49707031	383.163696289
1215.78942871	353.701202393
1216.08190918	380.931274414
1216.37426758	356.824249268
1216.66662598	358.867614746
1216.95910645	416.197296143
1217.25146484	357.347106934
1217.54382324	387.308410645
1217.83630371	413.670318604
1218.12866211	433.839660645
1218.42102051	338.610565186
1218.71350098	429.399230957
1219.00585938	413.611541748
1219.29821777	398.142211914
1219.59069824	429.724822998
1219.88305664	405.467407227
1220.17541504	399.71484375
1220.46789551	405.557220459
1220.76025391	436.3828125
1221.0526123	406.146881104
1221.3449707	400.390441895
1221.63745117	388.762115479
1221.92980957	397.343566895
1222.22216797	385.290252686
1222.51464844	384.32208252
1222.80700684	403.858581543
1223.09936523	458.778900146
1223.3918457	424.113464355
1223.6842041	412.481048584
1223.9765625	445.186523438
1224.26904297	451.918548584
1224.56140137	427.130859375
1224.85375977	450.696685791
1225.14624023	479.400390625
1225.43859863	484.833374023
1225.73095703	468.824005127
1226.0234375	450.195678711
1226.3157959	445.630645752
1226.6081543	449.936706543
1226.90063477	451.963653564
1227.19299316	489.894714355
1227.48535156	492.173431396
1227.77783203	473.229644775
1228.07019043	476.585510254
1228.36254883	457.322235107
1228.6550293	470.020080566
1228.9473877	531.603515625
1229.23974609	439.967163086
1229.53210449	514.793701172
1229.82458496	534.525756836
1230.11694336	505.685333252
1230.40930176	538.317565918
1230.70178223	546.446044922
1230.99414063	511.74331665
1231.28649902	475.280822754
1231.57897949	511.345855713
1231.87133789	538.792541504
1232.16369629	492.773406982
1232.45617676	518.246643066
1232.74853516	533.49798584
1233.04089355	534.632202148
1233.33337402	514.29095459
1233.62573242	565.538452148
1233.91809082	538.772216797
1234.21057129	533.578430176
1234.50292969	525.833740234
1234.79528809	577.032348633
1235.08776855	555.104248047
1235.38012695	585.280395508
1235.67248535	603.034729004
1235.96496582	590.217895508
1236.25732422	591.514221191
1236.54968262	611.258728027
1236.84216309	583.881347656
1237.13452148	574.816345215
1237.42687988	628.631164551
1237.71923828	617.268310547
1238.01171875	622.842102051
1238.30407715	640.344482422
1238.59643555	626.684692383
1238.88891602	648.815185547
1239.18127441	616.513793945
1239.47363281	617.451660156
1239.76611328	642.942504883
1240.05847168	629.464355469
1240.35083008	634.81048584
1240.64331055	676.777832031
1240.93566895	678.477478027
1241.22802734	623.663391113
1241.52050781	667.370056152
1241.81286621	657.334289551
1242.10522461	679.570983887
1242.39770508	684.117492676
1242.69006348	717.570983887
1242.98242188	711.21496582
1243.27490234	703.915710449
1243.56726074	769.455200195
1243.85961914	679.081542969
1244.15209961	755.948364258
1244.44445801	760.682128906
1244.73681641	722.383666992
1245.02929688	764.642089844
1245.32165527	791.59362793
1245.61401367	780.275695801
1245.90637207	796.035827637
1246.19885254	794.496398926
1246.49121094	756.984069824
1246.78356934	786.053833008
1247.0760498	842.636413574
1247.3684082	819.100646973
1247.6607666	858.672363281
1247.95324707	828.667053223
1248.24560547	885.202636719
1248.53796387	790.817260742
1248.83044434	844.904785156
1249.12280273	868.497924805
1249.41516113	914.961242676
1249.7076416	876.746948242
1250	911.141845703
1250.2923584	915.749694824
1250.58483887	913.980712891
1250.87719727	930.890319824
1251.16955566	897.29107666
1251.46203613	927.009460449
1251.75439453	894.493225098
1252.04675293	960.281738281
1252.3392334	989.835021973
1252.6315918	950.597106934
1252.9239502	953.798706055
1253.21643066	986.969177246
1253.50878906	1019.21081543
1253.80114746	1025.42797852
1254.09362793	998.20300293
1254.38598633	1068.95141602
1254.67834473	1075.90002441
1254.97070313	1057.41503906
1255.26318359	1073.3560791
1255.55554199	1116.98144531
1255.84790039	1114.86962891
1256.14038086	1081.6875
1256.43273926	1158.72705078
1256.72509766	1117.59460449
1257.01757813	1144.14013672
1257.30993652	1139.68444824
1257.60229492	1147.73657227
1257.89477539	1207.13757324
1258.18713379	1162.61743164
1258.47949219	1142.90197754
1258.77197266	1179.85864258
1259.06433105	1214.02111816
1259.35668945	1256.70507813
1259.64916992	1270.89611816
1259.94152832	1271.63476563
1260.23388672	1252.7845459
1260.52636719	1272.37695313
1260.81872559	1318.48571777
1261.11108398	1283.25866699
1261.40356445	1312.7376709
1261.69592285	1363.53991699
1261.98828125	1368.03442383
1262.28076172	1351.19812012
1262.57312012	1379.35668945
1262.86547852	1391.15588379
1263.15783691	1430.44140625
1263.45031738	1439.44592285
1263.74267578	1439.12988281
1264.03503418	1479.00720215
1264.32751465	1466.98535156
1264.61987305	1498.70935059
1264.91223145	1502.4753418
1265.20471191	1487.25524902
1265.49707031	1528.36694336
1265.78942871	1537.28930664
1266.08190918	1626.43334961
1266.37426758	1605.95141602
1266.66662598	1586.06311035
1266.95910645	1660.37426758
1267.25146484	1607.17346191
1267.54382324	1617.35839844
1267.83630371	1653.8560791
1268.12866211	1706.69335938
1268.42102051	1681.65270996
1268.71350098	1704.7578125
1269.00585938	1736.12634277
1269.29821777	1787.18237305
1269.59069824	1737.1204834
1269.88305664	1854.9440918
1270.17541504	1832.00695801
1270.46789551	1845.72241211
1270.76025391	1830.80285645
1271.0526123	1871.06115723
1271.3449707	1870.07910156
1271.63745117	1907.89025879
1271.92980957	1929.74316406
1272.22216797	1946.12731934
1272.51464844	1995.61230469
1272.80700684	2052.00610352
1273.09936523	2043.9440918
1273.3918457	2034.6204834
1273.6842041	2096.8737793
1273.9765625	2101.09399414
1274.26904297	2132.79663086
1274.56140137	2116.50708008
1274.85375977	2219.50341797
1275.14624023	2190.19360352
1275.43859863	2202.61181641
1275.73095703	2246.55371094
1276.0234375	2314.62060547
1276.3157959	2319
1276.6081543	2314.16333008
1276.90063477	2368.49804688
1277.19299316	2346.34985352
1277.48535156	2419.09448242
1277.77783203	2457.47973633
1278.07019043	2451.80834961
1278.36254883	2451.95336914
1278.6550293	2480.1159668
1278.9473877	2564.39477539
1279.23974609	2579.65966797
1279.53210449	2602.25683594
1279.82458496	2667.07275391
1280.11694336	2688.08203125
1280.40930176	2681.92895508
1280.70178223	2723.53808594
1280.99414063	2775.85571289
1281.28649902	2812.19995117
1281.57897949	2898.76879883
1281.87133789	2873.11010742
1282.16369629	2860.10083008
1282.45617676	2994.21362305
1282.74853516	3016.44262695
1283.04089355	3008.12841797
1283.33337402	3039.29589844
1283.62573242	3099.49462891
1283.91809082	3144.45214844
1284.21057129	3171.84619141
1284.50292969	3165.15332031
1284.79528809	3224.07543945
1285.08776855	3268.61523438
1285.38012695	3298.52758789
1285.67248535	3321.61303711
1285.96496582	3393.59594727
1286.25732422	3419.37475586
1286.54968262	3395.03320313
1286.84216309	3474.93530273
1287.13452148	3502.13085938
1287.42687988	3536.47509766
1287.71923828	3607.87109375
1288.01171875	3641.70068359
1288.30407715	3705.12402344
1288.59643555	3738.41430664
1288.88891602	3740.0390625
1289.18127441	3751.53833008
1289.47363281	3774.06518555
1289.76611328	3816.4465332
1290.05847168	3939.89916992
1290.35083008	4002.88867188
1290.64331055	3980.61791992
1290.93566895	4094.83496094
1291.22802734	4072.02587891
1291.52050781	4124.29492188
1291.81286621	4233.77294922
1292.10522461	4230.43652344
1292.39770508	4302.71435547
1292.69006348	4337.65136719
1292.98242188	4407.25146484
1293.27490234	4444.87792969
1293.56726074	4454.85498047
1293.85961914	4517.83544922
1294.15209961	4504.79248047
1294.44445801	4607.33740234
1294.73681641	4606.96289063
1295.02929688	4693.58544922
1295.32165527	4682.37890625
1295.61401367	4739.61962891
1295.90637207	4802.59082031
1296.19885254	4871.02392578
1296.49121094	4900.74902344
1296.78356934	4915.08349609
1297.0760498	4956.88183594
1297.3684082	4979.76904297
1297.6607666	5046.20263672
1297.95324707	5079.82177734
1298.24560547	5128.94482422
1298.53796387	5164.95898438
1298.83044434	5117.81787109
1299.12280273	5214.50976563
1299.41516113	5239.69970703
1299.7076416	5287.04101563
1300	5295.71337891
1300.2923584	5310.90722656
1300.58483887	5321.97705078
1300.87719727	5337.62011719
1301.16955566	5379.55761719
1301.46203613	5444.82910156
1301.75439453	5432.99707031
1302.04675293	5510.11083984
1302.3392334	5482.65527344
1302.6315918	5435.57958984
1302.9239502	5450.37890625
1303.21643066	5433.24951172
1303.50878906	5449.3671875
1303.80114746	5475.59619141
1304.09362793	5486.47851563
1304.38598633	5443.48486328
1304.67834473	5388.53417969
1304.97070313	5468.73339844
1305.26318359	5482.46582031
1305.55554199	5389.45605469
1305.84790039	5430.61083984
1306.14038086	5348.44824219
1306.43273926	5392.64013672
1306.72509766	5383.98242188
1307.01757813	5351.72216797
1307.30993652	5343.76171875
1307.60229492	5325.04931641
1307.89477539	5291.171875
1308.18713379	5263.74267578
1308.47949219	5202.33496094
1308.77197266	5164.11962891
1309.06433105	5154.65917969
1309.35668945	5022.31542969
1309.64916992	4996.78417969
1309.94152832	5009.38378906
1310.23388672	4978.44677734
1310.52636719	4936.63574219
1310.81872559	4878.18896484
1311.11108398	4807.25
1311.40356445	4794.37646484
1311.69592285	4769.47460938
1311.98828125	4715.71337891
1312.28076172	4662.234375
1312.57312012	4578.18408203
1312.86547852	4517.68261719
1313.15783691	4475.83886719
1313.45031738	4452.12988281
1313.74267578	4331.12011719
1314.03503418	4319.01123047
1314.32751465	4256.96191406
1314.61987305	4228.41552734
1314.91223145	4189.51757813
1315.20471191	4063.91357422
1315.49707031	4040.87988281
1315.78942871	3974.97900391
1316.08190918	3927.20996094
1316.37426758	3815.55200195
1316.66662598	3815.52709961
1316.95910645	3776.49731445
1317.25146484	3801.63745117
1317.54382324	3681.57836914
1317.83630371	3617.9831543
1318.12866211	3540.05786133
1318.42102051	3520.43017578
1318.71350098	3472.8137207
1319.00585938	3410.94970703
1319.29821777	3352.48242188
1319.59069824	3309.95556641
1319.88305664	3220.78808594
1320.17541504	3168.02856445
1320.46789551	3111.01757813
1320.76025391	3169.21313477
1321.0526123	3017.82885742
1321.3449707	2995.78442383
1321.63745117	2955.87866211
1321.92980957	2893.15551758
1322.22216797	2844.07470703
1322.51464844	2845.69750977
1322.80700684	2775.75146484
1323.09936523	2722.18652344
1323.3918457	2683.68603516
1323.6842041	2672.23242188
1323.9765625	2582.97192383
1324.26904297	2567.078125
1324.56140137	2488.00415039
1324.85375977	2543.42163086
1325.14624023	2472.0480957
1325.43859863	2423.03393555
1325.73095703	2407.05200195
1326.0234375	2355.30737305
1326.3157959	2343.12133789
1326.6081543	2279.65673828
1326.90063477	2250.56054688
1327.19299316	2245.24658203
1327.48535156	2211.89648438
1327.77783203	2226.48388672
1328.07019043	2127.765625
1328.36254883	2082.8996582
1328.6550293	2056.11816406
1328.9473877	2034.85668945
1329.23974609	1989.52905273
1329.53210449	1965.13684082
1329.82458496	1937.63061523
1330.11694336	1947.36047363
1330.40930176	1879.71630859
1330.70178223	1810.65246582
1330.99414063	1854.11376953
1331.28649902	1841.06335449
1331.57897949	1791.08349609
1331.87133789	1764.29089355
1332.16369629	1733.09008789
1332.45617676	1722.37487793
1332.74853516	1665.62915039
1333.04089355	1696.47827148
1333.33337402	1657.2121582
1333.62573242	1628.77807617
1333.91809082	1608.29406738
1334.21057129	1608.92053223
1334.50292969	1583.63000488
1334.79528809	1522.79248047
1335.08776855	1489.44543457
1335.38012695	1466.30029297
1335.67248535	1481.42272949
1335.96496582	1490.29052734
1336.25732422	1458.50280762
1336.54968262	1422.52856445
1336.84216309	1391.00866699
1337.13452148	1365.41040039
1337.42687988	1353.61193848
1337.71923828	1368.14758301
1338.01171875	1302.4654541
1338.30407715	1304.44152832
1338.59643555	1300.66162109
1338.88891602	1218.21691895
1339.18127441	1209.77880859
1339.47363281	1179.14929199
1339.76611328	1169.88720703
1340.05847168	1191.71472168
1340.35083008	1139.51782227
1340.64331055	1117.35241699
1340.93566895	1044.65649414
1341.22802734	1047.89611816
1341.52050781	1039.43188477
1341.81286621	1060.89123535
1342.10522461	1005.32525635
1342.39770508	985.938110352
1342.69006348	973.65045166
1342.98242188	988.363708496
1343.27490234	947.74810791
1343.56726074	866.997497559
1343.85961914	869.80065918
1344.15209961	873.274841309
1344.44445801	864.834777832
1344.73681641	880.504150391
1345.02929688	833.649230957
1345.32165527	801.525634766
1345.61401367	788.149047852
1345.90637207	784.730529785
1346.19885254	752.987915039
1346.49121094	764.730529785
1346.78356934	769.175231934
1347.0760498	686.219726563
1347.3684082	801.105895996
1347.6607666	685.20489502
1347.95324707	674.802185059
1348.24560547	652.293762207
1348.53796387	623.392822266
1348.83044434	648.74786377
1349.12280273	623.217041016
1349.41516113	562.858032227
1349.7076416	607.508972168
1350	614.149047852
1350.2923584	567.146484375
1350.58483887	543.540649414
1350.87719727	567.133789063
1351.16955566	558.049255371
1351.46203613	525.3203125
1351.75439453	518.930114746
1352.04675293	467.10333252
1352.3392334	494.759185791
1352.6315918	477.577941895
1352.9239502	450.873260498
1353.21643066	449.858215332
1353.50878906	430.712097168
1353.80114746	429.264251709
1354.09362793	383.426940918
1354.38598633	386.633392334
1354.67834473	378.947265625
1354.97070313	425.480865479
1355.26318359	388.104492188
1355.55554199	357.174224854
1355.84790039	350.474395752
1356.14038086	320.305053711
1356.43273926	347.106231689
1356.72509766	313.758972168
1357.01757813	324.871856689
1357.30993652	322.77166748
1357.60229492	353.550384521
1357.89477539	361.608581543
1358.18713379	294.371673584
1358.47949219	269.207977295
1358.77197266	225.948806763
1359.06433105	244.782196045
1359.35668945	231.709350586
1359.64916992	218.055633545
1359.94152832	213.010131836
1360.23388672	226.607208252
1360.52636719	255.10874939
1360.81872559	263.761505127
1361.11108398	238.325363159
1361.40356445	226.752700806
1361.69592285	215.05581665
1361.98828125	224.493713379
1362.28076172	213.4737854
1362.57312012	198.076721191
1362.86547852	207.333953857
1363.15783691	208.16734314
1363.45031738	189.754837036
1363.74267578	138.067733765
1364.03503418	137.930435181
1364.32751465	169.942718506
1364.61987305	134.251708984
1364.91223145	149.8253479
1365.20471191	167.093505859
1365.49707031	189.046035767
1365.78942871	134.33354187
1366.08190918	159.129043579
1366.37426758	135.722213745
1366.66662598	189.191360474
1366.95910645	206.313995361
1367.25146484	322.65032959
1367.54382324	229.486663818
1367.83630371	289.429626465
1368.12866211	305.915374756
1368.42102051	380.800537109
1368.71350098	498.274719238
1369.00585938	480.594451904
1369.29821777	159.420043945
1369.59069824	69.2448425293
1369.88305664	67.6260986328
1370.17541504	66.6421203613
1370.46789551	89.6260910034
1370.76025391	72.6489486694
1371.0526123	110.991134644
1371.3449707	121.430007935
1371.63745117	64.3758926392
1371.92980957	59.5969924927
1372.22216797	36.600315094
1372.51464844	30.8655395508
1372.80700684	61.7731590271
1373.09936523	62.6710128784
1373.3918457	90.6208114624
1373.6842041	74.051864624
1373.9765625	76.19581604
1374.26904297	20.1661167145
1374.56140137	47.7485389709
1374.85375977	66.8680725098
1375.14624023	58.3032226563
1375.43859863	25.7635746002
1375.73095703	33.5374069214
1376.0234375	19.1551704407
1376.3157959	59.4036102295
1376.6081543	54.5758781433
1376.90063477	26.8957901001
1377.19299316	57.6549720764
1377.48535156	34.4102478027
1377.77783203	18.7672710419
1378.07019043	10.6494998932
1378.36254883	-30.809091568
1378.6550293	8.53035163879
1378.9473877	10.1869955063
1379.23974609	-1.69835329056
1379.53210449	33.7834854126
1379.82458496	40.6229286194
1380.11694336	25.7375793457
1380.40930176	41.098323822
1380.70178223	-17.5436782837
1380.99414063	17.9078884125
1381.28649902	30.8008594513
1381.57897949	56.8092460632
1381.87133789	-4.82512426376
1382.16369629	18.6156997681
1382.45617676	-11.3348970413
1382.74853516	-13.1889953613
1383.04089355	-49.9151649475
1383.33337402	-21.9829483032
1383.62573242	24.9842414856
1383.91809082	35.0139312744
1384.21057129	-32.5645942688
1384.50292969	24.0774021149
1384.79528809	-97.7434921265
1385.08776855	10.4953632355
1385.38012695	14.677397728
1385.67248535	46.5488853455
1385.96496582	28.5543441772
1386.25732422	16.0762214661
1386.54968262	27.9320831299
1386.84216309	-17.2958564758
1387.13452148	-10.8189001083
1387.42687988	-5.43862438202
1387.71923828	-15.3093242645
1388.01171875	-16.6573810577
1388.30407715	-11.3230037689
1388.59643555	-25.0355014801
1388.88891602	-7.53004217148
1389.18127441	-13.7454690933
1389.47363281	-15.5155830383
1389.76611328	-37.876335144
1390.05847168	-55.1806297302
1390.35083008	-24.3169555664
1390.64331055	-11.3114957809
1390.93566895	14.1576471329
1391.22802734	11.2947597504
1391.52050781	1.11760115623
1391.81286621	-23.132982254
1392.10522461	-29.6472377777
1392.39770508	-22.2452945709
1392.69006348	-30.8865013123
1392.98242188	-43.6195068359
1393.27490234	-16.0808448792
1393.56726074	-36.6458816528
1393.85961914	-18.6464653015
1394.15209961	-41.1644439697
1394.44445801	16.0146617889
1394.73681641	5.57853126526
1395.02929688	-17.640619278
1395.32165527	-53.2222557068
1395.61401367	-39.4240112305
1395.90637207	-4.05545473099
1396.19885254	-80.0460891724
1396.49121094	-21.4382743835
1396.78356934	-23.9564361572
1397.0760498	-20.7869148254
1397.3684082	1.60703372955
1397.6607666	-52.8447227478
1397.95324707	-73.2035217285
1398.24560547	-49.1435546875
1398.53796387	5.60878992081
1398.83044434	-38.7724685669
1399.12280273	6.50233745575
1399.41516113	28.8298797607
1399.7076416	11.2454938889
1400	-41.3009872437
