500	-26.9966220856
500.289398193	-18.1550788879
500.578765869	2.83727002144
500.868164063	-7.73158693314
501.157562256	4.43954658508
501.446960449	7.10482025146
501.736328125	-17.8542461395
502.025726318	-11.2587966919
502.315124512	17.532453537
502.604492188	14.2113265991
502.893890381	33.0377349854
503.183288574	-4.84386730194
503.47265625	-3.34175252914
503.762054443	-6.42940807343
504.051452637	-10.6403551102
504.34085083	-6.97801065445
504.630218506	9.40496349335
504.919616699	17.1576404572
505.209014893	13.7687149048
505.498382568	21.2669239044
505.787780762	7.81574201584
506.077178955	-14.7509174347
506.366546631	24.2663345337
506.655944824	50.7707214355
506.945343018	30.7829170227
507.234741211	27.6669406891
507.524108887	37.6426887512
507.81350708	56.1072807312
508.102905273	57.0972595215
508.392272949	36.4091911316
508.681671143	23.6403827667
508.971069336	22.8908615112
509.260437012	8.25308322906
509.549835205	14.9430150986
509.839233398	1.02796721458
510.128631592	26.1280555725
510.417999268	36.423625946
510.707397461	16.954624176
510.996795654	8.36965370178
511.28616333	3.77338027954
511.575561523	17.1940250397
511.864959717	48.4452362061
512.15435791	52.3612442017
512.443725586	36.5432891846
512.733093262	58.0959434509
513.022521973	27.5996685028
513.311889648	2.79221248627
513.601257324	39.823135376
513.890686035	28.7113838196
514.180053711	32.74792099
514.469482422	35.850769043
514.758850098	42.4573745728
515.048217773	33.8542671204
515.337646484	7.60213327408
515.62701416	9.76586914063
515.916381836	18.8519687653
516.205810547	32.7170219421
516.495178223	21.715719223
516.784545898	9.94268798828
517.073974609	20.3975868225
517.363342285	39.2707939148
517.652709961	49.9789657593
517.942138672	34.5068588257
518.231506348	28.6566810608
518.520874023	30.9881401062
518.810302734	18.1898651123
519.09967041	19.8067264557
519.389038086	36.2592811584
519.678466797	12.4502620697
519.967834473	16.4489593506
520.257263184	21.2312488556
520.546630859	26.5373191833
520.835998535	26.502325058
521.125427246	36.7692337036
521.414794922	33.25938797
521.704162598	23.6509056091
521.993591309	31.0794372559
522.282958984	39.3696365356
522.57232666	23.3248767853
522.861755371	23.042470932
523.151123047	28.600982666
523.440490723	41.9732131958
523.729919434	18.6910514832
524.019287109	37.7283210754
524.308654785	19.494354248
524.598083496	19.0554523468
524.887451172	28.7267570496
525.176818848	25.1666164398
525.466247559	20.7633590698
525.755615234	20.7474079132
526.045043945	8.98941612244
526.334411621	16.4178009033
526.623779297	25.0168380737
526.913208008	24.6069908142
527.202575684	8.08640098572
527.491943359	20.5250396729
527.78137207	14.2445850372
528.070739746	8.85216903687
528.360107422	30.6003780365
528.649536133	34.3279800415
528.938903809	16.7597827911
529.228271484	11.7826499939
529.517700195	13.8432607651
529.807067871	22.753578186
530.096435547	23.3911914825
530.385864258	8.79701709747
530.675231934	2.72393679619
530.964660645	4.03650093079
531.25402832	14.4656171799
531.543395996	11.7782793045
531.832824707	10.0300521851
532.122192383	2.4298722744
532.411560059	-11.0448198318
532.70098877	-8.94221687317
532.990356445	3.78621673584
533.279724121	-4.3579082489
533.569152832	17.5567054749
533.858520508	14.272687912
534.147888184	-16.0762710571
534.437316895	-18.6111183167
534.72668457	-1.61925816536
535.016052246	-13.9289112091
535.305480957	17.5045032501
535.594848633	18.3628196716
535.884216309	-2.0518143177
536.17364502	-0.132560968399
536.463012695	7.72380208969
536.752441406	15.6774787903
537.041809082	14.1363811493
537.331176758	24.5874710083
537.620605469	6.04554224014
537.909973145	1.20439565182
538.19934082	7.4074382782
538.488769531	-1.32931423187
538.778137207	-20.0039577484
539.067504883	-12.5457878113
539.356933594	-4.41779375076
539.64630127	6.86190891266
539.935668945	25.3254489899
540.225097656	13.0594005585
540.514465332	-3.99341630936
540.803833008	19.2806720734
541.093261719	2.41232681274
541.382629395	-8.6819934845
541.67199707	-3.95380449295
541.961425781	-2.71057677269
542.250793457	16.2195167542
542.540222168	18.1946773529
542.829589844	10.434586525
543.11895752	2.14763855934
543.40838623	0.0842259600759
543.697753906	11.0619268417
543.987121582	12.5550088882
544.276550293	-22.4200248718
544.565917969	-22.7328510284
544.855285645	-20.5656967163
545.144714355	-3.31514549255
545.434082031	-6.43754243851
545.723449707	1.47497308254
546.012878418	-27.5173950195
546.302246094	-18.0687465668
546.59161377	0.785907447338
546.88104248	-9.91349124908
547.170410156	-22.2763671875
547.459777832	-13.6411952972
547.749206543	-12.1501646042
548.038574219	-22.9861850739
548.32800293	-5.60892343521
548.617370605	-2.7034881115
548.906738281	-31.6020088196
549.196166992	-39.1768951416
549.485534668	-24.5964107513
549.774902344	-6.04742097855
550.064331055	-10.7094669342
550.35369873	-23.2940216064
550.643066406	-22.9078731537
550.932495117	2.56655550003
551.221862793	34.9971389771
551.511230469	22.1142425537
551.80065918	4.02714824677
552.090026855	11.4489412308
552.379394531	4.3614563942
552.668823242	-4.73784542084
552.958190918	-3.36837530136
553.247558594	1.60597133636
553.536987305	-3.74593377113
553.82635498	-16.3433647156
554.115783691	-14.0932188034
554.405151367	-4.07785654068
554.694519043	0.306158095598
554.983947754	0.693510770798
555.27331543	-7.14195680618
555.562683105	6.64196014404
555.852111816	6.63673448563
556.141479492	-9.88867473602
556.430847168	2.13034963608
556.720275879	-11.964963913
557.009643555	-2.79969906807
557.29901123	7.83163022995
557.588439941	9.15257644653
557.877807617	1.68649351597
558.167175293	-7.03618144989
558.456604004	-16.9259281158
558.74597168	-23.705488205
559.035339355	-11.4213266373
559.324768066	-7.82694292068
559.614135742	-8.68291854858
559.903564453	-52.5462989807
560.192932129	-35.7037887573
560.482299805	-12.2899875641
560.771728516	23.5038585663
561.061096191	7.4201002121
561.350463867	-11.3594589233
561.639892578	-12.4662475586
561.929260254	-12.2541074753
562.21862793	-5.9286866188
562.508056641	5.18229913712
562.797424316	-5.46225070953
563.086791992	-7.96959352493
563.376220703	-9.09493637085
563.665588379	15.5444498062
563.954956055	7.40795612335
564.244384766	-2.77134156227
564.533752441	-8.80798149109
564.823181152	-3.66867542267
565.112548828	-6.56761980057
565.401916504	-11.4860954285
565.691345215	-14.7088499069
565.980712891	-12.4444646835
566.270080566	-11.7228031158
566.559509277	-27.9692401886
566.848876953	-33.510761261
567.138244629	4.23970746994
567.42767334	-2.95838880539
567.717041016	-32.3539161682
568.006408691	-5.08074045181
568.295837402	20.2167682648
568.585205078	15.1701192856
568.874572754	1.24749302864
569.164001465	-11.090007782
569.453369141	-7.71331739426
569.742736816	-9.77730083466
570.032165527	-20.5315494537
570.321533203	0.631761848927
570.610961914	29.5784416199
570.90032959	-19.8346633911
571.189697266	-1.25094211102
571.479125977	-17.8967933655
571.768493652	10.5187158585
572.057861328	-8.42954444885
572.347290039	-30.4796924591
572.636657715	-23.3320045471
572.926025391	6.18701887131
573.215454102	10.4181213379
573.504821777	26.383190155
573.794189453	26.2484073639
574.083618164	1.23658955097
574.37298584	15.4411611557
574.662353516	8.19236278534
574.951782227	-4.89049911499
575.241149902	-26.0755767822
575.530517578	-7.86978435516
575.819946289	33.546131134
576.109313965	11.9845905304
576.398742676	42.8131065369
576.688110352	17.6211929321
576.977478027	-0.566570222378
577.266906738	10.6227846146
577.556274414	22.9958133698
577.84564209	43.8771400452
578.135070801	55.4681091309
578.424438477	25.3616447449
578.713806152	22.7705612183
579.003234863	7.93306016922
579.292602539	29.4598960876
579.581970215	18.6700839996
579.871398926	13.3284320831
580.160766602	30.7463817596
580.450134277	28.6504173279
580.739562988	26.5458259583
581.028930664	13.9171447754
581.31829834	10.4994020462
581.607727051	24.0625362396
581.897094727	29.4685230255
582.186523438	25.0101718903
582.475891113	26.9391098022
582.765258789	12.562625885
583.0546875	14.8259553909
583.344055176	32.7363357544
583.633422852	26.0324611664
583.922851563	35.834854126
584.212219238	56.5477256775
584.501586914	58.6021499634
584.791015625	32.3688964844
585.080383301	37.0373344421
585.369750977	47.1877059937
585.659179688	39.398059845
585.948547363	18.4693279266
586.237915039	7.64216136932
586.52734375	25.2873268127
586.816711426	48.2021026611
587.106079102	62.8431968689
587.395507813	22.0818691254
587.684875488	58.1839027405
587.974304199	34.3654441833
588.263671875	26.4979934692
588.553039551	36.861743927
588.842468262	46.8035392761
589.131835938	33.412651062
589.421203613	37.1086769104
589.710632324	51.5077514648
590	56.8990898132
590.289367676	58.7816390991
590.578796387	55.4539031982
590.868164063	48.2033958435
591.157531738	66.3005447388
591.446960449	43.9742774963
591.736328125	24.2157115936
592.025695801	51.9263877869
592.315124512	61.3794136047
592.604492188	74.6105957031
592.893920898	59.7411117554
593.183288574	70.8670730591
593.47265625	60.5169563293
593.762084961	47.3466911316
594.051452637	52.5893478394
594.340820313	49.7631568909
594.630249023	37.9754600525
594.919616699	51.3084487915
595.208984375	70.3860702515
595.498413086	62.9301605225
595.787780762	52.3822898865
596.077148438	21.1178665161
596.366577148	70.121673584
596.655944824	23.3535881042
596.9453125	44.918510437
597.234741211	43.7338447571
597.524108887	56.8173217773
597.813476563	67.4454727173
598.102905273	77.168762207
598.392272949	71.1167449951
598.68170166	65.292427063
598.971069336	74.0304489136
599.260437012	58.4891700745
599.549865723	58.3318443298
599.839233398	54.6704483032
600.128601074	37.1899604797
600.418029785	70.9279022217
600.707397461	66.2933578491
600.996765137	47.8004188538
601.286193848	43.683380127
601.575561523	29.7685642242
601.864929199	18.4789962769
602.15435791	34.8267974854
602.443725586	46.839717865
602.733093262	46.6675796509
603.022521973	55.1586914063
603.311889648	57.7551116943
603.601257324	35.9721336365
603.890686035	24.5320930481
604.180053711	33.2852478027
604.469482422	43.6906661987
604.758850098	38.6274147034
605.048217773	58.2370185852
605.337646484	38.1148490906
605.62701416	32.689781189
605.916381836	64.2769165039
606.205810547	35.994594574
606.495178223	24.6137180328
606.784545898	43.2030525208
607.073974609	34.6048126221
607.363342285	13.5183668137
607.652709961	24.8303604126
607.942138672	45.8942260742
608.231506348	59.0463066101
608.520874023	74.5589828491
608.810302734	31.2707996368
609.09967041	-11.7546100616
609.389038086	44.0197868347
609.678466797	39.4637794495
609.967834473	40.5648345947
610.257263184	29.5727920532
610.546630859	23.7710170746
610.835998535	41.1862831116
611.125427246	44.6949729919
611.414794922	28.4180984497
611.704162598	20.5938606262
611.993591309	28.5388298035
612.282958984	28.7861270905
612.57232666	6.63449621201
612.861755371	8.45178031921
613.151123047	24.0416049957
613.440490723	25.5037460327
613.729919434	29.6276702881
614.019287109	12.5180330276
614.308654785	8.99067020416
614.598083496	35.395111084
614.887451172	42.4236602783
615.176818848	14.3232984543
615.466247559	0.148883506656
615.755615234	8.06097412109
616.045043945	11.8452997208
616.334411621	3.53229284286
616.623779297	-10.5817394257
616.913208008	-7.5256857872
617.202575684	31.3744430542
617.491943359	-2.13705086708
617.78137207	33.5747642517
618.070739746	35.5305557251
618.360107422	35.4333686829
618.649536133	18.6378612518
618.938903809	27.2667484283
619.228271484	-0.544060409069
619.517700195	7.64553833008
619.807067871	9.39405536652
620.096435547	12.7868585587
620.385864258	15.4137134552
620.675231934	15.3958721161
620.964660645	12.7143774033
621.25402832	-3.62133431435
621.543395996	-7.94874572754
621.832824707	9.85877323151
622.122192383	8.99181079865
622.411560059	3.47421455383
622.70098877	8.4479932785
622.990356445	13.9582281113
623.279724121	15.5766181946
623.569152832	-0.618060648441
623.858520508	20.5520858765
624.147888184	2.66168737411
624.437316895	-10.3657550812
624.72668457	-24.4922389984
625.016052246	-10.5086145401
625.305480957	0.618240356445
625.594848633	-10.2650785446
625.884216309	0.617714941502
626.17364502	5.31903266907
626.463012695	13.4108104706
626.752441406	-34.6962203979
627.041809082	-8.32929611206
627.331176758	14.9377746582
627.620605469	-17.8660354614
627.909973145	-4.9129281044
628.19934082	8.9527759552
628.488769531	-11.1957597733
628.778137207	-9.86960697174
629.067504883	15.7331581116
629.356933594	12.7865257263
629.64630127	-6.56749629974
629.935668945	-16.0721530914
630.225097656	-6.32786750793
630.514465332	10.6440382004
630.803833008	4.01999568939
631.093261719	-8.09118652344
631.382629395	-18.3033638
631.67199707	-4.07755184174
631.961425781	-45.8388824463
632.250793457	-8.12137031555
632.540222168	8.74205684662
632.829589844	-1.76772737503
633.11895752	-13.0145721436
633.40838623	-20.4128646851
633.697753906	-11.0198163986
633.987121582	7.38690376282
634.276550293	6.89412927628
634.565917969	-7.084649086
634.855285645	0.813281655312
635.144714355	11.2344551086
635.434082031	-3.59477186203
635.723449707	-5.86174297333
636.012878418	-22.4775485992
636.302246094	-19.0785045624
636.59161377	-20.4140796661
636.88104248	25.8983364105
637.170410156	-9.35813617706
637.459777832	-7.93809604645
637.749206543	-5.22455644608
638.038574219	3.62810111046
638.32800293	-24.7640724182
638.617370605	-17.3271865845
638.906738281	-11.0275068283
639.196166992	-34.1914100647
639.485534668	-30.7628231049
639.774902344	-8.03956031799
640.064331055	-8.69857978821
640.35369873	-9.37839221954
640.643066406	-12.0425806046
640.932495117	-5.94696092606
641.221862793	-4.1997718811
641.511230469	-21.4364700317
641.80065918	-12.7820119858
642.090026855	11.2127351761
642.379394531	-20.913854599
642.668823242	-32.6492919922
642.958190918	-6.38379096985
643.247558594	-25.7323055267
643.536987305	-22.4240398407
643.82635498	-24.2842731476
644.115783691	-36.7252731323
644.405151367	-12.7700767517
644.694519043	13.891418457
644.983947754	-3.90651655197
645.27331543	-24.0309104919
645.562683105	-19.2290325165
645.852111816	-8.23692893982
646.141479492	-19.5808048248
646.430847168	-27.0870342255
646.720275879	-27.0275478363
647.009643555	-24.0281620026
647.29901123	14.6516447067
647.588439941	10.6442375183
647.877807617	-18.3073043823
648.167175293	-20.124080658
648.456604004	4.55796527863
648.74597168	4.20505619049
649.035339355	12.8304185867
649.324768066	16.9231090546
649.614135742	-11.1443996429
649.903564453	-29.9027843475
650.192932129	-10.4361124039
650.482299805	4.57987546921
650.771728516	-3.37504220009
651.061096191	-2.87297058105
651.350463867	-16.7541999817
651.639892578	-22.21717453
651.929260254	4.75218296051
652.21862793	9.17026996613
652.508056641	-6.85837745667
652.797424316	-14.3336009979
653.086791992	-8.47972297668
653.376220703	-2.6297082901
653.665588379	-9.79707050323
653.954956055	-6.49055528641
654.244384766	-0.130775421858
654.533752441	-2.2817800045
654.823181152	-10.9571561813
655.112548828	-11.0019598007
655.401916504	-4.86414575577
655.691345215	-10.2175006866
655.980712891	1.3307133913
656.270080566	5.03786325455
656.559509277	-16.8963031769
656.848876953	-2.89520716667
657.138244629	-18.2881546021
657.42767334	-57.4220275879
657.717041016	-2.62967276573
658.006408691	6.52645158768
658.295837402	18.668214798
658.585205078	0.0760473236442
658.874572754	-7.91211557388
659.164001465	18.0370197296
659.453369141	18.079618454
659.742736816	5.83925914764
660.032165527	8.3450345993
660.321533203	2.81683301926
660.610961914	2.27280426025
660.90032959	17.8859596252
661.189697266	-3.84316968918
661.479125977	-13.6535558701
661.768493652	3.81604528427
662.057861328	0.379396140575
662.347290039	-0.848226368427
662.636657715	7.25809335709
662.926025391	0.0699794366956
663.215454102	-2.97356104851
663.504821777	4.60614728928
663.794189453	0.0637853890657
664.083618164	12.6430473328
664.37298584	5.98789262772
664.662353516	23.5600318909
664.951782227	9.87293720245
665.241149902	-0.70311576128
665.530517578	14.9171199799
665.819946289	-3.69355916977
666.109313965	-19.378988266
666.398742676	9.43171977997
666.688110352	8.53315734863
666.977478027	-21.9188728333
667.266906738	18.565662384
667.556274414	2.50254869461
667.84564209	12.5678529739
668.135070801	-0.485209107399
668.424438477	7.49684286118
668.713806152	27.9110240936
669.003234863	-1.07685232162
669.292602539	-11.6912355423
669.581970215	3.04814052582
669.871398926	16.382774353
670.160766602	24.7862129211
670.450134277	28.2279815674
670.739562988	13.495965004
671.028930664	10.6506242752
671.31829834	24.5252552032
671.607727051	17.6313724518
671.897094727	14.3705043793
672.186523438	10.5564556122
672.475891113	0.783137083054
672.765258789	1.58135128021
673.0546875	-0.041290730238
673.344055176	30.2740135193
673.633422852	24.091758728
673.922851563	19.3914794922
674.212219238	26.9658164978
674.501586914	2.74376797676
674.791015625	14.4888019562
675.080383301	13.5311565399
675.369750977	91.0202865601
675.659179688	5.44525432587
675.948547363	3.06793117523
676.237915039	-0.50763386488
676.52734375	3.49814200401
676.816711426	9.70724487305
677.106079102	-4.13174772263
677.395507813	19.1977577209
677.684875488	22.4398212433
677.974304199	10.7009677887
678.263671875	13.6271114349
678.553039551	5.89139032364
678.842468262	26.4989719391
679.131835938	36.0928421021
679.421203613	6.48846769333
679.710632324	-0.841938197613
680	32.4050064087
680.289367676	-2.76797056198
680.578796387	47.8791618347
680.868164063	32.3255691528
681.157531738	8.672123909
681.446960449	23.0973339081
681.736328125	18.4724521637
682.025695801	27.7994747162
682.315124512	43.2976837158
682.604492188	30.2416496277
682.893920898	16.0140266418
683.183288574	5.03147888184
683.47265625	21.3838920593
683.762084961	22.1797065735
684.051452637	44.1087799072
684.340820313	16.5066051483
684.630249023	39.8309822083
684.919616699	24.7627429962
685.208984375	2.96916055679
685.498413086	-0.229653328657
685.787780762	1.25776994228
686.077148438	5.58454847336
686.366577148	32.8723068237
686.655944824	42.2630500793
686.9453125	35.6725921631
687.234741211	3.70864224434
687.524108887	7.29567480087
687.813476563	14.2000904083
688.102905273	8.04155921936
688.392272949	19.6244411469
688.68170166	31.6050720215
688.971069336	24.4189109802
689.260437012	21.3133163452
689.549865723	44.0036621094
689.839233398	16.8353233337
690.128601074	1.99193644524
690.418029785	18.0052814484
690.707397461	2.42410039902
690.996765137	46.7874984741
691.286193848	10.4668598175
691.575561523	28.7130718231
691.864929199	24.6809635162
692.15435791	37.338596344
692.443725586	33.0667419434
692.733093262	24.941860199
693.022521973	21.2178993225
693.311889648	30.3464355469
693.601257324	32.0672569275
693.890686035	39.9313201904
694.180053711	57.0533256531
694.469482422	29.3761882782
694.758850098	9.07851886749
695.048217773	36.4012107849
695.337646484	16.8541984558
695.62701416	61.8331413269
695.916381836	46.6006546021
696.205810547	38.5380172729
696.495178223	54.8323898315
696.784545898	53.0078659058
697.073974609	50.4090957642
697.363342285	67.1114273071
697.652709961	14.1389503479
697.942138672	40.371723175
698.231506348	30.8958301544
698.520874023	49.2478179932
698.810302734	64.0594482422
699.09967041	62.9331665039
699.389038086	62.1896972656
699.678466797	51.0042572021
699.967834473	69.2739715576
700.257263184	96.5829162598
700.546630859	86.4578552246
700.835998535	74.0161361694
701.125427246	83.9915847778
701.414794922	81.9107131958
701.704162598	72.5781326294
701.993591309	74.8253097534
702.282958984	67.0715866089
702.57232666	71.9897384644
702.861755371	58.368019104
703.151123047	36.1374855042
703.440490723	87.4750671387
703.729919434	105.053794861
704.019287109	80.5549468994
704.308654785	87.4882354736
704.598083496	97.9214477539
704.887451172	94.7890625
705.176818848	80.6693725586
705.466247559	93.3144989014
705.755615234	108.121078491
706.045043945	112.625335693
706.334411621	120.424102783
706.623779297	127.8620224
706.913208008	136.095779419
707.202575684	135.455337524
707.491943359	120.770942688
707.78137207	125.190727234
708.070739746	143.193832397
708.360107422	146.28678894
708.649536133	158.894805908
708.938903809	148.589813232
709.228271484	146.514312744
709.517700195	160.248306274
709.807067871	142.554641724
710.096435547	160.43397522
710.385864258	181.125244141
710.675231934	190.760925293
710.964660645	189.367477417
711.25402832	191.906967163
711.543395996	205.221115112
711.832824707	208.837432861
712.122192383	205.582977295
712.411560059	219.683013916
712.70098877	225.274429321
712.990356445	233.518264771
713.279724121	233.14881897
713.569152832	221.564941406
713.858520508	213.712814331
714.147888184	230.26890564
714.437316895	260.251190186
714.72668457	247.89956665
715.016052246	255.915374756
715.305480957	268.44430542
715.594848633	243.471817017
715.884216309	274.701507568
716.17364502	270.262878418
716.463012695	288.181274414
716.752441406	278.069091797
717.041809082	252.573410034
717.331176758	322.112640381
717.620605469	302.494598389
717.909973145	286.123443604
718.19934082	274.6277771
718.488769531	283.777282715
718.778137207	277.526489258
719.067504883	300.300842285
719.356933594	287.502868652
719.64630127	287.344604492
719.935668945	294.930480957
720.225097656	279.222564697
720.514465332	276.682220459
720.803833008	303.334991455
721.093261719	319.90737915
721.382629395	304.832855225
721.67199707	279.817169189
721.961425781	281.975952148
722.250793457	320.354553223
722.540222168	256.747711182
722.829589844	255.369491577
723.11895752	289.351593018
723.40838623	276.54385376
723.697753906	290.804779053
723.987121582	278.926544189
724.276550293	246.573867798
724.565917969	260.68536377
724.855285645	216.363037109
725.144714355	223.37121582
725.434082031	222.073532104
725.723449707	226.504379272
726.012878418	218.529632568
726.302246094	220.19241333
726.59161377	208.922088623
726.88104248	200.020828247
727.170410156	182.995620728
727.459777832	193.68598938
727.749206543	203.321350098
728.038574219	187.824951172
728.32800293	189.813339233
728.617370605	183.26713562
728.906738281	183.557357788
729.196166992	173.295013428
729.485534668	151.698516846
729.774902344	165.995819092
730.064331055	132.453689575
730.35369873	162.189956665
730.643066406	129.643981934
730.932495117	113.120414734
731.221862793	139.40574646
731.511230469	122.64617157
731.80065918	114.073280334
732.090026855	133.846893311
732.379394531	101.394195557
732.668823242	96.814956665
732.958190918	108.248977661
733.247558594	99.2262115479
733.536987305	109.562011719
733.82635498	100.889343262
734.115783691	81.9077606201
734.405151367	95.1640472412
734.694519043	87.5856170654
734.983947754	72.4856262207
735.27331543	79.0668563843
735.562683105	83.212059021
735.852111816	72.5493240356
736.141479492	58.6286087036
736.430847168	72.3375320435
736.720275879	55.3002853394
737.009643555	62.9078903198
737.29901123	57.3731575012
737.588439941	69.2966079712
737.877807617	70.632232666
738.167175293	82.8645935059
738.456604004	63.441608429
738.74597168	43.8687896729
739.035339355	62.0948028564
739.324768066	49.2211303711
739.614135742	52.7537841797
739.903564453	71.2726898193
740.192932129	63.4379081726
740.482299805	75.1919937134
740.771728516	61.9528465271
741.061096191	58.9190940857
741.350463867	58.7708358765
741.639892578	54.7187004089
741.929260254	54.3389968872
742.21862793	57.2136917114
742.508056641	50.4352340698
742.797424316	52.0899543762
743.086791992	51.3652839661
743.376220703	48.3468360901
743.665588379	59.5547828674
743.954956055	44.5805969238
744.244384766	28.8267993927
744.533752441	55.0750274658
744.823181152	63.8402709961
745.112548828	25.1312255859
745.401916504	18.8765239716
745.691345215	44.5116424561
745.980712891	25.7447338104
746.270080566	62.6155204773
746.559509277	60.4586448669
746.848876953	31.1995487213
747.138244629	62.2779197693
747.42767334	42.5176391602
747.717041016	53.1797714233
748.006408691	28.0511322021
748.295837402	25.7444667816
748.585205078	28.3604545593
748.874572754	49.1785926819
749.164001465	32.0647964478
749.453369141	53.0242919922
749.742736816	44.0013656616
750.032165527	38.5203857422
750.321533203	40.1253890991
750.610961914	39.8214073181
750.90032959	37.0121040344
751.189697266	31.4081230164
751.479125977	40.1761627197
751.768493652	49.4479141235
752.057861328	47.8107299805
752.347290039	50.0033302307
752.636657715	46.0551109314
752.926025391	55.2477607727
753.215454102	56.4894371033
753.504821777	60.996295929
753.794189453	69.7988052368
754.083618164	57.1884307861
754.37298584	51.8403091431
754.662353516	13.5327138901
754.951782227	45.3881568909
755.241149902	41.9138145447
755.530517578	42.3672065735
755.819946289	47.9389572144
756.109313965	28.803483963
756.398742676	27.2038478851
756.688110352	32.2639312744
756.977478027	40.0732803345
757.266906738	46.8498649597
757.556274414	42.7356300354
757.84564209	19.1484947205
758.135070801	35.5762023926
758.424438477	46.3994674683
758.713806152	39.4134063721
759.003234863	46.0200691223
759.292602539	52.7761955261
759.581970215	44.8887672424
759.871398926	51.8972892761
760.160766602	61.1021461487
760.450134277	64.1788253784
760.739562988	61.7688903809
761.028930664	42.3326339722
761.31829834	51.6515045166
761.607727051	51.5801887512
761.897094727	42.7140007019
762.186523438	36.8733978271
762.475891113	37.8333816528
762.765258789	24.3126544952
763.0546875	26.1947078705
763.344055176	33.9371643066
763.633422852	49.7960739136
763.922851563	51.4557151794
764.212219238	54.6146736145
764.501586914	62.8634757996
764.791015625	64.2101287842
765.080383301	66.8717727661
765.369750977	24.9887390137
765.659179688	22.0856380463
765.948547363	73.4960632324
766.237915039	70.3112716675
766.52734375	46.9108543396
766.816711426	45.4352912903
767.106079102	59.3435134888
767.395507813	61.3249359131
767.684875488	55.62915802
767.974304199	43.8788871765
768.263671875	37.1779823303
768.553039551	49.9629173279
768.842468262	43.6398925781
769.131835938	47.2939682007
769.421203613	43.6726531982
769.710632324	23.1921596527
770	27.9385204315
770.289367676	30.8677425385
770.578796387	38.743938446
770.868164063	40.4126625061
771.157531738	43.4090232849
771.446960449	45.4736938477
771.736328125	21.2373886108
772.025695801	25.9742279053
772.315124512	36.7183418274
772.604492188	51.1446342468
772.893920898	56.9126777649
773.183288574	24.8196811676
773.47265625	31.8128681183
773.762084961	29.3082046509
774.051452637	23.8270263672
774.340820313	39.481590271
774.630249023	34.8624229431
774.919616699	26.0179634094
775.208984375	45.7565116882
775.498413086	21.7083911896
775.787780762	16.9825820923
776.077148438	45.7404174805
776.366577148	34.3446426392
776.655944824	34.2880210876
776.9453125	35.2592353821
777.234741211	27.5365562439
777.524108887	30.0316944122
777.813476563	19.9609165192
778.102905273	32.8800811768
778.392272949	27.2321548462
778.68170166	5.56049871445
778.971069336	19.3144283295
779.260437012	32.5861778259
779.549865723	32.9469947815
779.839233398	26.9533634186
780.128601074	21.4665699005
780.418029785	24.9228439331
780.707397461	36.9423980713
780.996765137	27.6465206146
781.286193848	27.6513786316
781.575561523	34.833530426
781.864929199	28.6926841736
782.15435791	50.972442627
782.443725586	41.9768600464
782.733093262	41.9737091064
783.022521973	31.7344264984
783.311889648	44.1746330261
783.601257324	46.0721168518
783.890686035	29.9514865875
784.180053711	33.3816871643
784.469482422	23.1265335083
784.758850098	17.3035583496
785.048217773	11.9234542847
785.337646484	29.8086833954
785.62701416	25.5450325012
785.916381836	17.4610710144
786.205810547	29.9029407501
786.495178223	27.2232761383
786.784545898	11.4718332291
787.073974609	33.3829421997
787.363342285	34.4112854004
787.652709961	21.2501735687
787.942138672	17.8282737732
788.231506348	32.9825935364
788.520874023	49.5524406433
788.810302734	54.2574920654
789.09967041	46.4191360474
789.389038086	37.7445983887
789.678466797	28.5863704681
789.967834473	37.4428367615
790.257263184	20.7216205597
790.546630859	19.6652469635
790.835998535	35.0410041809
791.125427246	24.945274353
791.414794922	35.4919281006
791.704162598	31.6157302856
791.993591309	41.1015434265
792.282958984	28.5490760803
792.57232666	21.7693138123
792.861755371	42.6667480469
793.151123047	48.2536849976
793.440490723	33.3066864014
793.729919434	47.1938705444
794.019287109	32.2695770264
794.308654785	34.8460159302
794.598083496	54.6687431335
794.887451172	35.7686195374
795.176818848	37.6639060974
795.466247559	39.8882446289
795.755615234	29.9800643921
796.045043945	40.1660728455
796.334411621	57.5950508118
796.623779297	49.0804252625
796.913208008	32.7073554993
797.202575684	36.9805717468
797.491943359	44.1832313538
797.78137207	51.0865249634
798.070739746	33.4876708984
798.360107422	45.8639144897
798.649536133	35.0587120056
798.938903809	54.5096626282
799.228271484	63.927898407
799.517700195	38.1751861572
799.807067871	28.624917984
800.096435547	52.1195678711
800.385864258	58.6444473267
800.675231934	44.7360229492
800.964660645	46.3243751526
801.25402832	60.641292572
801.543395996	64.7702178955
801.832824707	71.4669723511
802.122192383	63.462928772
802.411560059	68.8394317627
802.70098877	61.9426574707
802.990356445	59.3391838074
803.279724121	58.522819519
803.569152832	51.6924514771
803.858520508	53.9473762512
804.147888184	65.8497619629
804.437316895	65.5084075928
804.72668457	58.010887146
805.016052246	62.8556594849
805.305480957	56.0497016907
805.594848633	44.8517456055
805.884216309	45.5934867859
806.17364502	67.1061325073
806.463012695	79.8188247681
806.752441406	50.0548591614
807.041809082	38.2758483887
807.331176758	45.9113883972
807.620605469	65.2275009155
807.909973145	54.2009353638
808.19934082	60.4893074036
808.488769531	67.2485351563
808.778137207	79.2395477295
809.067504883	67.6028671265
809.356933594	75.7639541626
809.64630127	73.2102890015
809.935668945	53.2789306641
810.225097656	73.9754180908
810.514465332	80.7774581909
810.803833008	83.9696426392
811.093261719	87.4820480347
811.382629395	74.046295166
811.67199707	80.9022979736
811.961425781	83.1319885254
812.250793457	85.1671829224
812.540222168	93.6490707397
812.829589844	88.4911499023
813.11895752	95.5456390381
813.40838623	93.481628418
813.697753906	96.4828872681
813.987121582	87.6357650757
814.276550293	61.1325416565
814.565917969	55.0461578369
814.855285645	47.8733482361
815.144714355	70.0749588013
815.434082031	85.1160202026
815.723449707	53.6304664612
816.012878418	66.506149292
816.302246094	87.629486084
816.59161377	99.8870925903
816.88104248	70.1114120483
817.170410156	96.1990966797
817.459777832	71.4384002686
817.749206543	64.6170654297
818.038574219	61.6276016235
818.32800293	70.507194519
818.617370605	101.468421936
818.906738281	95.1615753174
819.196166992	88.9493713379
819.485534668	81.1867141724
819.774902344	73.3217697144
820.064331055	77.356880188
820.35369873	70.2167816162
820.643066406	92.7629699707
820.932495117	88.2724380493
821.221862793	64.1108627319
821.511230469	72.5664672852
821.80065918	67.2202301025
822.090026855	71.1213989258
822.379394531	100.198097229
822.668823242	107.258354187
822.958190918	89.1529312134
823.247558594	85.1497955322
823.536987305	74.0306091309
823.82635498	76.6993484497
824.115783691	90.8684921265
824.405151367	106.023078918
824.694519043	87.9777069092
824.983947754	69.9327392578
825.27331543	86.8099746704
825.562683105	71.706993103
825.852111816	53.4647598267
826.141479492	70.5729522705
826.430847168	89.1057128906
826.720275879	87.5482940674
827.009643555	100.818595886
827.29901123	88.6721572876
827.588439941	87.7180023193
827.877807617	81.5547180176
828.167175293	71.0276565552
828.456604004	58.6216049194
828.74597168	72.9636917114
829.035339355	79.9608001709
829.324768066	72.8870239258
829.614135742	83.7559661865
829.903564453	78.4338912964
830.192932129	82.5137710571
830.482299805	79.7147369385
830.771728516	85.4456481934
831.061096191	97.2386627197
831.350463867	85.8383102417
831.639892578	71.7596511841
831.929260254	48.3309822083
832.21862793	57.4794616699
832.508056641	73.1678924561
832.797424316	86.013633728
833.086791992	73.9697341919
833.376220703	63.1867256165
833.665588379	101.108886719
833.954956055	79.576461792
834.244384766	85.4228439331
834.533752441	66.5242080688
834.823181152	53.1494026184
835.112548828	100.362823486
835.401916504	80.2381134033
835.691345215	66.7095031738
835.980712891	65.9595413208
836.270080566	82.8777999878
836.559509277	122.163391113
836.848876953	91.8455657959
837.138244629	77.1676254272
837.42767334	91.5784683228
837.717041016	46.9637641907
838.006408691	81.8107299805
838.295837402	58.1466217041
838.585205078	59.846370697
838.874572754	69.8649673462
839.164001465	67.0507125854
839.453369141	64.9921569824
839.742736816	78.400894165
840.032165527	82.5746765137
840.321533203	62.9353103638
840.610961914	68.4743270874
840.90032959	76.3227539063
841.189697266	79.0781707764
841.479125977	88.0463867188
841.768493652	78.9114151001
842.057861328	64.1639022827
842.347290039	69.2109680176
842.636657715	96.1238555908
842.926025391	84.3109130859
843.215454102	67.0742874146
843.504821777	83.5401535034
843.794189453	99.1349182129
844.083618164	97.8934173584
844.37298584	78.9166564941
844.662353516	66.6408157349
844.951782227	54.6961898804
845.241149902	44.963809967
845.530517578	71.9072113037
845.819946289	84.8698120117
846.109313965	107.541725159
846.398742676	35.2289352417
846.688110352	65.2704849243
846.977478027	67.9880523682
847.266906738	84.6742858887
847.556274414	60.6342887878
847.84564209	76.6008834839
848.135070801	58.2670936584
848.424438477	60.5561981201
848.713806152	74.8506774902
849.003234863	78.2593154907
849.292602539	66.3535995483
849.581970215	47.5123329163
849.871398926	70.4744415283
850.160766602	75.7205810547
850.450134277	55.4510917664
850.739562988	54.1475753784
851.028930664	45.2213478088
851.31829834	44.529006958
851.607727051	49.9234924316
851.897094727	56.0204582214
852.186523438	52.5885238647
852.475891113	43.2067298889
852.765258789	40.2443695068
853.0546875	44.803894043
853.344055176	69.763168335
853.633422852	76.2676010132
853.922851563	43.4301528931
854.212219238	37.6843452454
854.501586914	46.1226196289
854.791015625	49.4807243347
855.080383301	76.4631881714
855.369750977	72.6075210571
855.659179688	50.9043464661
855.948547363	49.8601989746
856.237915039	70.2667312622
856.52734375	62.2937889099
856.816711426	86.8875808716
857.106079102	42.8400154114
857.395507813	30.8948974609
857.684875488	40.8490409851
857.974304199	26.4302921295
858.263671875	52.1505508423
858.553039551	42.5316963196
858.842468262	49.9647521973
859.131835938	63.1613273621
859.421203613	36.1562423706
859.710632324	43.3146438599
860	29.0331916809
860.289367676	45.6474914551
860.578796387	65.7355804443
860.868164063	39.8271751404
861.157531738	51.6128616333
861.446960449	49.2014350891
861.736328125	68.8687133789
862.025695801	69.6990814209
862.315124512	50.450252533
862.604492188	69.2229995728
862.893920898	60.3535652161
863.183288574	36.5699195862
863.47265625	46.7943267822
863.762084961	56.1294822693
864.051452637	55.3504714966
864.340820313	45.904712677
864.630249023	46.1085243225
864.919616699	67.7445526123
865.208984375	69.0580673218
865.498413086	47.4986953735
865.787780762	41.4096260071
866.077148438	33.6340332031
866.366577148	18.8205108643
866.655944824	33.8688926697
866.9453125	51.8562393188
867.234741211	51.2031173706
867.524108887	64.8471984863
867.813476563	57.4292755127
868.102905273	41.5239524841
868.392272949	55.5471878052
868.68170166	57.1330795288
868.971069336	56.0723304749
869.260437012	55.2591400146
869.549865723	45.5144615173
869.839233398	42.0987319946
870.128601074	11.2115688324
870.418029785	61.6521949768
870.707397461	31.4166412354
870.996765137	32.9247398376
871.286193848	30.6292819977
871.575561523	41.0680465698
871.864929199	37.5292701721
872.15435791	39.2960662842
872.443725586	49.1576805115
872.733093262	35.7919998169
873.022521973	14.0177841187
873.311889648	16.4169960022
873.601257324	22.9250946045
873.890686035	41.7607421875
874.180053711	21.1804599762
874.469482422	26.0942306519
874.758850098	25.0727882385
875.048217773	19.2674102783
875.337646484	41.5185852051
875.62701416	14.8703517914
875.916381836	30.3806056976
876.205810547	60.0512886047
876.495178223	33.8574409485
876.784545898	45.4643745422
877.073974609	39.6372528076
877.363342285	27.4917469025
877.652709961	15.7332029343
877.942138672	7.62507486343
878.231506348	15.0345001221
878.520874023	34.6861114502
878.810302734	36.6800346375
879.09967041	51.0594329834
879.389038086	65.520614624
879.678466797	38.55701828
879.967834473	14.8297233582
880.257263184	17.4281387329
880.546630859	23.4083633423
880.835998535	19.4715976715
881.125427246	23.3034114838
881.414794922	24.9926204681
881.704162598	10.749458313
881.993591309	29.668674469
882.282958984	36.6772193909
882.57232666	29.9484615326
882.861755371	26.330324173
883.151123047	30.7988319397
883.440490723	12.4443397522
883.729919434	20.4773254395
884.019287109	25.3125324249
884.308654785	34.3152198792
884.598083496	43.3108520508
884.887451172	32.3086547852
885.176818848	19.7261352539
885.466247559	33.478603363
885.755615234	56.5769920349
886.045043945	26.5792160034
886.334411621	26.6710147858
886.623779297	26.99010849
886.913208008	44.8463363647
887.202575684	26.8209457397
887.491943359	28.8072757721
887.78137207	36.408618927
888.070739746	36.0260543823
888.360107422	3.61589765549
888.649536133	36.847858429
888.938903809	0.0551341883838
889.228271484	23.8861904144
889.517700195	8.98021030426
889.807067871	17.5197620392
890.096435547	-7.6775021553
890.385864258	-7.39451646805
890.675231934	-11.4230794907
890.964660645	-2.26436233521
891.25402832	29.9834423065
891.543395996	22.558637619
891.832824707	18.3872776031
892.122192383	22.1179924011
892.411560059	14.4922609329
892.70098877	7.41025543213
892.990356445	17.6543979645
893.279724121	18.9734897614
893.569152832	16.1392879486
893.858520508	23.4351882935
894.147888184	25.2904129028
894.437316895	13.7159767151
894.72668457	18.7765254974
895.016052246	24.9046993256
895.305480957	11.3881244659
895.594848633	24.3065834045
895.884216309	21.1793861389
896.17364502	-4.03909254074
896.463012695	0.406221181154
896.752441406	10.4050264359
897.041809082	10.3247060776
897.331176758	4.45043945313
897.620605469	1.88259446621
897.909973145	1.50051558018
898.19934082	22.6474895477
898.488769531	40.0088424683
898.778137207	15.3025465012
899.067504883	14.2107505798
899.356933594	28.2618026733
899.64630127	8.72737979889
899.935668945	3.95955848694
900.225097656	12.4244289398
900.514465332	11.7684240341
900.803833008	12.231803894
901.093261719	14.1449165344
901.382629395	23.8556098938
901.67199707	34.4500961304
901.961425781	35.5646209717
902.250793457	26.459400177
902.540222168	6.19526529312
902.829589844	21.0878448486
903.11895752	16.5329151154
903.40838623	34.9584770203
903.697753906	50.5937309265
903.987121582	35.1799163818
904.276550293	17.7216892242
904.565917969	13.574962616
904.855285645	1.08570599556
905.144714355	14.67948246
905.434082031	5.43265724182
905.723449707	20.247844696
906.012878418	4.62482357025
906.302246094	-2.50505805016
906.59161377	21.3228244781
906.88104248	21.5921363831
907.170410156	14.7706050873
907.459777832	38.2378921509
907.749206543	27.4622840881
908.038574219	44.3934364319
908.32800293	9.95205688477
908.617370605	45.3473205566
908.906738281	10.6273517609
909.196166992	39.7738609314
909.485534668	-19.3379516602
909.774902344	34.7457885742
910.064331055	-2.49319839478
910.35369873	51.2411766052
910.643066406	21.4059734344
910.932495117	23.201166153
911.221862793	2.51537632942
911.511230469	16.1083946228
911.80065918	17.5371322632
912.090026855	20.9311771393
912.379394531	23.8850345612
912.668823242	40.4629440308
912.958190918	23.623588562
913.247558594	10.9180231094
913.536987305	13.3479804993
913.82635498	8.09505271912
914.115783691	8.77476596832
914.405151367	10.4952259064
914.694519043	14.1880989075
914.983947754	28.5565338135
915.27331543	45.2425689697
915.562683105	24.8434009552
915.852111816	24.3163280487
916.141479492	44.4689178467
916.430847168	22.6937713623
916.720275879	34.6291007996
917.009643555	21.2523918152
917.29901123	40.4696769714
917.588439941	0.479958921671
917.877807617	-15.8337602615
918.167175293	13.4120903015
918.456604004	8.51587581635
918.74597168	8.17554569244
919.035339355	-0.227285370231
919.324768066	15.1233272552
919.614135742	15.8337774277
919.903564453	0.246401190758
920.192932129	-0.664486289024
920.482299805	21.114566803
920.771728516	26.8077087402
921.061096191	39.9290466309
921.350463867	40.8052711487
921.639892578	18.6390361786
921.929260254	26.9722900391
922.21862793	34.7569580078
922.508056641	30.3172874451
922.797424316	13.8360881805
923.086791992	12.8055715561
923.376220703	-1.03131616116
923.665588379	-10.7949867249
923.954956055	-0.41388207674
924.244384766	7.00460100174
924.533752441	2.64010047913
924.823181152	3.42845678329
925.112548828	22.5898342133
925.401916504	0.263176053762
925.691345215	-16.6127738953
925.980712891	14.3833208084
926.270080566	26.9665737152
926.559509277	17.8567371368
926.848876953	-5.67353534698
927.138244629	-24.5622062683
927.42767334	3.75300574303
927.717041016	26.2657032013
928.006408691	9.83577156067
928.295837402	-3.61976838112
928.585205078	-11.5164957047
928.874572754	-5.31385755539
929.164001465	-5.77769851685
929.453369141	-11.6326780319
929.742736816	-8.19200325012
930.032165527	3.03043556213
930.321533203	12.9972333908
930.610961914	6.97431087494
930.90032959	30.5858840942
931.189697266	18.9623508453
931.479125977	11.2922105789
931.768493652	11.5033931732
932.057861328	0.87570899725
932.347290039	-3.6213350296
932.636657715	14.7858924866
932.926025391	12.8454637527
933.215454102	-4.54562282562
933.504821777	9.19827461243
933.794189453	12.3738136292
934.083618164	-3.52899265289
934.37298584	-4.40057325363
934.662353516	10.55377388
934.951782227	22.764005661
935.241149902	-1.16348409653
935.530517578	1.72933936119
935.819946289	-8.35535144806
936.109313965	13.5037813187
936.398742676	-6.08994293213
936.688110352	-8.9410161972
936.977478027	8.37685680389
937.266906738	13.1852321625
937.556274414	13.666434288
937.84564209	0.271172195673
938.135070801	8.06148147583
938.424438477	12.2397050858
938.713806152	-11.7324609756
939.003234863	-22.7778453827
939.292602539	-8.43140792847
939.581970215	20.4118537903
939.871398926	8.20240783691
940.160766602	-0.0793288871646
940.450134277	12.8657407761
940.739562988	-15.0912647247
941.028930664	1.65068030357
941.31829834	-17.9748077393
941.607727051	-15.2484617233
941.897094727	-44.8951911926
942.186523438	-37.395652771
942.475891113	-15.1097612381
942.765258789	-30.1925239563
943.0546875	-17.8673019409
943.344055176	4.14856767654
943.633422852	-14.6326808929
943.922851563	-33.8870506287
944.212219238	-26.7476444244
944.501586914	-17.8531112671
944.791015625	-8.99248886108
945.080383301	-40.4973716736
945.369750977	-13.5781803131
945.659179688	-36.9013977051
945.948547363	-29.9548625946
946.237915039	-24.8064231873
946.52734375	-63.302734375
946.816711426	-41.9216308594
947.106079102	-7.7309551239
947.395507813	-25.115694046
947.684875488	-25.9672546387
947.974304199	-30.6981868744
948.263671875	-31.6510658264
948.553039551	-37.752872467
948.842468262	-48.7225723267
949.131835938	-49.2042617798
949.421203613	-33.4388771057
949.710632324	-39.7201004028
950	-47.5191726685
950.289367676	-33.4627761841
950.578796387	-34.8951225281
950.868164063	-12.6270542145
951.157531738	-10.5320825577
951.446960449	-25.6358165741
951.736328125	-43.4539299011
952.025695801	-29.3074436188
952.315124512	-22.5242156982
952.604492188	-44.9145927429
952.893920898	-29.9416675568
953.183288574	-45.9763336182
953.47265625	-19.1174468994
953.762084961	-48.3705940247
954.051452637	-34.0934944153
954.340820313	-36.6464691162
954.630249023	-33.9469833374
954.919616699	-48.2946357727
955.208984375	-46.2497138977
955.498413086	-33.7054977417
955.787780762	-48.9083786011
956.077148438	-41.9039802551
956.366577148	-26.4957523346
956.655944824	-27.3495101929
956.9453125	-17.1075668335
957.234741211	-38.070186615
957.524108887	-41.7413291931
957.813476563	-64.6268234253
958.102905273	-39.6189842224
958.392272949	-44.0537986755
958.68170166	-19.1133422852
958.971069336	-72.3589477539
959.260437012	-47.4353637695
959.549865723	-36.8479347229
959.839233398	-32.5698547363
960.128601074	-19.0984191895
960.418029785	-47.6333045959
960.707397461	-33.7065467834
960.996765137	-34.9948768616
961.286193848	-29.1039791107
961.575561523	-51.315158844
961.864929199	-55.4169654846
962.15435791	-59.3461380005
962.443725586	-18.0575637817
962.733093262	-44.2284622192
963.022521973	-58.5734062195
963.311889648	-23.0131015778
963.601257324	-62.048500061
963.890686035	-47.2506217957
964.180053711	-59.1524772644
964.469482422	-34.3245697021
964.758850098	-64.215927124
965.048217773	-41.7911186218
965.337646484	-57.9759063721
965.62701416	-53.6328887939
965.916381836	-30.9803009033
966.205810547	-36.2888679504
966.495178223	-46.0100593567
966.784545898	-86.5466766357
967.073974609	-29.0591030121
967.363342285	-44.3630561829
967.652709961	-58.4792671204
967.942138672	-80.9379806519
968.231506348	-53.6923751831
968.520874023	-59.3715705872
968.810302734	-55.3971786499
969.09967041	-39.882774353
969.389038086	-57.7643661499
969.678466797	-58.1781578064
969.967834473	-71.3309860229
970.257263184	-60.2308654785
970.546630859	-40.6976585388
970.835998535	-70.0418930054
971.125427246	-63.0015869141
971.414794922	-65.1888427734
971.704162598	-63.4669151306
971.993591309	-25.3638629913
972.282958984	-38.5069274902
972.57232666	-50.455657959
972.861755371	-32.9002113342
973.151123047	-43.323551178
973.440490723	-69.7200317383
973.729919434	-62.7302627563
974.019287109	-69.6692276001
974.308654785	-49.8735694885
974.598083496	-63.3000564575
974.887451172	-71.5483474731
975.176818848	-73.2370681763
975.466247559	-65.0876235962
975.755615234	-64.1830825806
976.045043945	-74.2892608643
976.334411621	-96.8124465942
976.623779297	-75.7003860474
976.913208008	-66.6398162842
977.202575684	-61.6102714539
977.491943359	-65.9398651123
977.78137207	-67.0631256104
978.070739746	-78.1932525635
978.360107422	-69.1834869385
978.649536133	-58.8323860168
978.938903809	-58.9849700928
979.228271484	-63.1617279053
979.517700195	-76.9624862671
979.807067871	-74.7908477783
980.096435547	-58.5103340149
980.385864258	-66.5960006714
980.675231934	-67.2344284058
980.964660645	-51.4658470154
981.25402832	-42.5859603882
981.543395996	-47.8652572632
981.832824707	-67.4904708862
982.122192383	-63.0859336853
982.411560059	-59.2717208862
982.70098877	-60.7001609802
982.990356445	-42.2323875427
983.279724121	-42.6674461365
983.569152832	-42.4393920898
983.858520508	-36.2738647461
984.147888184	-48.5114097595
984.437316895	-48.9674377441
984.72668457	-27.1896057129
985.016052246	-43.0262756348
985.305480957	-47.7281532288
985.594848633	-46.1776161194
985.884216309	-43.6051025391
986.17364502	-39.4139137268
986.463012695	-39.4383277893
986.752441406	-71.2468948364
987.041809082	-65.9680862427
987.331176758	-50.7581253052
987.620605469	-53.7063407898
987.909973145	-52.478553772
988.19934082	-62.8696670532
988.488769531	-53.2912712097
988.778137207	-26.2609977722
989.067504883	-23.9626560211
989.356933594	-37.5820159912
989.64630127	-25.0644359589
989.935668945	-42.5475883484
990.225097656	-46.0265655518
990.514465332	-46.6203155518
990.803833008	-66.9679718018
991.093261719	-82.7460174561
991.382629395	-72.2196502686
991.67199707	-55.5409393311
991.961425781	-61.8077583313
992.250793457	-53.1873970032
992.540222168	-46.5960617065
992.829589844	-26.2303371429
993.11895752	-30.4454231262
993.40838623	-32.0616073608
993.697753906	-13.2625350952
993.987121582	-51.0996932983
994.276550293	-47.4116783142
994.565917969	-31.9231510162
994.855285645	-22.7241744995
995.144714355	-30.0334758759
995.434082031	-12.3982200623
995.723449707	-34.7605247498
996.012878418	-28.9289550781
996.302246094	-48.5627403259
996.59161377	-33.6320762634
996.88104248	-26.1630573273
997.170410156	-33.3066101074
997.459777832	-27.7455730438
997.749206543	-13.9154691696
998.038574219	-28.7018451691
998.32800293	-13.4056758881
998.617370605	-8.50919055939
998.906738281	-35.3829689026
999.196166992	-45.682258606
999.485534668	-5.87634944916
999.774902344	-4.0692191124
1000.06433105	2.85854148865
1000.35369873	-10.1971216202
1000.64306641	3.05898332596
1000.93249512	-3.70539474487
1001.22186279	-3.54963183403
1001.51123047	-4.70905447006
1001.80065918	9.66833209991
1002.09002686	-8.25189113617
1002.37939453	2.6635787487
1002.66882324	16.668586731
1002.95819092	-17.891040802
1003.24755859	18.7168121338
1003.5369873	1.27431178093
1003.82635498	18.6133651733
1004.11578369	11.9504060745
1004.40515137	0.837799608707
1004.69451904	24.0120582581
1004.98394775	38.2363052368
1005.27331543	9.04386520386
1005.56268311	22.4654388428
1005.85211182	37.6931037903
1006.14147949	16.1884078979
1006.43084717	-9.23816299438
1006.72027588	9.29467773438
1007.00964355	34.4398841858
1007.29901123	39.7999343872
1007.58843994	25.9345817566
1007.87780762	43.2296905518
1008.16717529	33.7259712219
1008.456604	36.7053451538
1008.74597168	49.3844871521
1009.03533936	40.8609924316
1009.32476807	45.5823097229
1009.61413574	31.2502212524
1009.90356445	44.3851127625
1010.19293213	59.5007781982
1010.4822998	56.9968147278
1010.77172852	56.2772140503
1011.06109619	56.4016685486
1011.35046387	65.4118652344
1011.63989258	70.8577880859
1011.92926025	70.4446487427
1012.21862793	79.6823806763
1012.50805664	73.4828033447
1012.79742432	74.2000274658
1013.08679199	62.9924545288
1013.3762207	50.6751976013
1013.66558838	81.9978942871
1013.95495605	89.519317627
1014.24438477	116.597572327
1014.53375244	106.539405823
1014.82318115	91.7167816162
1015.11254883	99.0590057373
1015.4019165	96.772819519
1015.69134521	104.912101746
1015.98071289	109.222106934
1016.27008057	120.330444336
1016.55950928	106.303718567
1016.84887695	109.674263
1017.13824463	128.976455688
1017.42767334	140.62550354
1017.71704102	140.308547974
1018.00640869	155.088287354
1018.2958374	156.812530518
1018.58520508	148.262664795
1018.87457275	180.412994385
1019.16400146	137.459030151
1019.45336914	177.208480835
1019.74273682	153.386154175
1020.03216553	176.773483276
1020.3215332	189.767089844
1020.61096191	198.46105957
1020.90032959	209.409240723
1021.18969727	190.889648438
1021.47912598	213.871231079
1021.76849365	195.628982544
1022.05786133	221.345718384
1022.34729004	256.927886963
1022.63665771	266.185150146
1022.92602539	277.845733643
1023.2154541	295.9425354
1023.50482178	289.813568115
1023.79418945	295.91116333
1024.08361816	306.773101807
1024.37304688	320.18927002
1024.66235352	338.290100098
1024.95178223	349.076843262
1025.24121094	370.363098145
1025.53051758	375.668518066
1025.81994629	392.734069824
1026.109375	407.027648926
1026.39868164	412.59576416
1026.68811035	432.643737793
1026.97753906	454.362640381
1027.2668457	461.107513428
1027.55627441	479.680389404
1027.84570313	499.606781006
1028.13500977	501.590911865
1028.42443848	538.660400391
1028.71386719	564.323608398
1029.00317383	560.36340332
1029.29260254	603.237060547
1029.58203125	650.598999023
1029.87133789	644.740844727
1030.1607666	658.350830078
1030.45019531	679.53894043
1030.73950195	716.592407227
1031.02893066	773.036865234
1031.31835938	775.00378418
1031.60766602	782.178833008
1031.89709473	812.389892578
1032.18652344	862.815307617
1032.47583008	861.817504883
1032.76525879	889.294250488
1033.0546875	958.037536621
1033.34399414	962.421081543
1033.63342285	1003.59747314
1033.92285156	1049.0345459
1034.2121582	1059.58215332
1034.50158691	1103.50512695
1034.79101563	1177.99841309
1035.08044434	1233.12316895
1035.36975098	1269.69030762
1035.65917969	1313.86376953
1035.9486084	1389.38098145
1036.23791504	1446.40026855
1036.52734375	1507.00048828
1036.81677246	1562.92834473
1037.1060791	1651.41247559
1037.39550781	1748.71875
1037.68493652	1844.30041504
1037.97424316	1937.06433105
1038.26367188	2022.95361328
1038.55310059	2151.63134766
1038.84240723	2286.04418945
1039.13183594	2417.63964844
1039.42126465	2532.03857422
1039.71057129	2659.25244141
1040	2827.38574219
1040.28942871	3004.68823242
1040.57873535	3190.30712891
1040.86816406	3400.12255859
1041.15759277	3580.21313477
1041.44689941	3816.45214844
1041.73632813	4082.91113281
1042.02575684	4337.01367188
1042.31506348	4591.99121094
1042.60449219	4879.67285156
1042.8939209	5217.51757813
1043.18322754	5583.20214844
1043.47265625	5954.45898438
1043.76208496	6365.7578125
1044.0513916	6788.22949219
1044.34082031	7202.8125
1044.63024902	7684.89257813
1044.91955566	8187.25195313
1045.20898438	8692.85351563
1045.49841309	9209.35253906
1045.7878418	9732.75097656
1046.07714844	10270.96875
1046.36657715	10807.5078125
1046.65600586	11324.9589844
1046.9453125	11844.5332031
1047.23474121	12316.9921875
1047.52416992	12754.8720703
1047.81347656	13100.4833984
1048.10290527	13485.2050781
1048.39233398	13824.9541016
1048.68164063	14031.0419922
1048.97106934	14150.5292969
1049.26049805	14222.6572266
1049.54980469	14266.4423828
1049.8392334	14225.2597656
1050.12866211	14077.2880859
1050.41796875	13860.4365234
1050.70739746	13550.625
1050.99682617	13173.1806641
1051.28613281	12764.2041016
1051.57556152	12297.4824219
1051.86499023	11799.3339844
1052.15429688	11302.5830078
1052.44372559	10742.3925781
1052.7331543	10131.859375
1053.02246094	9615.94042969
1053.31188965	9053.81054688
1053.60131836	8462.88867188
1053.890625	7932.66210938
1054.18005371	7442.69287109
1054.46948242	6908.68896484
1054.75878906	6486.37792969
1055.04821777	6043.23876953
1055.33764648	5582.28662109
1055.62695313	5179.40820313
1055.91638184	4847.20947266
1056.20581055	4541.84912109
1056.49511719	4199.03417969
1056.7845459	3949.98266602
1057.07397461	3704.79199219
1057.36340332	3462.54150391
1057.65270996	3193.72583008
1057.94213867	3003.96875
1058.23156738	2776.78222656
1058.52087402	2640.3125
1058.81030273	2469.97607422
1059.09973145	2337.21459961
1059.38903809	2197.25585938
1059.6784668	2053.47705078
1059.96789551	1897.94250488
1060.25720215	1835.86999512
1060.54663086	1664.22070313
1060.83605957	1612.77746582
1061.12536621	1519.12194824
1061.41479492	1455.49853516
1061.70422363	1363.99621582
1061.99353027	1293.71032715
1062.28295898	1234.78662109
1062.5723877	1159.01672363
1062.86169434	1127.67126465
1063.15112305	1067.21936035
1063.44055176	1005.54119873
1063.7298584	953.647399902
1064.01928711	897.762756348
1064.30871582	857.64666748
1064.59802246	833.790466309
1064.88745117	799.050354004
1065.17687988	748.558776855
1065.46618652	747.555114746
1065.75561523	729.419555664
1066.04504395	675.185791016
1066.33435059	641.745117188
1066.6237793	621.342407227
1066.91320801	597.800537109
1067.20251465	567.827636719
1067.49194336	538.14465332
1067.78137207	525.680908203
1068.07067871	510.61328125
1068.36010742	494.192016602
1068.64953613	491.462158203
1068.93896484	458.707397461
1069.22827148	422.871246338
1069.5177002	405.069122314
1069.80712891	396.735748291
1070.09643555	381.640289307
1070.38586426	360.238555908
1070.67529297	338.743560791
1070.96459961	344.244293213
1071.25402832	343.095001221
1071.54345703	320.330505371
1071.83276367	298.612976074
1072.12219238	301.126281738
1072.41162109	274.006286621
1072.70092773	293.007019043
1072.99035645	288.098449707
1073.27978516	264.598083496
1073.5690918	232.402542114
1073.85852051	244.213699341
1074.14794922	236.845169067
1074.43725586	212.177459717
1074.72668457	212.139984131
1075.01611328	211.32711792
1075.30541992	169.426483154
1075.59484863	197.269393921
1075.88427734	192.847640991
1076.17358398	175.991439819
1076.4630127	162.137069702
1076.75244141	205.984375
1077.04174805	174.425048828
1077.33117676	162.489135742
1077.62060547	133.8125
1077.90991211	144.218521118
1078.19934082	131.688369751
1078.48876953	165.335952759
1078.77807617	149.290298462
1079.06750488	111.722068787
1079.35693359	164.82913208
1079.6463623	88.4044494629
1079.93566895	147.60244751
1080.22509766	82.5483779907
1080.51452637	80.3195037842
1080.80383301	107.609786987
1081.09326172	106.163627625
1081.38269043	104.717460632
1081.67199707	103.271911621
1081.96142578	225.083557129
1082.25085449	79.7077102661
1082.54016113	73.3168411255
1082.82958984	78.9014434814
1083.11901855	84.150100708
1083.4083252	64.1230010986
1083.69775391	70.7535018921
1083.98718262	69.7799911499
1084.27648926	55.2563171387
1084.56591797	69.6622009277
1084.85534668	59.3244400024
1085.14465332	43.9628715515
1085.43408203	72.3804779053
1085.72351074	76.7736663818
1086.01281738	59.5273361206
1086.30224609	50.0679893494
1086.5916748	44.6555175781
1086.88098145	43.2978553772
1087.17041016	40.305305481
1087.45983887	31.3684196472
1087.74914551	29.7251110077
1088.03857422	36.0802192688
1088.32800293	19.6296596527
1088.61730957	12.1719007492
1088.90673828	26.0299358368
1089.19616699	31.0105304718
1089.48547363	36.1670303345
1089.77490234	7.34049463272
1090.06433105	6.80937051773
1090.3536377	8.49858283997
1090.64306641	-7.05988454819
1090.93249512	-25.5534114838
1091.22192383	-1.58600008488
1091.51123047	24.9391498566
1091.80065918	-7.38640785217
1092.09008789	4.75727272034
1092.37939453	28.2501525879
1092.66882324	-16.2874031067
1092.95825195	23.712638855
1093.24755859	-22.7193946838
1093.5369873	-2.14855289459
1093.82641602	-3.31794452667
1094.11572266	-18.0156040192
1094.40515137	18.9136371613
1094.69458008	21.9932689667
1094.98388672	-28.754196167
1095.27331543	-3.32739686966
1095.56274414	-9.83077335358
1095.85205078	15.5384616852
1096.14147949	-4.14655542374
1096.4309082	-23.7939739227
1096.72021484	13.8975257874
1097.00964355	-3.12049889565
1097.29907227	-43.2737770081
1097.58837891	-15.5065937042
1097.87780762	-14.5011806488
1098.16723633	6.36165428162
1098.45654297	7.87981414795
1098.74597168	-12.9990501404
1099.03540039	-14.5351409912
1099.32470703	-10.8382701874
1099.61413574	-14.2073688507
1099.90356445	8.67060279846
1100.19287109	7.49052095413
1100.4822998	-17.1334609985
1100.77172852	-17.8516807556
1101.06103516	-0.486840426922
1101.35046387	-15.8139467239
1101.63989258	-31.7748432159
1101.92932129	-24.700094223
1102.21862793	-3.00761699677
1102.50805664	-10.8440008163
1102.79748535	-17.0739383698
1103.08679199	-18.4610519409
1103.3762207	-3.05524897575
1103.66564941	-10.4184885025
1103.95495605	-10.4545278549
1104.24438477	-1.89882147312
1104.53381348	-5.22592782974
1104.82312012	-11.4860877991
1105.11254883	4.97879743576
1105.40197754	8.37581253052
1105.69128418	-3.88874268532
1105.98071289	4.63864326477
1106.2701416	-25.3647327423
1106.55944824	1.53184509277
1106.84887695	-3.85190200806
1107.13830566	-31.4397506714
1107.4276123	-29.5734462738
1107.71704102	-10.3678379059
1108.00646973	-21.6509990692
1108.29577637	-35.7710227966
1108.58520508	8.72315979004
1108.87463379	-49.872013092
1109.16394043	-33.6643981934
1109.45336914	14.0231428146
1109.74279785	-14.5842370987
1110.03210449	-13.9850225449
1110.3215332	8.80652332306
1110.61096191	-27.7388458252
1110.90026855	-28.9169750214
1111.18969727	-19.3002338409
1111.47912598	-26.209859848
1111.76843262	-23.5076160431
1112.05786133	-33.1550369263
1112.34729004	-33.1877098083
1112.63659668	4.83240461349
1112.92602539	32.851978302
1113.2154541	14.1386404037
1113.50488281	-12.5400285721
1113.79418945	2.87852239609
1114.08361816	-16.8045406342
1114.37304688	-22.2512760162
1114.66235352	8.8713760376
1114.95178223	-3.3409845829
1115.24121094	0.766967475414
1115.53051758	19.0273151398
1115.81994629	26.0820446014
1116.109375	29.5034732819
1116.39868164	-23.7508277893
1116.68811035	-28.3015670776
1116.97753906	-19.4157829285
1117.2668457	22.3084316254
1117.55627441	-33.4649620056
1117.84570313	-35.7007598877
1118.13500977	1.08009386063
1118.42443848	25.5083580017
1118.71386719	-4.78749799728
1119.00317383	4.29902124405
1119.29260254	32.1179122925
1119.58203125	-18.4186687469
1119.87133789	-16.8336143494
1120.1607666	5.51115512848
1120.45019531	10.9980134964
1120.73950195	-13.9613656998
1121.02893066	-1.2249956131
1121.31835938	20.340965271
1121.60766602	7.04174137115
1121.89709473	-7.81661510468
1122.18652344	-22.7394237518
1122.47583008	-14.3809328079
1122.76525879	-11.0674142838
1123.0546875	-14.2914934158
1123.34399414	-19.3841724396
1123.63342285	-20.5955562592
1123.92285156	-16.59258461
1124.2121582	-12.2013778687
1124.50158691	-3.0929377079
1124.79101563	10.5931396484
1125.08044434	22.5082206726
1125.36975098	-8.70115852356
1125.65917969	-17.9335384369
1125.9486084	-1.89443397522
1126.23791504	-3.88164496422
1126.52734375	24.1208381653
1126.81677246	13.2112121582
1127.1060791	45.4202919006
1127.39550781	16.9774608612
1127.68493652	-4.19290685654
1127.97424316	-23.7172279358
1128.26367188	-2.86611127853
1128.55310059	11.2320756912
1128.84240723	-16.8747653961
1129.13183594	35.8772315979
1129.42126465	17.4690685272
1129.71057129	-17.8023223877
1130	1.0419588089
1130.28942871	21.9052810669
1130.57873535	17.8873100281
1130.86816406	-11.2781763077
1131.15759277	-8.45635700226
1131.44689941	-11.5563611984
1131.73632813	1.95002877712
1132.02575684	12.9544649124
1132.31506348	29.2636413574
1132.60449219	15.6401481628
1132.8939209	14.209526062
1133.18322754	-6.23227548599
1133.47265625	-21.9959049225
1133.76208496	13.4782581329
1134.0513916	31.5179023743
1134.34082031	33.8582763672
1134.63024902	27.5394706726
1134.91955566	6.03809928894
1135.20898438	-5.78607749939
1135.49841309	7.43417930603
1135.7878418	0.265276074409
1136.07714844	1.46605336666
1136.36657715	7.87332201004
1136.65600586	-11.3688240051
1136.9453125	-6.84089803696
1137.23474121	11.0326795578
1137.52416992	35.2714920044
1137.81347656	30.8169937134
1138.10290527	39.1851997375
1138.39233398	20.1432495117
1138.68164063	10.5046720505
1138.97106934	17.2776622772
1139.26049805	17.8265323639
1139.54980469	14.2572908401
1139.8392334	14.1469812393
1140.12866211	1.59868347645
1140.41796875	18.145652771
1140.70739746	39.2350502014
1140.99682617	29.4601898193
1141.28613281	10.7639932632
1141.57556152	17.1082744598
1141.86499023	15.2049951553
1142.15429688	14.9638786316
1142.44372559	30.4365768433
1142.7331543	17.0025367737
1143.02246094	15.4005794525
1143.31188965	18.7711143494
1143.60131836	26.118188858
1143.890625	47.8933525085
1144.18005371	15.2350578308
1144.46948242	19.5176792145
1144.75878906	40.0164794922
1145.04821777	39.5359153748
1145.33764648	54.873714447
1145.62695313	18.6288585663
1145.91638184	20.1590385437
1146.20581055	57.229259491
1146.49511719	3.10452198982
1146.7845459	43.3890953064
1147.07397461	20.9495487213
1147.36340332	-2.58325886726
1147.65270996	28.0317516327
1147.94213867	4.86320066452
1148.23156738	13.5979700089
1148.52087402	-4.56143379211
1148.81030273	33.9965782166
1149.09973145	35.6537094116
1149.38903809	17.9401073456
1149.6784668	1.23493611813
1149.96789551	-11.9966030121
1150.25720215	30.9226074219
1150.54663086	32.3053245544
1150.83605957	24.7500553131
1151.12536621	30.5764923096
1151.41479492	33.3288383484
1151.70422363	34.1466178894
1151.99353027	42.7425842285
1152.28295898	29.5388774872
1152.5723877	20.1823387146
1152.86169434	33.48387146
1153.15112305	36.7689361572
1153.44055176	23.9934501648
1153.7298584	2.17047214508
1154.01928711	14.40670681
1154.30871582	2.94128108025
1154.59802246	32.1495513916
1154.88745117	22.2388153076
1155.17687988	26.35297966
1155.46618652	3.67355537415
1155.75561523	37.7550048828
1156.04504395	39.0747337341
1156.33435059	21.2273426056
1156.6237793	-3.93632483482
1156.91320801	8.51475334167
1157.20251465	42.3055458069
1157.49194336	43.4831848145
1157.78137207	24.4088726044
1158.07067871	44.9433174133
1158.36010742	8.19078159332
1158.64953613	-6.12864780426
1158.93896484	28.0206718445
1159.22827148	49.1688842773
1159.5177002	15.1912536621
1159.80712891	-0.569094240665
1160.09643555	30.1645679474
1160.38586426	20.4242401123
1160.67529297	22.206861496
1160.96459961	28.7842731476
1161.25402832	44.7607421875
1161.54345703	8.78164482117
1161.83276367	37.2330818176
1162.12219238	59.3565216064
1162.41162109	41.4926605225
1162.70092773	12.5354042053
1162.99035645	21.706697464
1163.27978516	30.8809204102
1163.5690918	15.7937812805
1163.85852051	24.9733753204
1164.14794922	19.1915435791
1164.43725586	21.2489356995
1164.72668457	27.7224750519
1165.01611328	14.5133972168
1165.30541992	17.456533432
1165.59484863	23.5780200958
1165.88427734	46.6106414795
1166.17358398	38.0625648499
1166.4630127	26.5697975159
1166.75244141	20.8177509308
1167.04174805	37.3971176147
1167.33117676	44.7983894348
1167.62060547	16.2328662872
1167.90991211	29.8400630951
1168.19934082	47.5401649475
1168.48876953	57.9521827698
1168.77807617	28.8777370453
1169.06750488	43.2668037415
1169.35693359	43.663684845
1169.6463623	50.0869293213
1169.93566895	73.5710830688
1170.22509766	42.0436439514
1170.51452637	36.846282959
1170.80383301	42.0413703918
1171.09326172	69.6320953369
1171.38269043	19.2438220978
1171.67199707	47.8143997192
1171.96142578	33.9065895081
1172.25085449	31.7048358917
1172.54016113	25.8061733246
1172.82958984	33.338306427
1173.11901855	59.2683906555
1173.4083252	56.8697280884
1173.69775391	71.9199295044
1173.98718262	60.4789161682
1174.27648926	49.2877731323
1174.56591797	56.5191230774
1174.85534668	46.6323127747
1175.14465332	35.39868927
1175.43408203	24.1886348724
1175.72351074	59.3228187561
1176.01281738	53.2849960327
1176.30224609	63.142326355
1176.5916748	60.6407661438
1176.88098145	65.7162246704
1177.17041016	73.8445510864
1177.45983887	77.2028579712
1177.74914551	52.1308517456
1178.03857422	21.0614242554
1178.32800293	12.9358415604
1178.61730957	32.0279045105
1178.90673828	38.0854263306
1179.19616699	55.1546669006
1179.48547363	53.0250511169
1179.77490234	64.5098190308
1180.06433105	47.6108016968
1180.3536377	50.0358695984
1180.64306641	73.180305481
1180.93249512	63.0337295532
1181.22192383	56.067325592
1181.51123047	65.0348739624
1181.80065918	62.0054855347
1182.09008789	61.5859565735
1182.37939453	62.8928604126
1182.66882324	63.3820266724
1182.95825195	54.4688453674
1183.24755859	51.18151474
1183.5369873	50.9333724976
1183.82641602	46.6891403198
1184.11572266	46.4437980652
1184.40515137	63.3304214478
1184.69458008	34.4196853638
1184.98388672	76.7422103882
1185.27331543	33.0414352417
1185.56274414	34.1267929077
1185.85205078	47.9966850281
1186.14147949	59.4248123169
1186.4309082	68.9017715454
1186.72021484	67.6598510742
1187.00964355	32.6333885193
1187.29907227	57.1782150269
1187.58837891	54.100353241
1187.87780762	52.5074882507
1188.16723633	49.1465530396
1188.45654297	37.8885154724
1188.74597168	44.3571739197
1189.03540039	59.1192855835
1189.32470703	65.9222869873
1189.61413574	66.3079299927
1189.90356445	57.5646743774
1190.19287109	57.9208984375
1190.4822998	44.7796897888
1190.77172852	38.1013717651
1191.06103516	47.1802520752
1191.35046387	61.795879364
1191.63989258	69.4974441528
1191.92932129	57.2156143188
1192.21862793	53.0640220642
1192.50805664	79.1508407593
1192.79748535	66.3655929565
1193.08679199	63.7867546082
1193.3762207	46.4546318054
1193.66564941	47.2138137817
1193.95495605	37.7790184021
1194.24438477	38.3936729431
1194.53381348	39.3525619507
1194.82312012	45.5408172607
1195.11254883	67.6759796143
1195.40197754	78.2779312134
1195.69128418	65.3641357422
1195.98071289	30.745388031
1196.2701416	43.5255699158
1196.55944824	50.9379425049
1196.84887695	70.2571868896
1197.13830566	59.8850212097
1197.4276123	78.7041320801
1197.71704102	68.4540405273
1198.00646973	45.5682029724
1198.29577637	52.4791107178
1198.58520508	61.7109527588
1198.87463379	64.9701385498
1199.16394043	92.4713745117
1199.45336914	60.8140563965
1199.74279785	65.0991210938
1200.03210449	52.1145172119
1200.3215332	57.5568084717
1200.61096191	53.972240448
1200.90026855	42.3025817871
1201.18969727	31.0407714844
1201.47912598	36.5011253357
1201.76843262	52.5658454895
1202.05786133	56.6966094971
1202.34729004	43.6408500671
1202.63659668	37.4516639709
1202.92602539	66.0301818848
1203.2154541	22.0349712372
1203.50488281	69.347869873
1203.79418945	40.884262085
1204.08361816	63.9710845947
1204.37304688	79.265914917
1204.66235352	47.8091430664
1204.95178223	58.2255554199
1205.24121094	68.7664794922
1205.53051758	53.4034614563
1205.81994629	52.0698699951
1206.109375	53.9823722839
1206.39868164	53.5949440002
1206.68811035	47.5474853516
1206.97753906	51.2612609863
1207.2668457	47.0281257629
1207.55627441	52.2370147705
1207.84570313	51.663192749
1208.13500977	25.5418739319
1208.42443848	46.384552002
1208.71386719	58.7404174805
1209.00317383	73.0316925049
1209.29260254	46.4564056396
1209.58203125	50.8689117432
1209.87133789	43.991733551
1210.1607666	36.065372467
1210.45019531	36.8123474121
1210.73950195	43.8345832825
1211.02893066	64.4892730713
1211.31835938	69.0878143311
1211.60766602	61.5255775452
1211.89709473	38.9532203674
1212.18652344	53.1982421875
1212.47583008	62.3786811829
1212.76525879	58.9982185364
1213.0546875	35.7442169189
1213.34399414	46.1424331665
1213.63342285	26.9694862366
1213.92285156	55.4869728088
1214.2121582	65.1644821167
1214.50158691	57.9461250305
1214.79101563	61.176990509
1215.08044434	34.6568756104
1215.36975098	46.4520606995
1215.65917969	53.0994300842
1215.9486084	50.6716003418
1216.23791504	56.2099494934
1216.52734375	75.1463775635
1216.81677246	41.250289917
1217.1060791	24.0977230072
1217.39550781	56.0243873596
1217.68493652	70.0447998047
1217.97424316	37.8678207397
1218.26367188	51.2495613098
1218.55310059	53.5102119446
1218.84240723	41.4880142212
1219.13183594	36.9683876038
1219.42126465	49.438999176
1219.71057129	44.1062545776
1220	55.8468818665
1220.28942871	43.9864387512
1220.57873535	55.9954910278
1220.86816406	20.2859249115
1221.15759277	37.7877845764
1221.44689941	51.7484970093
1221.73632813	50.681022644
1222.02575684	50.2155952454
1222.31506348	44.9346084595
1222.60449219	41.0770950317
1222.8939209	49.8074684143
1223.18322754	37.4019699097
1223.47265625	35.4858627319
1223.76208496	27.4061794281
1224.0513916	30.8361301422
1224.34082031	56.5401382446
1224.63024902	31.3212947845
1224.91955566	40.8122825623
1225.20898438	30.6910934448
1225.49841309	39.8526229858
1225.7878418	66.1772384644
1226.07714844	7.76831912994
1226.36657715	25.2931270599
1226.65600586	34.1841468811
1226.9453125	43.6941757202
1227.23474121	37.1335372925
1227.52416992	28.5206489563
1227.81347656	23.0179843903
1228.10290527	25.6067581177
1228.39233398	39.4333229065
1228.68164063	35.9374961853
1228.97106934	33.3861312866
1229.26049805	41.5725593567
1229.54980469	50.4302482605
1229.8392334	29.4057388306
1230.12866211	26.963262558
1230.41796875	33.2506370544
1230.70739746	27.6069889069
1230.99682617	47.6982040405
1231.28613281	50.2707328796
1231.57556152	20.9122409821
1231.86499023	21.2256240845
1232.15429688	37.9158287048
1232.44372559	44.0851707458
1232.7331543	24.0499191284
1233.02246094	17.4134635925
1233.31188965	30.4221591949
1233.60131836	45.6017532349
1233.890625	8.8124666214
1234.18005371	4.19713878632
1234.46948242	39.6535873413
1234.75878906	31.515668869
1235.04821777	32.1698722839
1235.33764648	44.205909729
1235.62695313	33.1695556641
1235.91638184	28.9106712341
1236.20581055	32.6420211792
1236.49511719	19.7277355194
1236.7845459	20.9185600281
1237.07397461	35.7255973816
1237.36340332	32.3382949829
1237.65270996	23.758480072
1237.94213867	50.4956932068
1238.23156738	40.8593673706
1238.52087402	6.11353826523
1238.81030273	29.193523407
1239.09973145	23.8008518219
1239.38903809	30.4627361298
1239.6784668	34.6472129822
1239.96789551	37.4781723022
1240.25720215	34.0043182373
1240.54663086	27.9954338074
1240.83605957	41.2394828796
1241.12536621	16.4111309052
1241.41479492	32.8568382263
1241.70422363	18.1580142975
1241.99353027	6.29206800461
1242.28295898	23.9340648651
1242.5723877	30.7625827789
1242.86169434	34.8932189941
1243.15112305	-4.92718744278
1243.44055176	14.5717420578
1243.7298584	32.8332366943
1244.01928711	9.020154953
1244.30871582	28.9004325867
1244.59802246	5.59405565262
1244.88745117	12.5807790756
1245.17687988	29.7242393494
1245.46618652	19.3446216583
1245.75561523	17.2537078857
1246.04504395	-2.49052715302
1246.33435059	2.85448694229
1246.6237793	0.0487123280764
1246.91320801	25.1945972443
1247.20251465	24.8746414185
1247.49194336	18.000995636
1247.78137207	18.2508850098
1248.07067871	29.4070034027
1248.36010742	16.5040607452
1248.64953613	4.54545307159
1248.93896484	4.15862369537
1249.22827148	10.6770467758
1249.5177002	9.61297035217
1249.80712891	28.577703476
1250.09643555	11.2006187439
1250.38586426	-13.2477340698
1250.67529297	-3.58720040321
1250.96459961	-11.453543663
1251.25402832	46.5893135071
1251.54345703	-4.14028835297
1251.83276367	37.9005966187
1252.12219238	18.9078083038
1252.41162109	18.0097484589
1252.70092773	8.86752700806
1252.99035645	4.81907606125
1253.27978516	3.46935629845
1253.5690918	6.72557163239
1253.85852051	14.6995820999
1254.14794922	8.63111209869
1254.43725586	4.4317612648
1254.72668457	36.9643669128
1255.01611328	10.3163051605
1255.30541992	4.98072385788
1255.59484863	-0.411476463079
1255.88427734	13.724155426
1256.17358398	11.7865228653
1256.4630127	-7.23067760468
1256.75244141	9.0084695816
1257.04174805	24.0771846771
1257.33117676	18.0560779572
1257.62060547	-4.30975484848
1257.90991211	-9.44611740112
1258.19934082	-0.488708883524
1258.48876953	21.3583488464
1258.77807617	11.6116342545
1259.06750488	7.05146503448
1259.35693359	0.991295695305
1259.6463623	12.4755601883
1259.93566895	13.8245487213
1260.22509766	1.85910630226
1260.51452637	-28.8475475311
1260.80383301	-9.36867523193
1261.09326172	11.2820930481
1261.38269043	14.4562978745
1261.67199707	16.71641922
1261.96142578	-7.51025295258
1262.25085449	-12.2056760788
1262.54016113	8.40063667297
1262.82958984	1.30335819721
1263.11901855	9.97512245178
1263.4083252	19.1419830322
1263.69775391	6.55739927292
1263.98718262	-13.5291376114
1264.27648926	-8.82077312469
1264.56591797	-33.3804550171
1264.85534668	-15.8346662521
1265.14465332	5.76529884338
1265.43408203	19.5732936859
1265.72351074	0.412050276995
1266.01281738	15.1370153427
1266.30224609	14.4030179977
1266.5916748	18.1509552002
1266.88098145	-9.32866954803
1267.17041016	10.3172159195
1267.45983887	17.8991355896
1267.74914551	-5.91837882996
1268.03857422	22.1576824188
1268.32800293	14.8030796051
1268.61730957	7.22872877121
1268.90673828	-21.1712837219
1269.19616699	-12.8701257706
1269.48547363	18.7195854187
1269.77490234	12.2463312149
1270.06433105	8.24084949493
1270.3536377	24.3564395905
1270.64306641	16.7430477142
1270.93249512	15.963640213
1271.22192383	-3.38315010071
1271.51123047	23.1933784485
1271.80065918	-5.47421360016
1272.09008789	6.15848827362
1272.37939453	6.50161790848
1272.66882324	24.1489677429
1272.95825195	25.7904586792
1273.24755859	-32.3019599915
1273.5369873	5.76238441467
1273.82641602	-0.0126287387684
1274.11572266	13.289973259
1274.40515137	17.6194534302
1274.69458008	23.5192451477
1274.98388672	19.9082717896
1275.27331543	3.38228273392
1275.56274414	10.9222106934
1275.85205078	-5.2488193512
1276.14147949	27.6880817413
1276.4309082	24.2187328339
1276.72021484	-3.81850910187
1277.00964355	-14.8210611343
1277.29907227	-9.04382801056
1277.58837891	29.5312347412
1277.87780762	-16.5753211975
1278.16723633	26.248298645
1278.45654297	11.308713913
1278.74597168	9.56788063049
1279.03540039	10.2308559418
1279.32470703	27.297618866
1279.61413574	36.1974105835
1279.90356445	17.9018878937
1280.19287109	15.8070297241
1280.4822998	38.8176612854
1280.77172852	23.5934295654
1281.06103516	25.2241573334
1281.35046387	25.1190662384
1281.63989258	23.3220806122
1281.92932129	1.66327822208
1282.21862793	-13.8417367935
1282.50805664	33.8617668152
1282.79748535	21.6272792816
1283.08679199	8.22285079956
1283.3762207	20.2100448608
1283.66564941	4.08835220337
1283.95495605	23.0633182526
1284.24438477	24.5949459076
1284.53381348	-9.25184440613
1284.82312012	20.5663814545
1285.11254883	29.9554309845
1285.40197754	25.1101055145
1285.69128418	10.2911262512
1285.98071289	-2.74755835533
1286.2701416	18.4686393738
1286.55944824	33.2985839844
1286.84887695	-16.2029895782
1287.13830566	42.9126205444
1287.4276123	37.1361236572
1287.71704102	46.5593528748
1288.00646973	25.9547481537
1288.29577637	47.7939720154
1288.58520508	10.8050918579
1288.87463379	65.7922897339
1289.16394043	25.4899082184
1289.45336914	24.3833522797
1289.74279785	35.1464233398
1290.03210449	64.8245162964
1290.3215332	34.0607337952
1290.61096191	31.1060314178
1290.90026855	40.5116615295
1291.18969727	54.6409454346
1291.47912598	34.6491355896
1291.76843262	49.7652130127
1292.05786133	40.5487937927
1292.34729004	3.52964138985
1292.63659668	16.0275554657
1292.92602539	26.141702652
1293.2154541	12.1572179794
1293.50488281	34.8514442444
1293.79418945	21.3840255737
1294.08361816	6.59680557251
1294.37304688	31.2089996338
1294.66235352	47.7669715881
1294.95178223	24.528093338
1295.24121094	10.9225130081
1295.53051758	22.2832202911
1295.81994629	27.8045940399
1296.109375	24.0803623199
1296.39868164	22.1280822754
1296.68811035	32.1362724304
1296.97753906	35.1122360229
1297.2668457	35.5745048523
1297.55627441	31.5641422272
1297.84570313	38.3301429749
1298.13500977	37.8495445251
1298.42443848	33.3406448364
1298.71386719	27.7287158966
1299.00317383	18.0967483521
1299.29260254	18.3324775696
1299.58203125	11.5750427246
1299.87133789	12.2130937576
1300.1607666	20.4454059601
1300.45019531	23.9189281464
1300.73950195	15.418794632
1301.02893066	31.247297287
1301.31835938	14.876581192
1301.60766602	19.224105835
1301.89709473	43.56823349
1302.18652344	48.1711502075
1302.47583008	44.5377159119
1302.76525879	3.41455936432
1303.0546875	15.7147417068
1303.34399414	4.51734399796
1303.63342285	15.7501430511
1303.92285156	49.0283546448
1304.2121582	45.5555648804
1304.50158691	7.87234830856
1304.79101563	31.5255584717
1305.08044434	7.89556455612
1305.36975098	-9.40974330902
1305.65917969	28.9329185486
1305.9486084	35.3112258911
1306.23791504	72.0659790039
1306.52734375	70.0438919067
1306.81677246	42.4637069702
1307.1060791	28.6632804871
1307.39550781	53.7095565796
1307.68493652	13.3534889221
1307.97424316	26.5867538452
1308.26367188	7.89572620392
1308.55310059	29.5591888428
1308.84240723	57.0947036743
1309.13183594	56.4920539856
1309.42126465	29.2502422333
1309.71057129	53.0176887512
1310	22.818359375
1310.28942871	13.0247907639
1310.57873535	30.3591308594
1310.86816406	37.0333366394
1311.15759277	51.9751205444
1311.44689941	63.1522369385
1311.73632813	6.91140174866
1312.02575684	10.0240840912
1312.31506348	22.9282493591
1312.60449219	21.5228652954
1312.8939209	44.2634773254
1313.18322754	32.1378555298
1313.47265625	35.7007331848
1313.76208496	7.43695116043
1314.0513916	19.2966823578
1314.34082031	52.8288002014
1314.63024902	35.5357208252
1314.91955566	0.740664839745
1315.20898438	24.6575469971
1315.49841309	32.1623191833
1315.7878418	59.0074234009
1316.07714844	58.0722312927
1316.36657715	53.3807144165
1316.65600586	27.9050178528
1316.9453125	13.872171402
1317.23474121	9.16551780701
1317.52416992	20.5594501495
1317.81347656	10.6852941513
1318.10290527	1.7457306385
1318.39233398	-6.89061069489
1318.68164063	22.8988075256
1318.97106934	11.0319986343
1319.26049805	56.1720237732
1319.54980469	3.54103279114
1319.8392334	54.7391624451
1320.12866211	55.0212783813
1320.41796875	42.2789611816
1320.70739746	47.9824638367
1320.99682617	1.26653206348
1321.28613281	26.6101493835
1321.57556152	9.06755924225
1321.86499023	23.7598304749
1322.15429688	32.4784469604
1322.44372559	35.544254303
1322.7331543	42.3146514893
1323.02246094	7.19733333588
1323.31188965	32.4565010071
1323.60131836	38.3953552246
1323.890625	53.308795929
1324.18005371	58.3291931152
1324.46948242	52.3129692078
1324.75878906	51.0271911621
1325.04821777	32.0964164734
1325.33764648	12.542596817
1325.62695313	8.40818691254
1325.91638184	23.4446983337
1326.20581055	13.7014226913
1326.49511719	21.0230674744
1326.7845459	31.4921951294
1327.07397461	43.9955024719
1327.36340332	33.4514465332
1327.65270996	33.7120552063
1327.94213867	36.6323547363
1328.23156738	21.2889842987
1328.52087402	35.0642433167
1328.81030273	56.6637420654
1329.09973145	52.196346283
1329.38903809	24.8558807373
1329.6784668	39.0501060486
1329.96789551	41.8107376099
1330.25720215	39.9473228455
1330.54663086	41.9262161255
1330.83605957	24.2820644379
1331.12536621	9.41718578339
1331.41479492	27.257894516
1331.70422363	33.1469459534
1331.99353027	41.9070663452
1332.28295898	68.5041275024
1332.5723877	-9.11415100098
1332.86169434	38.7402076721
1333.15112305	27.7176380157
1333.44055176	25.353269577
1333.7298584	26.1392688751
1334.01928711	27.0893535614
1334.30871582	27.2308444977
1334.59802246	17.4484863281
1334.88745117	26.8868522644
1335.17687988	14.7602767944
1335.46618652	16.4950084686
1335.75561523	12.3869867325
1336.04504395	34.9454689026
1336.33435059	14.9204359055
1336.6237793	5.75675106049
1336.91320801	12.9216794968
1337.20251465	40.054359436
1337.49194336	25.5347175598
1337.78137207	22.5932006836
1338.07067871	15.6389665604
1338.36010742	30.7203998566
1338.64953613	6.78620672226
1338.93896484	38.2763290405
1339.22827148	42.0872344971
1339.5177002	24.2843875885
1339.80712891	51.4908218384
1340.09643555	-9.12112808228
1340.38586426	-0.385887145996
1340.67529297	-13.233165741
1340.96459961	1.60166299343
1341.25402832	10.9330949783
1341.54345703	-12.0455312729
1341.83276367	30.7741603851
1342.12219238	32.964969635
1342.41162109	36.3398590088
1342.70092773	55.3602333069
1342.99035645	29.8654937744
1343.27978516	21.6090354919
1343.5690918	2.87013363838
1343.85852051	29.0682659149
1344.14794922	12.3166894913
1344.43725586	-4.33920431137
1344.72668457	0.234903857112
1345.01611328	8.76067256927
1345.30541992	35.0842704773
1345.59484863	40.9772262573
1345.88427734	22.1445960999
1346.17358398	6.49407291412
1346.4630127	36.221988678
1346.75244141	48.222366333
1347.04174805	61.7910842896
1347.33117676	4.59468317032
1347.62060547	41.2439880371
1347.90991211	3.28291678429
1348.19934082	51.8418884277
1348.48876953	3.2538869381
1348.77807617	24.875825882
1349.06750488	31.6154613495
1349.35693359	13.6651544571
1349.6463623	23.453130722
1349.93566895	30.5653018951
1350.22509766	50.2087478638
1350.51452637	40.7003364563
1350.80383301	1.85303473473
1351.09326172	27.9100532532
1351.38269043	7.13748121262
1351.67199707	34.1505317688
1351.96142578	-2.13668727875
1352.25085449	14.5882997513
1352.54016113	-1.58175432682
1352.82958984	0.138349831104
1353.11901855	29.7593326569
1353.4083252	25.7762908936
1353.69775391	-3.6437420845
1353.98718262	1.17548334599
1354.27648926	18.4487876892
1354.56591797	-22.5889205933
1354.85534668	-12.0929365158
1355.14465332	-14.4314479828
1355.43408203	6.63582420349
1355.72351074	11.8705768585
1356.01281738	30.4451522827
1356.30224609	2.31418180466
1356.5916748	10.1094818115
1356.88098145	24.0932350159
1357.17041016	8.81334018707
1357.45983887	4.3850069046
1357.74914551	17.7471790314
1358.03857422	38.7397460938
1358.32800293	6.16443824768
1358.61730957	-4.80932664871
1358.90673828	-19.0394172668
1359.19616699	6.1596903801
1359.48547363	6.96961688995
1359.77490234	-1.55197834969
1360.06433105	12.9537706375
1360.3536377	-15.041967392
1360.64306641	-7.51375770569
1360.93249512	11.1555652618
1361.22192383	-18.5789203644
1361.51123047	-5.44672822952
1361.80065918	20.1469116211
1362.09008789	-15.4264421463
1362.37939453	18.6481323242
1362.66882324	8.02985858917
1362.95825195	-16.650428772
1363.24755859	-6.72966194153
1363.5369873	13.0319461823
1363.82641602	13.2208003998
1364.11572266	8.24898815155
1364.40515137	-1.29116117954
1364.69458008	-11.1218385696
1364.98388672	-4.07851362228
1365.27331543	-16.3852653503
1365.56274414	16.3226318359
1365.85205078	-11.5769138336
1366.14147949	6.76819038391
1366.4309082	-29.1323108673
1366.72021484	-25.8848838806
1367.00964355	-37.7014007568
1367.29907227	-12.553563118
1367.58837891	0.710953295231
1367.87780762	-5.52743864059
1368.16723633	15.7678613663
1368.45654297	3.78335380554
1368.74597168	5.77640724182
1369.03540039	13.5057888031
1369.32470703	15.5554609299
1369.61413574	-6.9431848526
1369.90356445	11.1743803024
1370.19287109	22.3065719604
1370.4822998	-24.2355308533
1370.77172852	10.6222686768
1371.06103516	-1.46135914326
1371.35046387	-2.39799332619
1371.63989258	4.96517753601
1371.92932129	-13.8249721527
1372.21862793	-6.62344455719
1372.50805664	-20.2715034485
1372.79748535	-41.3770828247
1373.08679199	34.3527641296
1373.3762207	-42.8680496216
1373.66564941	-30.8813438416
1373.95495605	-4.79651498795
1374.24438477	-26.5910587311
1374.53381348	4.17640829086
1374.82312012	3.65967464447
1375.11254883	-5.969830513
1375.40197754	-22.740447998
1375.69128418	-12.7186088562
1375.98071289	-5.50680494308
1376.2701416	-0.518634498119
1376.55944824	28.6282062531
1376.84887695	-23.5681934357
1377.13830566	0.763238549232
1377.4276123	22.3085155487
1377.71704102	27.7239322662
1378.00646973	11.3273382187
1378.29577637	-10.6781654358
1378.58520508	-5.54497480392
1378.87463379	19.667804718
1379.16394043	9.16864967346
1379.45336914	28.410238266
1379.74279785	-27.5884075165
1380.03210449	17.0515956879
1380.3215332	10.2936735153
1380.61096191	-4.1478433609
1380.90026855	-20.8579368591
1381.18969727	17.6639251709
1381.47912598	12.3967247009
1381.76843262	13.5445423126
1382.05786133	14.1489238739
1382.34729004	10.8856287003
1382.63659668	-29.4294452667
1382.92602539	-29.7513332367
1383.2154541	-1.01950955391
1383.50488281	18.8807697296
1383.79418945	-9.08908843994
1384.08361816	-4.74007797241
1384.37304688	-33.6791534424
1384.66235352	-11.4219617844
1384.95178223	-6.90156412125
1385.24121094	8.63787555695
1385.53051758	25.0225086212
1385.81994629	-11.4043588638
1386.109375	-8.00407886505
1386.39868164	-17.0896606445
1386.68811035	18.3018302917
1386.97753906	-11.1709365845
1387.2668457	-29.8937244415
1387.55627441	28.5661258698
1387.84570313	11.7881822586
1388.13500977	14.2987928391
1388.42443848	9.45639705658
1388.71386719	-0.234143599868
1389.00317383	6.64121246338
1389.29260254	-9.88135910034
1389.58203125	-6.93664550781
1389.87133789	-2.03003954887
1390.1607666	-8.04284572601
1390.45019531	32.2573356628
1390.73950195	-14.3702363968
1391.02893066	15.8664693832
1391.31835938	55.7408714294
1391.60766602	25.119644165
1391.89709473	18.3724632263
1392.18652344	5.16092681885
1392.47583008	3.15444684029
1392.76525879	-3.54878878593
1393.0546875	0.29973334074
1393.34399414	-31.9533290863
1393.63342285	39.0621871948
1393.92285156	22.5776996613
1394.2121582	-1.73151409626
1394.50158691	29.8201332092
1394.79101563	28.9679718018
1395.08044434	10.539150238
1395.36975098	25.7182178497
1395.65917969	21.2527751923
1395.9486084	28.0109653473
1396.23791504	-15.1014728546
1396.52734375	-2.179708004
1396.81677246	18.6028957367
1397.1060791	-8.43971633911
1397.39550781	6.34728240967
1397.68493652	-2.71630501747
1397.97424316	5.87194156647
1398.26367188	24.9377498627
1398.55310059	8.73304843903
1398.84240723	15.0288143158
1399.13183594	4.62587213516
1399.42126465	14.2727336884
1399.71057129	22.5772895813
1400	32.7124328613
