500	-5.70750761032
500.289398193	27.0372371674
500.578765869	21.6283550262
500.868164063	22.5364303589
501.157562256	27.109544754
501.446960449	32.1142997742
501.736328125	31.9996051788
502.025726318	20.6779441833
502.315124512	25.2193202972
502.604492188	49.0677604675
502.893890381	30.0004940033
503.183288574	25.4739990234
503.47265625	26.9906539917
503.762054443	31.6746082306
504.051452637	31.2489414215
504.34085083	29.8066749573
504.630218506	40.5948143005
504.919616699	47.9503974915
505.209014893	44.5108184814
505.498382568	51.3983230591
505.787780762	50.7790527344
506.077178955	41.882686615
506.366546631	48.7833709717
506.655944824	54.0981864929
506.945343018	60.0712013245
507.234741211	66.880645752
507.524108887	65.0259628296
507.81350708	65.7108917236
508.102905273	70.3877639771
508.392272949	59.8328857422
508.681671143	49.4247970581
508.971069336	73.4046478271
509.260437012	42.6029472351
509.549835205	56.9704933167
509.839233398	79.0309143066
510.128631592	92.6074447632
510.417999268	98.7796173096
510.707397461	65.1786575317
510.996795654	58.7752113342
511.28616333	54.3126144409
511.575561523	42.0446662903
511.864959717	50.0828666687
512.15435791	63.3151626587
512.443725586	43.712677002
512.733093262	36.5398750305
513.022521973	78.7912750244
513.311889648	62.5645217896
513.601257324	77.0084228516
513.890686035	83.5112915039
514.180053711	71.3834075928
514.469482422	67.113571167
514.758850098	53.4542007446
515.048217773	45.8917541504
515.337646484	58.5564842224
515.62701416	59.4066352844
515.916381836	65.4042434692
516.205810547	54.7108192444
516.495178223	39.0529136658
516.784545898	56.3730354309
517.073974609	64.3954315186
517.363342285	54.6396255493
517.652709961	46.6387023926
517.942138672	58.2890281677
518.231506348	71.3842926025
518.520874023	53.6087112427
518.810302734	32.7539100647
519.09967041	52.8728599548
519.389038086	40.5091438293
519.678466797	55.3237762451
519.967834473	66.3960952759
520.257263184	34.5227394104
520.546630859	65.2642440796
520.835998535	27.7618579865
521.125427246	48.5496368408
521.414794922	58.7161903381
521.704162598	51.9203453064
521.993591309	45.3421554565
522.282958984	36.4833221436
522.57232666	53.1813735962
522.861755371	50.6051368713
523.151123047	17.6220340729
523.440490723	59.2959136963
523.729919434	42.5651397705
524.019287109	35.7912635803
524.308654785	29.9763755798
524.598083496	37.53490448
524.887451172	45.1392059326
525.176818848	65.6509780884
525.466247559	66.9858703613
525.755615234	37.5696678162
526.045043945	39.6123275757
526.334411621	38.4866485596
526.623779297	39.4813270569
526.913208008	48.542301178
527.202575684	45.7471847534
527.491943359	54.5612030029
527.78137207	66.376083374
528.070739746	31.3675880432
528.360107422	20.9316043854
528.649536133	29.5897445679
528.938903809	36.515335083
529.228271484	44.9267616272
529.517700195	33.028263092
529.807067871	4.65209293365
530.096435547	29.2449188232
530.385864258	3.94334101677
530.675231934	31.0610694885
530.964660645	32.1054382324
531.25402832	26.5710678101
531.543395996	34.9385528564
531.832824707	39.1269645691
532.122192383	34.3906898499
532.411560059	23.3909854889
532.70098877	24.299123764
532.990356445	37.8145561218
533.279724121	15.9308204651
533.569152832	-7.18203687668
533.858520508	5.74623823166
534.147888184	11.02094841
534.437316895	32.0067253113
534.72668457	26.2284564972
535.016052246	25.3779239655
535.305480957	19.268239975
535.594848633	11.3815736771
535.884216309	7.74563932419
536.17364502	5.87619066238
536.463012695	9.91335201263
536.752441406	26.5150947571
537.041809082	27.4179801941
537.331176758	-9.68816947937
537.620605469	13.0966787338
537.909973145	-6.21430444717
538.19934082	13.4532289505
538.488769531	12.4182519913
538.778137207	45.074798584
539.067504883	38.6227035522
539.356933594	30.0999336243
539.64630127	24.5194206238
539.935668945	3.20233345032
540.225097656	7.09118509293
540.514465332	12.4174098969
540.803833008	14.6957826614
541.093261719	-2.67122530937
541.382629395	1.98532140255
541.67199707	9.13551998138
541.961425781	10.9970283508
542.250793457	8.24439525604
542.540222168	11.3905715942
542.829589844	9.1374502182
543.11895752	9.92314720154
543.40838623	29.4748401642
543.697753906	28.0120029449
543.987121582	-15.358795166
544.276550293	19.5525169373
544.565917969	0.29841992259
544.855285645	-0.571156561375
545.144714355	28.1809768677
545.434082031	28.6297588348
545.723449707	11.8646755219
546.012878418	-9.29505729675
546.302246094	-6.8875336647
546.59161377	8.87594604492
546.88104248	16.6573753357
547.170410156	9.75044631958
547.459777832	-3.32909107208
547.749206543	-13.8408737183
548.038574219	-26.6062030792
548.32800293	9.22625255585
548.617370605	-22.3405895233
548.906738281	-2.62642550468
549.196166992	-7.20314979553
549.485534668	-40.5219459534
549.774902344	-16.7645683289
550.064331055	-8.29856777191
550.35369873	5.47980451584
550.643066406	8.69641017914
550.932495117	7.43365001678
551.221862793	40.3265266418
551.511230469	18.3204746246
551.80065918	-1.95205128193
552.090026855	0.681057810783
552.379394531	26.0165596008
552.668823242	5.85585069656
552.958190918	4.69041776657
553.247558594	10.4356956482
553.536987305	5.4306435585
553.82635498	-0.349469363689
554.115783691	0.321748137474
554.405151367	2.59339308739
554.694519043	0.317430734634
554.983947754	2.14807200432
555.27331543	17.9436435699
555.562683105	11.8249073029
555.852111816	2.9404604435
556.141479492	-16.8418502808
556.430847168	-3.89979457855
556.720275879	-9.57086181641
557.009643555	-13.411277771
557.29901123	0.0942540690303
557.588439941	17.6502380371
557.877807617	2.79053449631
558.167175293	-9.6841583252
558.456604004	-6.91333150864
558.74597168	-14.3987665176
559.035339355	8.07600307465
559.324768066	13.2130413055
559.614135742	0.0408386439085
559.903564453	-17.999370575
560.192932129	-1.55316412449
560.482299805	-17.2859134674
560.771728516	-19.2914543152
561.061096191	-8.13894939423
561.350463867	-2.69567370415
561.639892578	6.32661819458
561.929260254	-12.8201942444
562.21862793	-20.1210594177
562.508056641	17.2979621887
562.797424316	8.31643295288
563.086791992	9.87225723267
563.376220703	-23.7822093964
563.665588379	1.68133080006
563.954956055	-1.21841084957
564.244384766	4.72770881653
564.533752441	-1.68448388577
564.823181152	-13.2671728134
565.112548828	-18.0443553925
565.401916504	-18.802740097
565.691345215	-25.2113571167
565.980712891	-17.0554332733
566.270080566	5.62294912338
566.559509277	4.99485015869
566.848876953	-5.65733289719
567.138244629	-19.9560012817
567.42767334	-38.7615890503
567.717041016	-4.23701477051
568.006408691	15.9748153687
568.295837402	-10.1083612442
568.585205078	-10.3621072769
568.874572754	-2.041877985
569.164001465	8.34320640564
569.453369141	10.0565023422
569.742736816	18.1706771851
570.032165527	28.2674312592
570.321533203	20.0207653046
570.610961914	8.41366291046
570.90032959	-12.5937452316
571.189697266	21.8561229706
571.479125977	-3.20068717003
571.768493652	-12.7098035812
572.057861328	-19.7242908478
572.347290039	4.56093931198
572.636657715	36.0632972717
572.926025391	8.13938522339
573.215454102	-3.22089099884
573.504821777	0.235080242157
573.794189453	-6.0086555481
574.083618164	3.55318689346
574.37298584	24.9683856964
574.662353516	14.9114179611
574.951782227	-8.20300865173
575.241149902	11.6208820343
575.530517578	-2.44511914253
575.819946289	17.3933353424
576.109313965	-11.3801860809
576.398742676	33.2441558838
576.688110352	26.5194625854
576.977478027	-3.0147998333
577.266906738	2.17423987389
577.556274414	2.37630486488
577.84564209	-3.57104420662
578.135070801	7.2268819809
578.424438477	9.67601776123
578.713806152	27.0089416504
579.003234863	22.6901683807
579.292602539	36.4066390991
579.581970215	4.95318555832
579.871398926	39.625869751
580.160766602	27.3916530609
580.450134277	9.18820095062
580.739562988	38.6704521179
581.028930664	49.6010322571
581.31829834	32.8729248047
581.607727051	18.1740226746
581.897094727	34.2491340637
582.186523438	53.3517494202
582.475891113	29.3455619812
582.765258789	11.8032426834
583.0546875	14.4109830856
583.344055176	29.3298454285
583.633422852	43.898853302
583.922851563	31.3630390167
584.212219238	44.5257987976
584.501586914	76.6709747314
584.791015625	49.1722755432
585.080383301	46.9905509949
585.369750977	54.8503303528
585.659179688	40.797668457
585.948547363	24.8141880035
586.237915039	27.422990799
586.52734375	32.2516784668
586.816711426	21.9732761383
587.106079102	21.4670886993
587.395507813	55.4183349609
587.684875488	55.6196670532
587.974304199	27.8824386597
588.263671875	7.3264465332
588.553039551	38.6618118286
588.842468262	38.6821517944
589.131835938	40.7521362305
589.421203613	29.1595230103
589.710632324	37.1757125854
590	44.0574645996
590.289367676	35.6462478638
590.578796387	46.6250801086
590.868164063	48.6220703125
591.157531738	38.5802383423
591.446960449	48.8029670715
591.736328125	58.8629417419
592.025695801	36.3001174927
592.315124512	38.9442329407
592.604492188	32.5833091736
592.893920898	29.0221061707
593.183288574	43.6521492004
593.47265625	47.4084129333
593.762084961	44.2666435242
594.051452637	46.5539131165
594.340820313	40.2821006775
594.630249023	32.1435050964
594.919616699	39.2408332825
595.208984375	30.4709739685
595.498413086	52.5125541687
595.787780762	96.7304840088
596.077148438	25.0971012115
596.366577148	35.5922927856
596.655944824	42.1075897217
596.9453125	57.0828514099
597.234741211	58.4574356079
597.524108887	67.3213653564
597.813476563	50.888420105
598.102905273	42.2786331177
598.392272949	50.1374359131
598.68170166	53.0701293945
598.971069336	58.4377212524
599.260437012	66.8495025635
599.549865723	54.8241882324
599.839233398	30.8006668091
600.128601074	17.599899292
600.418029785	83.3765869141
600.707397461	40.0911026001
600.996765137	53.1178741455
601.286193848	68.6777648926
601.575561523	43.8395462036
601.864929199	47.7730560303
602.15435791	44.264339447
602.443725586	56.3084449768
602.733093262	68.1106109619
603.022521973	67.3614196777
603.311889648	70.2888259888
603.601257324	47.8319511414
603.890686035	41.2714805603
604.180053711	28.3526954651
604.469482422	60.8725471497
604.758850098	48.8482933044
605.048217773	60.8828773499
605.337646484	60.9769477844
605.62701416	63.4529380798
605.916381836	56.102268219
606.205810547	36.6223602295
606.495178223	36.8781394958
606.784545898	63.254032135
607.073974609	63.2960968018
607.363342285	43.3890304565
607.652709961	41.6001319885
607.942138672	35.4822845459
608.231506348	44.6643295288
608.520874023	27.6227436066
608.810302734	-23.0688323975
609.09967041	33.1688766479
609.389038086	51.0115661621
609.678466797	81.5543670654
609.967834473	67.6475448608
610.257263184	67.7096328735
610.546630859	42.6997833252
610.835998535	38.482170105
611.125427246	42.2124671936
611.414794922	37.0920257568
611.704162598	40.4547348022
611.993591309	49.2807350159
612.282958984	41.4244499207
612.57232666	32.7324752808
612.861755371	40.765750885
613.151123047	-0.103960722685
613.440490723	39.3090400696
613.729919434	35.3379249573
614.019287109	1.39643549919
614.308654785	29.4737453461
614.598083496	45.3949623108
614.887451172	9.62925338745
615.176818848	16.0739936829
615.466247559	17.3538551331
615.755615234	11.403087616
616.045043945	20.2998905182
616.334411621	26.5239276886
616.623779297	17.1593437195
616.913208008	8.3793888092
617.202575684	24.3458576202
617.491943359	28.72590065
617.78137207	24.2933597565
618.070739746	42.0916137695
618.360107422	37.6486587524
618.649536133	38.2930221558
618.938903809	29.383026123
619.228271484	12.1637048721
619.517700195	26.3634872437
619.807067871	8.29772949219
620.096435547	5.4477930069
620.385864258	8.97716426849
620.675231934	6.01272583008
620.964660645	16.5135326385
621.25402832	26.0822963715
621.543395996	23.2894897461
621.832824707	5.08765983582
622.122192383	-1.77521681786
622.411560059	-15.4007883072
622.70098877	-2.7534968853
622.990356445	-0.318521857262
623.279724121	-5.13549995422
623.569152832	3.85383272171
623.858520508	-11.5634870529
624.147888184	-21.3609333038
624.437316895	-7.38820266724
624.72668457	4.90883302689
625.016052246	7.94437074661
625.305480957	4.84139919281
625.594848633	-0.893009126186
625.884216309	-6.65866756439
626.17364502	-14.8312196732
626.463012695	-16.8163604736
626.752441406	-47.1947212219
627.041809082	-11.1249313354
627.331176758	15.7908067703
627.620605469	23.7024841309
627.909973145	-10.1759681702
628.19934082	-8.72458553314
628.488769531	12.3233213425
628.778137207	-8.94136047363
629.067504883	-24.6823596954
629.356933594	-14.3439254761
629.64630127	2.44168543816
629.935668945	12.9750995636
630.225097656	4.39190292358
630.514465332	0.340355813503
630.803833008	19.9933986664
631.093261719	-10.3170928955
631.382629395	-5.59617900848
631.67199707	-5.89821434021
631.961425781	-19.9015769958
632.250793457	-5.75341653824
632.540222168	-4.13519668579
632.829589844	22.4177474976
633.11895752	11.9394435883
633.40838623	-7.60029554367
633.697753906	-22.3371448517
633.987121582	-7.00465965271
634.276550293	-6.06759214401
634.565917969	-9.29614067078
634.855285645	4.91622781754
635.144714355	8.45803165436
635.434082031	4.21068382263
635.723449707	10.3798398972
636.012878418	-8.49412822723
636.302246094	-0.70656388998
636.59161377	-15.4236383438
636.88104248	11.8020029068
637.170410156	29.8883953094
637.459777832	8.2648267746
637.749206543	1.00755858421
638.038574219	15.1061582565
638.32800293	19.5344371796
638.617370605	24.4657993317
638.906738281	10.4957952499
639.196166992	12.4514169693
639.485534668	-6.07376241684
639.774902344	-12.9194993973
640.064331055	18.8574123383
640.35369873	7.18184137344
640.643066406	-4.80549669266
640.932495117	-24.5879116058
641.221862793	-8.72759342194
641.511230469	36.0196876526
641.80065918	-14.9184894562
642.090026855	4.49724912643
642.379394531	-20.5572280884
642.668823242	-45.3125419617
642.958190918	-2.22297716141
643.247558594	-0.613879740238
643.536987305	-4.67827701569
643.82635498	-22.9400291443
644.115783691	-0.430940330029
644.405151367	36.6449546814
644.694519043	24.9710922241
644.983947754	-7.09647893906
645.27331543	-12.9615020752
645.562683105	1.32703828812
645.852111816	16.7775325775
646.141479492	25.8453712463
646.430847168	-22.2906494141
646.720275879	14.194270134
647.009643555	2.62490081787
647.29901123	-0.0482282303274
647.588439941	10.3680877686
647.877807617	19.3487663269
648.167175293	20.8875522614
648.456604004	11.9364356995
648.74597168	27.2415771484
649.035339355	-0.234041571617
649.324768066	-16.993019104
649.614135742	7.02696704865
649.903564453	21.5155487061
650.192932129	29.52967453
650.482299805	31.0062046051
650.771728516	0.536044895649
651.061096191	-2.15490651131
651.350463867	-2.43521356583
651.639892578	6.48989105225
651.929260254	40.1585578918
652.21862793	12.2625293732
652.508056641	9.3526725769
652.797424316	-0.484274595976
653.086791992	36.5203323364
653.376220703	10.7047128677
653.665588379	13.2071208954
653.954956055	19.0938053131
654.244384766	20.6155891418
654.533752441	16.3389453888
654.823181152	24.6532096863
655.112548828	42.4725112915
655.401916504	37.0247268677
655.691345215	26.9237060547
655.980712891	19.3804607391
656.270080566	19.1379947662
656.559509277	13.0899553299
656.848876953	10.3076953888
657.138244629	15.5173788071
657.42767334	57.3052749634
657.717041016	7.65558433533
658.006408691	31.735874176
658.295837402	39.2952537537
658.585205078	40.9663658142
658.874572754	21.2898178101
659.164001465	30.1763477325
659.453369141	21.0471630096
659.742736816	25.7043571472
660.032165527	39.8545608521
660.321533203	33.3989601135
660.610961914	36.5747947693
660.90032959	39.4812583923
661.189697266	32.7785873413
661.479125977	21.5918750763
661.768493652	41.3511199951
662.057861328	26.8986930847
662.347290039	1.38629734516
662.636657715	13.8701505661
662.926025391	23.6748046875
663.215454102	41.3079185486
663.504821777	60.7021713257
663.794189453	58.2753791809
664.083618164	40.6531219482
664.37298584	27.5366325378
664.662353516	23.1135025024
664.951782227	28.7585792542
665.241149902	51.8698730469
665.530517578	62.102016449
665.819946289	45.9350814819
666.109313965	49.5214729309
666.398742676	62.3196258545
666.688110352	34.3838005066
666.977478027	33.9274673462
667.266906738	14.8110685349
667.556274414	85.7087402344
667.84564209	75.2758483887
668.135070801	25.9712142944
668.424438477	37.9174690247
668.713806152	50.579788208
669.003234863	76.7497634888
669.292602539	36.2892837524
669.581970215	42.3302650452
669.871398926	54.8366699219
670.160766602	48.611782074
670.450134277	43.8575973511
670.739562988	31.022693634
671.028930664	44.3666534424
671.31829834	73.1749725342
671.607727051	59.2770767212
671.897094727	54.7116127014
672.186523438	53.7604980469
672.475891113	73.0678405762
672.765258789	52.4137496948
673.0546875	69.0085372925
673.344055176	61.2563018799
673.633422852	75.7203826904
673.922851563	71.7846450806
674.212219238	64.4003372192
674.501586914	88.3849182129
674.791015625	56.2411766052
675.080383301	63.5284957886
675.369750977	61.4549789429
675.659179688	74.345413208
675.948547363	63.9906425476
676.237915039	50.832408905
676.52734375	73.1315383911
676.816711426	85.0128479004
677.106079102	69.2320556641
677.395507813	60.8092575073
677.684875488	61.3768539429
677.974304199	95.3815460205
678.263671875	87.9449920654
678.553039551	64.307258606
678.842468262	92.7582473755
679.131835938	112.271636963
679.421203613	83.1905517578
679.710632324	101.355644226
680	94.5414047241
680.289367676	85.6544036865
680.578796387	103.261642456
680.868164063	90.0972976685
681.157531738	91.3174819946
681.446960449	119.120513916
681.736328125	119.852905273
682.025695801	110.095062256
682.315124512	102.210350037
682.604492188	108.315292358
682.893920898	135.670578003
683.183288574	125.720588684
683.47265625	104.985450745
683.762084961	103.173736572
684.051452637	100.515014648
684.340820313	95.0774765015
684.630249023	112.648582458
684.919616699	108.359970093
685.208984375	117.805740356
685.498413086	141.491104126
685.787780762	127.846290588
686.077148438	143.044006348
686.366577148	143.520874023
686.655944824	117.069908142
686.9453125	139.000305176
687.234741211	124.674423218
687.524108887	107.87336731
687.813476563	123.714889526
688.102905273	140.204925537
688.392272949	128.096740723
688.68170166	120.981323242
688.971069336	154.50692749
689.260437012	162.377258301
689.549865723	137.250595093
689.839233398	149.543533325
690.128601074	159.195114136
690.418029785	173.0027771
690.707397461	142.43145752
690.996765137	151.789337158
691.286193848	175.287200928
691.575561523	156.695373535
691.864929199	166.814956665
692.15435791	187.874343872
692.443725586	153.546188354
692.733093262	156.903335571
693.022521973	181.291564941
693.311889648	172.310821533
693.601257324	174.155273438
693.890686035	179.170959473
694.180053711	183.87159729
694.469482422	186.077224731
694.758850098	178.661422729
695.048217773	192.472915649
695.337646484	200.788146973
695.62701416	177.136505127
695.916381836	150.500488281
696.205810547	213.805480957
696.495178223	199.434829712
696.784545898	193.549057007
697.073974609	220.824020386
697.363342285	199.226089478
697.652709961	195.492889404
697.942138672	201.485137939
698.231506348	191.192138672
698.520874023	174.365203857
698.810302734	199.692398071
699.09967041	226.758773804
699.389038086	227.27583313
699.678466797	222.268814087
699.967834473	216.843719482
700.257263184	216.415802002
700.546630859	222.143554688
700.835998535	231.200653076
701.125427246	232.296646118
701.414794922	220.292953491
701.704162598	229.665481567
701.993591309	227.297866821
702.282958984	198.344451904
702.57232666	232.876647949
702.861755371	229.692382813
703.151123047	213.185760498
703.440490723	220.052429199
703.729919434	248.59715271
704.019287109	233.245803833
704.308654785	256.125396729
704.598083496	277.415252686
704.887451172	274.438171387
705.176818848	264.874664307
705.466247559	263.148406982
705.755615234	274.93182373
706.045043945	266.448486328
706.334411621	279.21307373
706.623779297	292.25479126
706.913208008	290.369110107
707.202575684	304.907897949
707.491943359	324.120758057
707.78137207	331.425994873
708.070739746	338.152038574
708.360107422	353.080474854
708.649536133	344.394470215
708.938903809	322.103912354
709.228271484	340.465942383
709.517700195	346.182312012
709.807067871	386.017974854
710.096435547	391.010864258
710.385864258	357.067565918
710.675231934	363.924468994
710.964660645	372.944763184
711.25402832	386.718902588
711.543395996	409.01574707
711.832824707	414.309753418
712.122192383	439.13760376
712.411560059	422.719360352
712.70098877	424.826599121
712.990356445	439.267730713
713.279724121	438.344848633
713.569152832	457.848052979
713.858520508	479.42175293
714.147888184	480.350189209
714.437316895	477.263580322
714.72668457	464.80480957
715.016052246	501.320159912
715.305480957	511.741851807
715.594848633	476.420532227
715.884216309	497.456359863
716.17364502	515.424438477
716.463012695	528.893676758
716.752441406	551.907897949
717.041809082	536.010131836
717.331176758	591.647766113
717.620605469	571.424438477
717.909973145	547.047729492
718.19934082	517.08795166
718.488769531	552.818725586
718.778137207	577.544311523
719.067504883	586.35723877
719.356933594	572.141235352
719.64630127	564.519104004
719.935668945	570.761291504
720.225097656	569.186889648
720.514465332	585.75958252
720.803833008	578.930969238
721.093261719	544.188842773
721.382629395	561.154846191
721.67199707	552.677246094
721.961425781	536.666320801
722.250793457	547.960266113
722.540222168	520.153442383
722.829589844	544.961730957
723.11895752	522.880187988
723.40838623	509.596038818
723.697753906	532.313781738
723.987121582	461.839874268
724.276550293	483.720550537
724.565917969	505.019592285
724.855285645	482.822540283
725.144714355	455.413146973
725.434082031	477.414337158
725.723449707	465.762207031
726.012878418	442.272033691
726.302246094	438.396514893
726.59161377	428.910400391
726.88104248	398.890686035
727.170410156	382.285430908
727.459777832	398.612304688
727.749206543	403.233428955
728.038574219	385.795654297
728.32800293	365.329162598
728.617370605	340.454376221
728.906738281	346.01171875
729.196166992	347.64239502
729.485534668	327.201446533
729.774902344	322.151855469
730.064331055	306.739776611
730.35369873	284.097900391
730.643066406	265.218963623
730.932495117	265.116973877
731.221862793	259.381835938
731.511230469	295.652069092
731.80065918	271.072296143
732.090026855	238.488754272
732.379394531	248.571975708
732.668823242	226.506851196
732.958190918	230.111297607
733.247558594	194.739929199
733.536987305	194.187988281
733.82635498	220.924041748
734.115783691	223.18409729
734.405151367	211.22215271
734.694519043	185.086868286
734.983947754	169.945571899
735.27331543	169.504119873
735.562683105	170.605407715
735.852111816	171.190429688
736.141479492	148.133514404
736.430847168	138.117599487
736.720275879	150.587387085
737.009643555	144.429641724
737.29901123	118.543617249
737.588439941	123.555152893
737.877807617	84.643737793
738.167175293	90.1717834473
738.456604004	94.0094833374
738.74597168	90.1649703979
739.035339355	77.495010376
739.324768066	104.466506958
739.614135742	102.783119202
739.903564453	97.0563735962
740.192932129	70.0609741211
740.482299805	81.6742248535
740.771728516	86.4362411499
741.061096191	69.8673629761
741.350463867	68.2423248291
741.639892578	71.0226593018
741.929260254	64.0245742798
742.21862793	45.0955886841
742.508056641	36.1850013733
742.797424316	51.6937561035
743.086791992	55.3773155212
743.376220703	55.6180953979
743.665588379	70.4781646729
743.954956055	56.852645874
744.244384766	47.560710907
744.533752441	48.1063308716
744.823181152	6.45819282532
745.112548828	23.1961975098
745.401916504	40.2864952087
745.691345215	25.5905056
745.980712891	43.3866157532
746.270080566	22.6316986084
746.559509277	35.8866386414
746.848876953	28.8888015747
747.138244629	40.0584449768
747.42767334	45.7853088379
747.717041016	39.7640342712
748.006408691	-0.881507098675
748.295837402	-12.0211000443
748.585205078	25.114364624
748.874572754	12.7393312454
749.164001465	14.7843093872
749.453369141	29.6324195862
749.742736816	10.3335580826
750.032165527	-7.65344619751
750.321533203	12.197350502
750.610961914	18.7472114563
750.90032959	20.1089935303
751.189697266	28.3855724335
751.479125977	12.1930007935
751.768493652	2.46103334427
752.057861328	9.49054050446
752.347290039	-1.06799709797
752.636657715	1.32259440422
752.926025391	4.75957250595
753.215454102	-15.483291626
753.504821777	-15.0507078171
753.794189453	3.9861240387
754.083618164	4.10947084427
754.37298584	0.539368987083
754.662353516	15.0166301727
754.951782227	-2.06851887703
755.241149902	-5.45136499405
755.530517578	-6.61033391953
755.819946289	15.0159425735
756.109313965	-8.06416893005
756.398742676	-28.3324241638
756.688110352	-9.08050441742
756.977478027	-29.1049518585
757.266906738	-24.6769180298
757.556274414	-21.8126926422
757.84564209	-35.4445610046
758.135070801	-34.3649177551
758.424438477	-12.7074489594
758.713806152	-11.8022661209
759.003234863	-10.5166492462
759.292602539	-8.36610412598
759.581970215	-9.66258049011
759.871398926	-7.067882061
760.160766602	-16.2505893707
760.450134277	-19.724067688
760.739562988	-10.002415657
761.028930664	-12.9060697556
761.31829834	-17.4227619171
761.607727051	-21.6281108856
761.897094727	-18.2505149841
762.186523438	-24.70195961
762.475891113	-14.2682113647
762.765258789	-22.0803127289
763.0546875	5.28391695023
763.344055176	-17.4478626251
763.633422852	-7.91181945801
763.922851563	-4.20164203644
764.212219238	3.28557276726
764.501586914	-11.4169101715
764.791015625	-13.1669378281
765.080383301	-8.66605091095
765.369750977	-28.1312294006
765.659179688	-29.1070861816
765.948547363	-0.180662587285
766.237915039	0.886142015457
766.52734375	-16.5965518951
766.816711426	-23.033164978
767.106079102	-19.8184108734
767.395507813	-14.8306455612
767.684875488	-21.0843982697
767.974304199	-23.3634777069
768.263671875	-17.0286064148
768.553039551	-27.52576828
768.842468262	-14.2435684204
769.131835938	-21.5297908783
769.421203613	-33.4082984924
769.710632324	-17.2745380402
770	-20.9799499512
770.289367676	-22.5176372528
770.578796387	-27.9346580505
770.868164063	-28.0971012115
771.157531738	-7.75685882568
771.446960449	-11.7810564041
771.736328125	1.57651972771
772.025695801	-12.4806995392
772.315124512	-28.4113903046
772.604492188	-37.6697807312
772.893920898	-30.8070163727
773.183288574	-14.7145767212
773.47265625	-20.3311214447
773.762084961	-14.7847623825
774.051452637	-22.5966205597
774.340820313	-37.4441223145
774.630249023	-19.0349712372
774.919616699	-22.6510276794
775.208984375	-16.0183048248
775.498413086	-27.374288559
775.787780762	-25.4727668762
776.077148438	-20.1518135071
776.366577148	-18.2704925537
776.655944824	-26.7569103241
776.9453125	-27.2272148132
777.234741211	3.80083298683
777.524108887	-2.6409072876
777.813476563	-7.88074350357
778.102905273	-11.5628995895
778.392272949	-19.7570819855
778.68170166	-20.8554973602
778.971069336	-21.1680870056
779.260437012	-11.5072889328
779.549865723	-4.13060808182
779.839233398	-17.9881191254
780.128601074	-24.1610603333
780.418029785	-13.3922901154
780.707397461	-12.3442840576
780.996765137	-12.2318248749
781.286193848	-7.28531980515
781.575561523	-21.6630954742
781.864929199	-7.65586090088
782.15435791	-12.3236131668
782.443725586	-30.2367897034
782.733093262	-12.6643695831
783.022521973	-5.62899637222
783.311889648	-6.6686372757
783.601257324	-16.8388938904
783.890686035	-17.3350143433
784.180053711	-20.9686489105
784.469482422	-25.5321540833
784.758850098	-7.20485115051
785.048217773	-7.59532165527
785.337646484	11.9966917038
785.62701416	11.9736528397
785.916381836	-16.6726779938
786.205810547	-15.5306158066
786.495178223	-2.97601795197
786.784545898	-27.9597511292
787.073974609	-28.9453735352
787.363342285	-20.6607952118
787.652709961	-2.84960627556
787.942138672	-3.13845229149
788.231506348	-1.80992901325
788.520874023	-11.1462001801
788.810302734	-15.892077446
789.09967041	-11.4109668732
789.389038086	-9.50016784668
789.678466797	-20.1269035339
789.967834473	13.9408769608
790.257263184	3.79021430016
790.546630859	12.7781610489
790.835998535	-10.6977586746
791.125427246	25.9504070282
791.414794922	10.3835105896
791.704162598	13.6715278625
791.993591309	0.920920789242
792.282958984	4.75849819183
792.57232666	-0.399286180735
792.861755371	20.6599216461
793.151123047	15.579041481
793.440490723	10.4146661758
793.729919434	34.1171836853
794.019287109	3.66667532921
794.308654785	12.1751508713
794.598083496	15.4330892563
794.887451172	5.53433799744
795.176818848	4.65145635605
795.466247559	2.84933590889
795.755615234	1.24990129471
796.045043945	6.44289827347
796.334411621	3.81611990929
796.623779297	-1.56041431427
796.913208008	-0.253892123699
797.202575684	10.3544368744
797.491943359	14.5037813187
797.78137207	1.68383908272
798.070739746	9.83538150787
798.360107422	3.70933532715
798.649536133	20.3854866028
798.938903809	39.1710624695
799.228271484	15.6890583038
799.517700195	25.954076767
799.807067871	28.274564743
800.096435547	19.9290351868
800.385864258	41.4206161499
800.675231934	19.0169830322
800.964660645	10.6848335266
801.25402832	27.0792961121
801.543395996	31.7750263214
801.832824707	24.6623592377
802.122192383	17.41106987
802.411560059	22.4459114075
802.70098877	14.2270441055
802.990356445	10.9230194092
803.279724121	10.8748540878
803.569152832	17.7897758484
803.858520508	29.8666095734
804.147888184	29.5804080963
804.437316895	18.6288738251
804.72668457	20.8128852844
805.016052246	46.6197013855
805.305480957	26.0207061768
805.594848633	13.6820135117
805.884216309	17.3955669403
806.17364502	31.3507709503
806.463012695	35.3402023315
806.752441406	22.650144577
807.041809082	67.9291305542
807.331176758	44.4153862
807.620605469	42.0983734131
807.909973145	33.6273574829
808.19934082	33.555267334
808.488769531	42.2384986877
808.778137207	57.3817367554
809.067504883	25.5471973419
809.356933594	11.9938554764
809.64630127	44.9669303894
809.935668945	41.5393714905
810.225097656	35.5311965942
810.514465332	26.5967998505
810.803833008	43.1716804504
811.093261719	42.2233200073
811.382629395	34.379989624
811.67199707	33.5871963501
811.961425781	27.0028495789
812.250793457	58.1788063049
812.540222168	91.1059341431
812.829589844	65.1468811035
813.11895752	50.0992012024
813.40838623	55.7702255249
813.697753906	55.118057251
813.987121582	64.8191604614
814.276550293	73.1437530518
814.565917969	88.9154052734
814.855285645	63.391658783
815.144714355	20.413022995
815.434082031	46.17735672
815.723449707	46.829875946
816.012878418	55.3287811279
816.302246094	64.1604995728
816.59161377	70.7046203613
816.88104248	45.7711524963
817.170410156	72.8477401733
817.459777832	41.4057807922
817.749206543	66.0709457397
818.038574219	49.4204826355
818.32800293	51.5995635986
818.617370605	77.9180984497
818.906738281	74.6482543945
819.196166992	89.0407104492
819.485534668	60.5162315369
819.774902344	61.4092292786
820.064331055	59.9637985229
820.35369873	45.257183075
820.643066406	59.7969093323
820.932495117	56.1622695923
821.221862793	42.2085876465
821.511230469	59.3205795288
821.80065918	62.5538597107
822.090026855	51.474445343
822.379394531	51.2983474731
822.668823242	52.0169792175
822.958190918	74.3772659302
823.247558594	66.05834198
823.536987305	44.2078857422
823.82635498	86.2939987183
824.115783691	69.5397262573
824.405151367	75.0316009521
824.694519043	103.678260803
824.983947754	84.0660858154
825.27331543	78.2281265259
825.562683105	66.3120346069
825.852111816	36.0917053223
826.141479492	66.3191757202
826.430847168	50.2985992432
826.720275879	57.9847602844
827.009643555	87.9683303833
827.29901123	68.8872070313
827.588439941	70.4867019653
827.877807617	57.0940513611
828.167175293	21.7624397278
828.456604004	46.8423995972
828.74597168	87.996383667
829.035339355	73.9096450806
829.324768066	70.0843276978
829.614135742	77.9853820801
829.903564453	94.2826309204
830.192932129	80.1595153809
830.482299805	81.1435699463
830.771728516	86.6512680054
831.061096191	74.0821075439
831.350463867	83.1665115356
831.639892578	83.5108718872
831.929260254	66.8806762695
832.21862793	55.4897384644
832.508056641	71.4945068359
832.797424316	67.226852417
833.086791992	58.6225395203
833.376220703	77.7877044678
833.665588379	91.6633682251
833.954956055	55.0558738708
834.244384766	77.4129333496
834.533752441	70.9333724976
834.823181152	53.8219261169
835.112548828	77.9898223877
835.401916504	96.1494216919
835.691345215	61.6537017822
835.980712891	78.0752639771
836.270080566	34.7333946228
836.559509277	64.6776123047
836.848876953	87.7026901245
837.138244629	113.475326538
837.42767334	77.8460540771
837.717041016	81.658241272
838.006408691	64.4538269043
838.295837402	81.7327651978
838.585205078	77.1997375488
838.874572754	49.8642158508
839.164001465	68.0584335327
839.453369141	89.393081665
839.742736816	86.8737258911
840.032165527	57.1863517761
840.321533203	60.5712928772
840.610961914	78.1053543091
840.90032959	79.383605957
841.189697266	72.1533126831
841.479125977	53.2117843628
841.768493652	48.1824188232
842.057861328	56.1718521118
842.347290039	55.4903373718
842.636657715	63.9910011292
842.926025391	66.1440048218
843.215454102	62.0647850037
843.504821777	74.3711166382
843.794189453	57.3136711121
844.083618164	64.7339630127
844.37298584	65.9462966919
844.662353516	54.0199584961
844.951782227	53.5828285217
845.241149902	63.3185958862
845.530517578	68.7035369873
845.819946289	75.4172897339
846.109313965	88.6164321899
846.398742676	73.200302124
846.688110352	44.8447647095
846.977478027	39.015838623
847.266906738	72.1619567871
847.556274414	67.7968978882
847.84564209	50.6544952393
848.135070801	65.1746444702
848.424438477	80.4482498169
848.713806152	93.2103881836
849.003234863	85.2241897583
849.292602539	65.1684570313
849.581970215	57.0692634583
849.871398926	79.3679733276
850.160766602	67.72215271
850.450134277	50.3016738892
850.739562988	43.7866630554
851.028930664	41.0297584534
851.31829834	43.0260276794
851.607727051	46.2077941895
851.897094727	54.5885810852
852.186523438	62.5896835327
852.475891113	70.84815979
852.765258789	61.2020950317
853.0546875	41.6975822449
853.344055176	50.5351600647
853.633422852	62.992855072
853.922851563	64.0979614258
854.212219238	53.9306526184
854.501586914	36.3148612976
854.791015625	53.9705047607
855.080383301	65.5292739868
855.369750977	60.1952209473
855.659179688	44.9746437073
855.948547363	36.0348777771
856.237915039	74.5445709229
856.52734375	71.4214096069
856.816711426	102.775588989
857.106079102	58.2103309631
857.395507813	36.0344314575
857.684875488	39.2543334961
857.974304199	40.3499183655
858.263671875	76.1535568237
858.553039551	58.8036346436
858.842468262	64.7632369995
859.131835938	58.8195610046
859.421203613	59.9476661682
859.710632324	56.8533096313
860	72.9391784668
860.289367676	79.3648910522
860.578796387	48.1396751404
860.868164063	33.0233917236
861.157531738	51.2454910278
861.446960449	59.2797966003
861.736328125	42.8148841858
862.025695801	32.9483604431
862.315124512	62.6401367188
862.604492188	51.1454391479
862.893920898	42.241268158
863.183288574	41.9011077881
863.47265625	45.2069473267
863.762084961	39.2429618835
864.051452637	31.2524147034
864.340820313	42.3058128357
864.630249023	58.6975402832
864.919616699	55.9301376343
865.208984375	55.4659576416
865.498413086	70.6833648682
865.787780762	70.2355422974
866.077148438	57.5875244141
866.366577148	50.4218788147
866.655944824	55.2963218689
866.9453125	63.0128059387
867.234741211	57.3212814331
867.524108887	74.3685760498
867.813476563	47.8870582581
868.102905273	43.5788345337
868.392272949	50.8827209473
868.68170166	51.4636573792
868.971069336	53.5634422302
869.260437012	71.8436431885
869.549865723	48.5400619507
869.839233398	43.9115753174
870.128601074	70.1908035278
870.418029785	56.1086502075
870.707397461	22.8908081055
870.996765137	47.802116394
871.286193848	61.1540489197
871.575561523	70.1639862061
871.864929199	58.2789115906
872.15435791	10.7304515839
872.443725586	77.7025527954
872.733093262	64.1114196777
873.022521973	44.9330749512
873.311889648	73.631980896
873.601257324	65.3875274658
873.890686035	45.3918037415
874.180053711	70.1676101685
874.469482422	84.9372711182
874.758850098	66.3346633911
875.048217773	64.0120849609
875.337646484	41.8559570313
875.62701416	45.8531227112
875.916381836	50.6773910522
876.205810547	23.7923870087
876.495178223	38.1847724915
876.784545898	53.590587616
877.073974609	54.1438140869
877.363342285	43.2527503967
877.652709961	51.7969932556
877.942138672	51.9779052734
878.231506348	35.9049606323
878.520874023	46.6930999756
878.810302734	55.2770881653
879.09967041	55.0063858032
879.389038086	47.0447692871
879.678466797	36.7703590393
879.967834473	24.4247074127
880.257263184	30.3133850098
880.546630859	47.7536201477
880.835998535	44.1025505066
881.125427246	41.9240875244
881.414794922	42.8731155396
881.704162598	37.7857666016
881.993591309	28.5772724152
882.282958984	26.7123355865
882.57232666	34.9355316162
882.861755371	37.6196174622
883.151123047	43.2273368835
883.440490723	75.4007263184
883.729919434	55.2171363831
884.019287109	36.9801292419
884.308654785	53.5170478821
884.598083496	55.0436630249
884.887451172	53.4694976807
885.176818848	29.2627601624
885.466247559	24.77277565
885.755615234	38.2286376953
886.045043945	41.4246864319
886.334411621	12.1076002121
886.623779297	32.2028656006
886.913208008	22.8290920258
887.202575684	9.02494525909
887.491943359	15.586520195
887.78137207	10.3924331665
888.070739746	21.4984416962
888.360107422	-4.753947258
888.649536133	26.7575321198
888.938903809	10.7170562744
889.228271484	19.2720394135
889.517700195	23.8777561188
889.807067871	51.7930908203
890.096435547	27.9640426636
890.385864258	16.7548179626
890.675231934	11.159655571
890.964660645	33.1213302612
891.25402832	28.1511669159
891.543395996	9.70395374298
891.832824707	24.2186069489
892.122192383	14.7762756348
892.411560059	28.2316493988
892.70098877	28.603723526
892.990356445	27.2248706818
893.279724121	10.5003128052
893.569152832	15.5469484329
893.858520508	3.936160326
894.147888184	22.6290836334
894.437316895	26.4669780731
894.72668457	1.69041907787
895.016052246	3.03666257858
895.305480957	13.4539031982
895.594848633	18.8223628998
895.884216309	14.6200227737
896.17364502	14.3124103546
896.463012695	20.8420028687
896.752441406	17.0028953552
897.041809082	36.989276886
897.331176758	40.8638381958
897.620605469	27.5305919647
897.909973145	19.1409950256
898.19934082	5.75188779831
898.488769531	-1.84307873249
898.778137207	10.6413488388
899.067504883	9.70023822784
899.356933594	9.55180549622
899.64630127	28.5938491821
899.935668945	7.90737819672
900.225097656	-3.56649470329
900.514465332	19.968957901
900.803833008	12.0971832275
901.093261719	-1.60715782642
901.382629395	12.589427948
901.67199707	14.5474872589
901.961425781	12.1541814804
902.250793457	7.34808063507
902.540222168	23.5704975128
902.829589844	22.0222091675
903.11895752	10.9097127914
903.40838623	5.61381864548
903.697753906	-24.5077114105
903.987121582	2.44302415848
904.276550293	-4.30428600311
904.565917969	3.77901792526
904.855285645	-21.0202465057
905.144714355	-1.13913857937
905.434082031	0.0501224510372
905.723449707	16.1265907288
906.012878418	8.33972930908
906.302246094	-10.9182748795
906.59161377	24.8517971039
906.88104248	7.24682044983
907.170410156	26.6035614014
907.459777832	5.7730474472
907.749206543	12.7198295593
908.038574219	-28.1497478485
908.32800293	19.8016719818
908.617370605	-11.7278165817
908.906738281	-9.15598678589
909.196166992	-3.3935315609
909.485534668	4.69831752777
909.774902344	11.5189256668
910.064331055	-9.16075706482
910.35369873	-7.07501173019
910.643066406	27.3632736206
910.932495117	30.2687950134
911.221862793	6.42778205872
911.511230469	-29.6756820679
911.80065918	-0.749651670456
912.090026855	16.0948829651
912.379394531	-7.71707677841
912.668823242	-5.42312717438
912.958190918	15.1545619965
913.247558594	146.802078247
913.536987305	20.6455841064
913.82635498	27.8719558716
914.115783691	15.3595085144
914.405151367	-3.75689482689
914.694519043	13.8893976212
914.983947754	-0.423586547375
915.27331543	15.2849617004
915.562683105	0.30552148819
915.852111816	-10.6849527359
916.141479492	29.2342891693
916.430847168	14.0263328552
916.720275879	0.951141953468
917.009643555	19.6076889038
917.29901123	-9.88713264465
917.588439941	-13.2650585175
917.877807617	31.1270828247
918.167175293	9.24798488617
918.456604004	5.48749160767
918.74597168	-5.35376501083
919.035339355	5.76103305817
919.324768066	9.73100852966
919.614135742	18.7637748718
919.903564453	17.8929290771
920.192932129	0.426673173904
920.482299805	-22.1030597687
920.771728516	11.1315631866
921.061096191	13.8574457169
921.350463867	3.89021253586
921.639892578	17.1778144836
921.929260254	10.0077009201
922.21862793	-19.6983013153
922.508056641	-21.2502994537
922.797424316	-16.4868202209
923.086791992	1.17998015881
923.376220703	5.9382853508
923.665588379	-2.88661384583
923.954956055	-10.3960828781
924.244384766	-15.3648290634
924.533752441	-20.9875793457
924.823181152	-17.7246360779
925.112548828	1.0354257822
925.401916504	0.255204409361
925.691345215	-14.896402359
925.980712891	-27.1727180481
926.270080566	-11.5942964554
926.559509277	-3.33452677727
926.848876953	-26.4809589386
927.138244629	-19.2335929871
927.42767334	-6.18817806244
927.717041016	-16.1778717041
928.006408691	1.24747300148
928.295837402	16.7096347809
928.585205078	3.97360348701
928.874572754	-9.32932281494
929.164001465	-3.45871329308
929.453369141	2.45418071747
929.742736816	-18.5743312836
930.032165527	-12.4979114532
930.321533203	-9.74517345428
930.610961914	-23.5112819672
930.90032959	-4.57153367996
931.189697266	-3.96918654442
931.479125977	-35.2326087952
931.768493652	-27.510389328
932.057861328	-29.3013534546
932.347290039	-43.048664093
932.636657715	-38.6599388123
932.926025391	-31.5651607513
933.215454102	-2.07858467102
933.504821777	-15.8431806564
933.794189453	-22.2364387512
934.083618164	-7.53355455399
934.37298584	12.1193294525
934.662353516	-19.7192420959
934.951782227	-10.5649404526
935.241149902	-0.128852918744
935.530517578	-10.7667398453
935.819946289	-9.09290790558
936.109313965	-4.1502289772
936.398742676	-11.9151172638
936.688110352	4.64377260208
936.977478027	11.9905042648
937.266906738	13.9324035645
937.556274414	5.54915475845
937.84564209	21.8905143738
938.135070801	12.3949136734
938.424438477	-21.8391647339
938.713806152	0.229734957218
939.003234863	-4.65820026398
939.292602539	-5.18060922623
939.581970215	8.97789001465
939.871398926	25.6419563293
940.160766602	2.93229222298
940.450134277	-21.3230266571
940.739562988	-3.90358901024
941.028930664	-12.5590543747
941.31829834	9.41731643677
941.607727051	6.00618743896
941.897094727	-1.65879952908
942.186523438	-10.2288637161
942.475891113	-6.55596017838
942.765258789	-1.78564429283
943.0546875	-15.0561475754
943.344055176	4.22979307175
943.633422852	-3.42005729675
943.922851563	-8.63269996643
944.212219238	10.2963075638
944.501586914	-6.61941194534
944.791015625	-15.3127670288
945.080383301	-33.4579772949
945.369750977	-30.4825839996
945.659179688	-31.4498653412
945.948547363	-8.89414978027
946.237915039	2.87518978119
946.52734375	-18.1267585754
946.816711426	-11.3803691864
947.106079102	13.0855035782
947.395507813	-13.8219633102
947.684875488	26.0088996887
947.974304199	7.51183319092
948.263671875	-4.67317342758
948.553039551	-15.3469495773
948.842468262	-19.4792690277
949.131835938	-1.74508631229
949.421203613	-33.243812561
949.710632324	21.974697113
950	23.5494556427
950.289367676	-22.1257858276
950.578796387	23.1740245819
950.868164063	-10.2380332947
951.157531738	3.92290711403
951.446960449	34.2224731445
951.736328125	29.8848781586
952.025695801	6.01530075073
952.315124512	-12.3025665283
952.604492188	-7.52468204498
952.893920898	17.9321098328
953.183288574	14.3371906281
953.47265625	34.2254257202
953.762084961	18.8912029266
954.051452637	27.0802192688
954.340820313	24.9511203766
954.630249023	7.12251138687
954.919616699	-5.85351037979
955.208984375	-1.40350735188
955.498413086	-5.92279005051
955.787780762	3.71642208099
956.077148438	-11.2556934357
956.366577148	1.38395881653
956.655944824	36.2482681274
956.9453125	34.1858215332
957.234741211	40.3130226135
957.524108887	4.50618982315
957.813476563	13.5155191422
958.102905273	20.1810512543
958.392272949	12.2306632996
958.68170166	17.1913604736
958.971069336	19.4995193481
959.260437012	18.4583110809
959.549865723	3.6817035675
959.839233398	32.7090988159
960.128601074	25.1925506592
960.418029785	11.807056427
960.707397461	-3.95827269554
960.996765137	2.91507053375
961.286193848	43.0784034729
961.575561523	20.6292381287
961.864929199	18.9598560333
962.15435791	35.8570785522
962.443725586	17.3107433319
962.733093262	-1.25146079063
963.022521973	30.2343826294
963.311889648	21.2344360352
963.601257324	28.1465969086
963.890686035	19.5770206451
964.180053711	34.0926971436
964.469482422	26.1359157562
964.758850098	22.9162406921
965.048217773	2.14285540581
965.337646484	2.4707403183
965.62701416	15.8101482391
965.916381836	10.8609809875
966.205810547	25.8192367554
966.495178223	10.1083517075
966.784545898	-10.2001895905
967.073974609	17.6306247711
967.363342285	6.76300144196
967.652709961	-25.2618484497
967.942138672	-0.92810434103
968.231506348	14.4684324265
968.520874023	15.6144800186
968.810302734	13.1303539276
969.09967041	5.21536684036
969.389038086	26.0157108307
969.678466797	21.4388122559
969.967834473	22.688375473
970.257263184	20.3409671783
970.546630859	17.2765674591
970.835998535	4.07154035568
971.125427246	0.531261563301
971.414794922	-6.97210454941
971.704162598	-5.71375131607
971.993591309	2.59216094017
972.282958984	-6.75934934616
972.57232666	14.0644330978
972.861755371	-1.70094358921
973.151123047	-13.0397586823
973.440490723	13.4021883011
973.729919434	-1.39590346813
974.019287109	-15.2103042603
974.308654785	-10.2771472931
974.598083496	1.39937090874
974.887451172	-2.64842867851
975.176818848	-3.98724365234
975.466247559	-33.590511322
975.755615234	-30.6383094788
976.045043945	-12.2049570084
976.334411621	-23.204416275
976.623779297	-7.30348539352
976.913208008	13.0273294449
977.202575684	15.9194717407
977.491943359	-0.626863181591
977.78137207	-16.096830368
978.070739746	-5.12656259537
978.360107422	23.7157745361
978.649536133	7.98457765579
978.938903809	0.247813269496
979.228271484	-2.56316971779
979.517700195	-2.45061683655
979.807067871	-5.92175626755
980.096435547	3.16765141487
980.385864258	-5.63678741455
980.675231934	-6.9209151268
980.964660645	19.5978870392
981.25402832	28.8621006012
981.543395996	5.29574584961
981.832824707	-7.99746274948
982.122192383	-17.4515113831
982.411560059	-8.97929191589
982.70098877	-0.916055560112
982.990356445	1.8774535656
983.279724121	15.5615873337
983.569152832	12.4026565552
983.858520508	10.0755596161
984.147888184	3.69475269318
984.437316895	-3.88117074966
984.72668457	-9.69557189941
985.016052246	-15.6330194473
985.305480957	4.75931835175
985.594848633	10.1963825226
985.884216309	25.4723129272
986.17364502	10.765042305
986.463012695	9.50435161591
986.752441406	-5.42752838135
987.041809082	-10.8630237579
987.331176758	10.2146654129
987.620605469	21.2754611969
987.909973145	2.43811035156
988.19934082	2.88591647148
988.488769531	-1.58717238903
988.778137207	-2.26797652245
989.067504883	-0.0488784350455
989.356933594	-16.258392334
989.64630127	-2.35960674286
989.935668945	2.07970619202
990.225097656	23.7642345428
990.514465332	24.8959312439
990.803833008	4.41434526443
991.093261719	-1.66821551323
991.382629395	-11.4046840668
991.67199707	-0.915566086769
991.961425781	-8.79646682739
992.250793457	17.3366947174
992.540222168	24.6764965057
992.829589844	28.7779178619
993.11895752	10.1620559692
993.40838623	8.84756088257
993.697753906	13.0754480362
993.987121582	4.05089426041
994.276550293	21.1651115417
994.565917969	42.6840133667
994.855285645	38.1028175354
995.144714355	33.3640060425
995.434082031	45.1846694946
995.723449707	29.7440986633
996.012878418	37.4769668579
996.302246094	7.38356542587
996.59161377	23.3863544464
996.88104248	24.8291854858
997.170410156	32.5697669983
997.459777832	10.5994119644
997.749206543	5.96704673767
998.038574219	20.0338001251
998.32800293	23.2466506958
998.617370605	9.13322925568
998.906738281	32.5989074707
999.196166992	67.6965255737
999.485534668	56.2911109924
999.774902344	51.7768096924
1000.06433105	63.0257911682
1000.35369873	67.6052398682
1000.64306641	56.6729736328
1000.93249512	81.7945098877
1001.22186279	53.5155639648
1001.51123047	91.2869110107
1001.80065918	73.8601074219
1002.09002686	71.2867279053
1002.37939453	52.8290672302
1002.66882324	54.7596893311
1002.95819092	71.8313293457
1003.24755859	84.223274231
1003.5369873	76.2979431152
1003.82635498	89.4838409424
1004.11578369	95.954498291
1004.40515137	74.8039703369
1004.69451904	105.854606628
1004.98394775	110.011795044
1005.27331543	113.83392334
1005.56268311	101.156044006
1005.85211182	98.9533691406
1006.14147949	115.177345276
1006.43084717	116.447715759
1006.72027588	129.630783081
1007.00964355	137.749298096
1007.29901123	139.978637695
1007.58843994	149.053314209
1007.87780762	150.585891724
1008.16717529	150.985153198
1008.456604	149.359634399
1008.74597168	153.419555664
1009.03533936	158.105926514
1009.32476807	179.932556152
1009.61413574	178.769805908
1009.90356445	182.294189453
1010.19293213	183.193954468
1010.4822998	190.11567688
1010.77172852	191.113693237
1011.06109619	191.893814087
1011.35046387	201.399047852
1011.63989258	238.24130249
1011.92926025	252.391540527
1012.21862793	219.174606323
1012.50805664	240.527587891
1012.79742432	248.82774353
1013.08679199	247.898895264
1013.3762207	249.686935425
1013.66558838	261.065704346
1013.95495605	268.414703369
1014.24438477	270.913665771
1014.53375244	284.905731201
1014.82318115	293.521881104
1015.11254883	319.912872314
1015.4019165	338.671020508
1015.69134521	317.963470459
1015.98071289	330.677185059
1016.27008057	340.308868408
1016.55950928	347.164794922
1016.84887695	372.682250977
1017.13824463	374.900360107
1017.42767334	401.483337402
1017.71704102	386.003692627
1018.00640869	402.643676758
1018.2958374	435.48739624
1018.58520508	462.559020996
1018.87457275	445.401184082
1019.16400146	458.040313721
1019.45336914	491.505004883
1019.74273682	499.490203857
1020.03216553	501.858825684
1020.3215332	544.548156738
1020.61096191	528.781494141
1020.90032959	583.354125977
1021.18969727	549.159606934
1021.47912598	611.325622559
1021.76849365	633.262451172
1022.05786133	629.62512207
1022.34729004	664.914611816
1022.63665771	683.054626465
1022.92602539	705.433898926
1023.2154541	731.241455078
1023.50482178	749.484985352
1023.79418945	772.353515625
1024.08361816	795.707946777
1024.37304688	797.978393555
1024.66235352	846.738891602
1024.95178223	878.866821289
1025.24121094	926.262268066
1025.53051758	947.964172363
1025.81994629	989.584716797
1026.109375	1023.42016602
1026.39868164	1063.79980469
1026.68811035	1080.26611328
1026.97753906	1126.08532715
1027.2668457	1152.06555176
1027.55627441	1190.55041504
1027.84570313	1226.54162598
1028.13500977	1252.28747559
1028.42443848	1318.58374023
1028.71386719	1365.47973633
1029.00317383	1400.77197266
1029.29260254	1464.62011719
1029.58203125	1508.74645996
1029.87133789	1559.09924316
1030.1607666	1625.47033691
1030.45019531	1670.3404541
1030.73950195	1710.40808105
1031.02893066	1755.07397461
1031.31835938	1815.67700195
1031.60766602	1849.69726563
1031.89709473	1927.84716797
1032.18652344	2014.00524902
1032.47583008	2086.73803711
1032.76525879	2136.88208008
1033.0546875	2219.47314453
1033.34399414	2283.96264648
1033.63342285	2352.25170898
1033.92285156	2448.31079102
1034.2121582	2539.95996094
1034.50158691	2658.32958984
1034.79101563	2752.27392578
1035.08044434	2856.81298828
1035.36975098	2973.33129883
1035.65917969	3100.57080078
1035.9486084	3210.23779297
1036.23791504	3324.78979492
1036.52734375	3464.40600586
1036.81677246	3629.7980957
1037.1060791	3763.91210938
1037.39550781	3942.99267578
1037.68493652	4125.18554688
1037.97424316	4321.69335938
1038.26367188	4504.28466797
1038.55310059	4737.7265625
1038.84240723	4953.55322266
1039.13183594	5198.71484375
1039.42126465	5483.65234375
1039.71057129	5764.01220703
1040	6051.63085938
1040.28942871	6362.27294922
1040.57873535	6683.31396484
1040.86816406	7030.23339844
1041.15759277	7447.71240234
1041.44689941	7830.98242188
1041.73632813	8217.21679688
1042.02575684	8673.7890625
1042.31506348	9148.88671875
1042.60449219	9634.8359375
1042.8939209	10174.3007813
1043.18322754	10734.6044922
1043.47265625	11299.8955078
1043.76208496	11930.4550781
1044.0513916	12586.3779297
1044.34082031	13266.0917969
1044.63024902	13942.9804688
1044.91955566	14655.5605469
1045.20898438	15395.2460938
1045.49841309	16122.8007813
1045.7878418	16876.40625
1046.07714844	17592.3554688
1046.36657715	18312.0898438
1046.65600586	19013.5195313
1046.9453125	19639.6660156
1047.23474121	20275.0507813
1047.52416992	20930.5839844
1047.81347656	21499.4023438
1048.10290527	21852.4355469
1048.39233398	22275.4316406
1048.68164063	22555.6464844
1048.97106934	22760.4023438
1049.26049805	22908.5019531
1049.54980469	22882.9785156
1049.8392334	22784.1445313
1050.12866211	22603.1542969
1050.41796875	22315.6601563
1050.70739746	22031.9648438
1050.99682617	21604.0371094
1051.28613281	21015.8066406
1051.57556152	20444.5722656
1051.86499023	19761.8125
1052.15429688	19135.8496094
1052.44372559	18372.4160156
1052.7331543	17551.9921875
1053.02246094	16726.6035156
1053.31188965	16031.8496094
1053.60131836	15147.6640625
1053.890625	14375.8300781
1054.18005371	13598.8652344
1054.46948242	12830.2080078
1054.75878906	12165.0644531
1055.04821777	11480.3837891
1055.33764648	10770.3427734
1055.62695313	10126.7832031
1055.91638184	9489.03222656
1056.20581055	8884.68554688
1056.49511719	8324.81347656
1056.7845459	7773.42919922
1057.07397461	7355.34570313
1057.36340332	6926.07470703
1057.65270996	6528.08203125
1057.94213867	6107.60888672
1058.23156738	5758.96435547
1058.52087402	5344.24023438
1058.81030273	5111.76513672
1059.09973145	4797.23828125
1059.38903809	4513.9609375
1059.6784668	4278.41552734
1059.96789551	4055.19921875
1060.25720215	3808.6262207
1060.54663086	3655.03881836
1060.83605957	3681.52954102
1061.12536621	3290.71484375
1061.41479492	3087.17138672
1061.70422363	2909.5390625
1061.99353027	2780.40600586
1062.28295898	2626.96899414
1062.5723877	2493.58056641
1062.86169434	2388.19116211
1063.15112305	2267.45385742
1063.44055176	2158.7487793
1063.7298584	2042.28076172
1064.01928711	1955.48632813
1064.30871582	1876.53759766
1064.59802246	1799.36401367
1064.88745117	1708.41223145
1065.17687988	1643.18811035
1065.46618652	1589.3260498
1065.75561523	1531.55847168
1066.04504395	1472.56469727
1066.33435059	1360.61376953
1066.6237793	1308.31494141
1066.91320801	1271.04150391
1067.20251465	1209.81225586
1067.49194336	1155.02697754
1067.78137207	1132.7286377
1068.07067871	1095.39001465
1068.36010742	1037.31726074
1068.64953613	993.601867676
1068.93896484	941.304931641
1069.22827148	919.642578125
1069.5177002	888.636657715
1069.80712891	849.04486084
1070.09643555	821.743347168
1070.38586426	789.152954102
1070.67529297	766.460021973
1070.96459961	747.060424805
1071.25402832	748.695617676
1071.54345703	684.746826172
1071.83276367	619.399902344
1072.12219238	652.882324219
1072.41162109	639.542419434
1072.70092773	581.436706543
1072.99035645	587.109008789
1073.27978516	569.01184082
1073.5690918	524.856323242
1073.85852051	502.030578613
1074.14794922	481.657012939
1074.43725586	483.64944458
1074.72668457	462.742675781
1075.01611328	478.588806152
1075.30541992	435.617858887
1075.59484863	440.065093994
1075.88427734	378.596313477
1076.17358398	363.78112793
1076.4630127	371.094573975
1076.75244141	359.401641846
1077.04174805	351.970733643
1077.33117676	338.676269531
1077.62060547	308.21774292
1077.90991211	315.739959717
1078.19934082	317.468414307
1078.48876953	285.651977539
1078.77807617	300.055053711
1079.06750488	232.461273193
1079.35693359	225.701950073
1079.6463623	236.132568359
1079.93566895	207.319839478
1080.22509766	224.638153076
1080.51452637	187.271896362
1080.80383301	205.846374512
1081.09326172	214.193984985
1081.38269043	182.680755615
1081.67199707	181.398788452
1081.96142578	189.054016113
1082.25085449	175.252700806
1082.54016113	126.967308044
1082.82958984	123.814437866
1083.11901855	103.686950684
1083.4083252	166.442077637
1083.69775391	160.030426025
1083.98718262	115.787216187
1084.27648926	96.0643234253
1084.56591797	79.6223831177
1084.85534668	86.9367980957
1085.14465332	79.1040420532
1085.43408203	100.209953308
1085.72351074	101.581008911
1086.01281738	89.4381866455
1086.30224609	70.6822891235
1086.5916748	69.5015869141
1086.88098145	68.2684326172
1087.17041016	54.3035507202
1087.45983887	49.8547782898
1087.74914551	34.8003387451
1088.03857422	60.8833045959
1088.32800293	43.7880516052
1088.61730957	28.0026550293
1088.90673828	41.1583747864
1089.19616699	35.0220756531
1089.48547363	17.3442840576
1089.77490234	23.0562858582
1090.06433105	31.5143814087
1090.3536377	39.5485038757
1090.64306641	0.891853809357
1090.93249512	-6.39077329636
1091.22192383	-39.8423461914
1091.51123047	-6.45129013062
1091.80065918	-9.57180786133
1092.09008789	5.90679550171
1092.37939453	-8.5693359375
1092.66882324	34.6802635193
1092.95825195	6.84490203857
1093.24755859	-8.64538955688
1093.5369873	23.1022567749
1093.82641602	7.3269534111
1094.11572266	-1.71997916698
1094.40515137	-50.8116874695
1094.69458008	-8.39607334137
1094.98388672	-7.72425556183
1095.27331543	-18.9976062775
1095.56274414	1.66947436333
1095.85205078	-9.37794685364
1096.14147949	-2.44621801376
1096.4309082	-3.94954824448
1096.72021484	-3.87148070335
1097.00964355	-3.47393202782
1097.29907227	-0.997281908989
1097.58837891	-22.3083744049
1097.87780762	-29.1574077606
1098.16723633	0.737699270248
1098.45654297	20.5896930695
1098.74597168	-2.88531732559
1099.03540039	-15.8989019394
1099.32470703	-18.7182941437
1099.61413574	-18.3490657806
1099.90356445	-40.210308075
1100.19287109	-42.7377090454
1100.4822998	-48.3025627136
1100.77172852	-32.4982757568
1101.06103516	-19.9475517273
1101.35046387	-23.9582061768
1101.63989258	-39.702747345
1101.92932129	-47.1728744507
1102.21862793	-31.2334785461
1102.50805664	-35.5942306519
1102.79748535	-49.5042991638
1103.08679199	-58.3529891968
1103.3762207	-24.5301475525
1103.66564941	-15.0534973145
1103.95495605	-20.1092185974
1104.24438477	-34.1501464844
1104.53381348	-37.4171485901
1104.82312012	-44.7204284668
1105.11254883	-17.4537391663
1105.40197754	-31.3921279907
1105.69128418	-3.40732312202
1105.98071289	-23.9804782867
1106.2701416	-4.02580022812
1106.55944824	-32.6371841431
1106.84887695	-61.7376823425
1107.13830566	-50.7498016357
1107.4276123	-23.0755443573
1107.71704102	-40.0393218994
1108.00646973	-65.2282028198
1108.29577637	-41.450428009
1108.58520508	-17.4747524261
1108.87463379	-64.1772994995
1109.16394043	-8.14220333099
1109.45336914	-21.9594974518
1109.74279785	-33.7587280273
1110.03210449	-23.9125919342
1110.3215332	-27.9994182587
1110.61096191	-51.0842933655
1110.90026855	-23.4593505859
1111.18969727	-15.5862150192
1111.47912598	-38.3346633911
1111.76843262	-46.3132362366
1112.05786133	-28.1134414673
1112.34729004	-30.915599823
1112.63659668	-41.0777664185
1112.92602539	-42.8599052429
1113.2154541	-20.8007354736
1113.50488281	-33.8895149231
1113.79418945	-50.1278533936
1114.08361816	-47.7884101868
1114.37304688	-54.0378341675
1114.66235352	-42.0291023254
1114.95178223	-24.9806747437
1115.24121094	-29.0919151306
1115.53051758	-45.5607223511
1115.81994629	-45.3443260193
1116.109375	-58.4072265625
1116.39868164	-70.3980102539
1116.68811035	-41.0141296387
1116.97753906	-34.3968544006
1117.2668457	2.92925858498
1117.55627441	9.13881874084
1117.84570313	-38.5598220825
1118.13500977	-12.8494319916
1118.42443848	-44.1891899109
1118.71386719	-58.7711334229
1119.00317383	-47.3859367371
1119.29260254	-40.8345794678
1119.58203125	-36.2251167297
1119.87133789	0.44035461545
1120.1607666	-26.5229358673
1120.45019531	-22.6913051605
1120.73950195	-21.7953681946
1121.02893066	-22.9588546753
1121.31835938	-26.6350364685
1121.60766602	-0.785971999168
1121.89709473	-8.4831495285
1122.18652344	-24.9606018066
1122.47583008	-40.0256004333
1122.76525879	-17.7940673828
1123.0546875	-14.315952301
1123.34399414	-18.9844665527
1123.63342285	-22.2163124084
1123.92285156	-10.8324356079
1124.2121582	-30.9667701721
1124.50158691	-32.5990066528
1124.79101563	-13.0325126648
1125.08044434	-17.027053833
1125.36975098	-9.63355731964
1125.65917969	-16.1500701904
1125.9486084	-29.3257637024
1126.23791504	-27.479631424
1126.52734375	-22.9702663422
1126.81677246	20.1098995209
1127.1060791	4.41062402725
1127.39550781	-21.7548160553
1127.68493652	-18.4471111298
1127.97424316	-17.4881839752
1128.26367188	-11.5349712372
1128.55310059	-25.9640827179
1128.84240723	-16.9895305634
1129.13183594	-8.89666938782
1129.42126465	-20.7940425873
1129.71057129	-21.823884964
1130	-14.5352230072
1130.28942871	7.4463095665
1130.57873535	-45.8354873657
1130.86816406	-26.0702610016
1131.15759277	-58.2816009521
1131.44689941	-40.9432792664
1131.73632813	-25.0301055908
1132.02575684	-7.73753643036
1132.31506348	-27.9368133545
1132.60449219	-14.7106513977
1132.8939209	-0.0303874220699
1133.18322754	-28.3898200989
1133.47265625	-31.8321151733
1133.76208496	-12.2548789978
1134.0513916	-7.89019012451
1134.34082031	-6.33248519897
1134.63024902	0.777953922749
1134.91955566	3.00104093552
1135.20898438	-6.0852971077
1135.49841309	2.70727109909
1135.7878418	-25.3087539673
1136.07714844	-5.70676136017
1136.36657715	-8.61341190338
1136.65600586	-27.6992607117
1136.9453125	10.3875951767
1137.23474121	23.7949085236
1137.52416992	-13.1454324722
1137.81347656	-7.81297063828
1138.10290527	-11.9017505646
1138.39233398	19.5900363922
1138.68164063	-34.9168548584
1138.97106934	-5.11452293396
1139.26049805	-7.12420082092
1139.54980469	5.90699195862
1139.8392334	5.24936485291
1140.12866211	-49.3716430664
1140.41796875	-10.1651563644
1140.70739746	13.3749704361
1140.99682617	-5.83636713028
1141.28613281	-10.7075185776
1141.57556152	4.16317462921
1141.86499023	6.44548892975
1142.15429688	24.8028526306
1142.44372559	15.3571405411
1142.7331543	25.8171882629
1143.02246094	7.36986589432
1143.31188965	-4.4117846489
1143.60131836	-1.60359156132
1143.890625	14.0096321106
1144.18005371	8.47016906738
1144.46948242	17.7353935242
1144.75878906	0.993636846542
1145.04821777	4.30720090866
1145.33764648	15.3038711548
1145.62695313	7.22324705124
1145.91638184	25.2565383911
1146.20581055	29.9898834229
1146.49511719	14.0907554626
1146.7845459	13.0794067383
1147.07397461	-23.0300865173
1147.36340332	6.12213850021
1147.65270996	17.3152942657
1147.94213867	15.3957433701
1148.23156738	23.8809757233
1148.52087402	18.9872188568
1148.81030273	4.12186574936
1149.09973145	15.2291688919
1149.38903809	8.76656341553
1149.6784668	16.9534568787
1149.96789551	22.5075378418
1150.25720215	15.4814558029
1150.54663086	10.7039937973
1150.83605957	15.3357114792
1151.12536621	24.3233013153
1151.41479492	28.3622455597
1151.70422363	3.80939221382
1151.99353027	10.4278421402
1152.28295898	19.7714729309
1152.5723877	37.0750656128
1152.86169434	22.9103126526
1153.15112305	21.687538147
1153.44055176	1.57999694347
1153.7298584	-0.431436210871
1154.01928711	21.1529178619
1154.30871582	32.2812156677
1154.59802246	7.98902225494
1154.88745117	-14.8152952194
1155.17687988	39.4253082275
1155.46618652	17.4690513611
1155.75561523	58.044128418
1156.04504395	-24.1727867126
1156.33435059	1.50523245335
1156.6237793	8.89671516418
1156.91320801	-23.4754734039
1157.20251465	2.67813253403
1157.49194336	-2.01485705376
1157.78137207	-21.306968689
1158.07067871	-7.31254196167
1158.36010742	-9.30777740479
1158.64953613	10.6916160583
1158.93896484	43.4727478027
1159.22827148	33.1561393738
1159.5177002	12.4465465546
1159.80712891	10.6153736115
1160.09643555	8.19915485382
1160.38586426	5.12432956696
1160.67529297	2.77850794792
1160.96459961	-12.7846832275
1161.25402832	1.41930007935
1161.54345703	40.8151779175
1161.83276367	30.9189796448
1162.12219238	6.7084107399
1162.41162109	-4.02071142197
1162.70092773	44.7383613586
1162.99035645	6.79195547104
1163.27978516	8.33187580109
1163.5690918	29.5245437622
1163.85852051	18.9062614441
1164.14794922	27.0843658447
1164.43725586	48.5890464783
1164.72668457	1.75884926319
1165.01611328	2.11126971245
1165.30541992	23.6970043182
1165.59484863	10.1246204376
1165.88427734	38.5986213684
1166.17358398	33.9270324707
1166.4630127	-6.54867124557
1166.75244141	12.2939834595
1167.04174805	20.6546211243
1167.33117676	34.0402450562
1167.62060547	13.4859266281
1167.90991211	-3.27550649643
1168.19934082	-5.92650413513
1168.48876953	13.9874401093
1168.77807617	3.78118252754
1169.06750488	4.37334918976
1169.35693359	11.8380746841
1169.6463623	4.57086610794
1169.93566895	-17.2569732666
1170.22509766	-14.4963502884
1170.51452637	31.5113449097
1170.80383301	-1.80184698105
1171.09326172	-20.2995243073
1171.38269043	18.7032871246
1171.67199707	18.7499599457
1171.96142578	45.371421814
1172.25085449	2.90304255486
1172.54016113	16.4492263794
1172.82958984	12.2674674988
1173.11901855	14.6975240707
1173.4083252	32.1616783142
1173.69775391	29.7460308075
1173.98718262	7.15509271622
1174.27648926	10.0933666229
1174.56591797	24.3442249298
1174.85534668	31.9627590179
1175.14465332	25.0646057129
1175.43408203	23.7739601135
1175.72351074	11.0795059204
1176.01281738	28.3395576477
1176.30224609	46.6206893921
1176.5916748	47.5990867615
1176.88098145	16.8190975189
1177.17041016	39.9708328247
1177.45983887	66.4326324463
1177.74914551	18.1179733276
1178.03857422	-26.774723053
1178.32800293	26.0337524414
1178.61730957	41.3069877625
1178.90673828	22.7346038818
1179.19616699	19.4200305939
1179.48547363	53.7118225098
1179.77490234	11.8723468781
1180.06433105	-1.20247864723
1180.3536377	13.3695840836
1180.64306641	31.1214179993
1180.93249512	36.8717880249
1181.22192383	24.7378807068
1181.51123047	18.8294754028
1181.80065918	28.815196991
1182.09008789	36.4176177979
1182.37939453	34.0067710876
1182.66882324	27.9226665497
1182.95825195	7.36688423157
1183.24755859	10.7411928177
1183.5369873	15.9183206558
1183.82641602	8.22288990021
1184.11572266	14.9521789551
1184.40515137	26.3597755432
1184.69458008	13.0891485214
1184.98388672	25.7544727325
1185.27331543	46.2875595093
1185.56274414	76.1228866577
1185.85205078	45.5245399475
1186.14147949	41.0219802856
1186.4309082	38.0545768738
1186.72021484	42.0387496948
1187.00964355	45.3618736267
1187.29907227	68.7572631836
1187.58837891	47.1310844421
1187.87780762	25.9424877167
1188.16723633	20.7089710236
1188.45654297	3.84792876244
1188.74597168	19.2315998077
1189.03540039	25.3891963959
1189.32470703	23.9617462158
1189.61413574	28.0832099915
1189.90356445	43.0884628296
1190.19287109	43.7718544006
1190.4822998	25.4211502075
1190.77172852	38.7432975769
1191.06103516	69.0238571167
1191.35046387	18.4055728912
1191.63989258	17.2916851044
1191.92932129	38.8521118164
1192.21862793	27.5584526062
1192.50805664	41.2829437256
1192.79748535	30.386341095
1193.08679199	40.989654541
1193.3762207	37.4480323792
1193.66564941	22.6656856537
1193.95495605	17.3607959747
1194.24438477	21.3484706879
1194.53381348	43.0587997437
1194.82312012	18.9033260345
1195.11254883	10.4217615128
1195.40197754	38.4397087097
1195.69128418	30.9189987183
1195.98071289	-3.02838563919
1196.2701416	33.7805786133
1196.55944824	16.5718784332
1196.84887695	58.8539886475
1197.13830566	19.696641922
1197.4276123	31.6178264618
1197.71704102	15.2529611588
1198.00646973	39.925693512
1198.29577637	44.2160186768
1198.58520508	44.0801582336
1198.87463379	47.7919540405
1199.16394043	39.6086463928
1199.45336914	13.2799139023
1199.74279785	11.3808689117
1200.03210449	4.6370139122
1200.3215332	12.4581842422
1200.61096191	10.6602144241
1200.90026855	25.739112854
1201.18969727	54.8322563171
1201.47912598	47.661239624
1201.76843262	22.0995140076
1202.05786133	21.6628704071
1202.34729004	36.4020118713
1202.63659668	35.7714385986
1202.92602539	16.0916309357
1203.2154541	22.4245204926
1203.50488281	40.6763534546
1203.79418945	50.4598426819
1204.08361816	52.8630447388
1204.37304688	23.8648796082
1204.66235352	40.1215133667
1204.95178223	24.2922916412
1205.24121094	20.9835796356
1205.53051758	36.4741020203
1205.81994629	37.4749565125
1206.109375	40.5319671631
1206.39868164	37.8642845154
1206.68811035	11.7079172134
1206.97753906	15.5549659729
1207.2668457	5.09236097336
1207.55627441	21.5946846008
1207.84570313	47.8777694702
1208.13500977	10.6104755402
1208.42443848	15.738286972
1208.71386719	41.6190261841
1209.00317383	25.0177516937
1209.29260254	22.438041687
1209.58203125	0.808529436588
1209.87133789	24.5881118774
1210.1607666	27.0528373718
1210.45019531	32.9023284912
1210.73950195	18.8796634674
1211.02893066	30.9298381805
1211.31835938	40.733921051
1211.60766602	17.9505138397
1211.89709473	17.3097705841
1212.18652344	21.5200996399
1212.47583008	29.6932373047
1212.76525879	36.2663612366
1213.0546875	27.152961731
1213.34399414	26.576587677
1213.63342285	17.629201889
1213.92285156	11.4044742584
1214.2121582	21.674779892
1214.50158691	29.7181186676
1214.79101563	29.4743480682
1215.08044434	26.3853607178
1215.36975098	11.4779319763
1215.65917969	10.4929504395
1215.9486084	27.1227149963
1216.23791504	12.6264181137
1216.52734375	19.6707324982
1216.81677246	17.5407314301
1217.1060791	11.9262714386
1217.39550781	19.3411922455
1217.68493652	22.8610935211
1217.97424316	20.2896003723
1218.26367188	15.6791305542
1218.55310059	14.4793052673
1218.84240723	12.2349615097
1219.13183594	28.141582489
1219.42126465	46.2327728271
1219.71057129	18.8795413971
1220	13.483915329
1220.28942871	16.7528400421
1220.57873535	21.8874034882
1220.86816406	6.93171739578
1221.15759277	13.2836494446
1221.44689941	7.02075195313
1221.73632813	39.6773719788
1222.02575684	6.15576839447
1222.31506348	-11.622754097
1222.60449219	-5.66877126694
1222.8939209	4.40435218811
1223.18322754	14.2640123367
1223.47265625	13.9679956436
1223.76208496	24.3770561218
1224.0513916	13.5912094116
1224.34082031	25.5686302185
1224.63024902	10.6578674316
1224.91955566	5.91791820526
1225.20898438	7.16389322281
1225.49841309	-1.50077605247
1225.7878418	-3.64054298401
1226.07714844	46.0179443359
1226.36657715	19.2614803314
1226.65600586	12.6724939346
1226.9453125	30.7577400208
1227.23474121	29.5432662964
1227.52416992	4.44109678268
1227.81347656	12.3624820709
1228.10290527	11.5690994263
1228.39233398	11.4710292816
1228.68164063	4.43942165375
1228.97106934	22.5425224304
1229.26049805	12.3770704269
1229.54980469	11.3688993454
1229.8392334	14.206864357
1230.12866211	17.5516662598
1230.41796875	2.68753790855
1230.70739746	-3.5872900486
1230.99682617	30.2077064514
1231.28613281	46.0266838074
1231.57556152	3.71377038956
1231.86499023	16.5043716431
1232.15429688	5.99376010895
1232.44372559	28.8590679169
1232.7331543	-14.1457395554
1233.02246094	-0.207621201873
1233.31188965	3.67184782028
1233.60131836	-1.59126150608
1233.890625	2.48259925842
1234.18005371	4.55689239502
1234.46948242	0.0677088946104
1234.75878906	19.8652019501
1235.04821777	-5.20454740524
1235.33764648	-3.68689489365
1235.62695313	-2.0217256546
1235.91638184	-13.593916893
1236.20581055	-8.47323703766
1236.49511719	2.87210798264
1236.7845459	-11.7772321701
1237.07397461	-0.0632901638746
1237.36340332	23.5935230255
1237.65270996	2.55166053772
1237.94213867	11.8388442993
1238.23156738	17.0752468109
1238.52087402	-10.1995258331
1238.81030273	5.57935762405
1239.09973145	-13.3009395599
1239.38903809	23.475069046
1239.6784668	-1.84370326996
1239.96789551	-3.08337497711
1240.25720215	-15.0549249649
1240.54663086	-11.2755537033
1240.83605957	-21.8120994568
1241.12536621	-22.1776924133
1241.41479492	-1.91394615173
1241.70422363	9.68622589111
1241.99353027	-13.650557518
1242.28295898	-29.7120075226
1242.5723877	-15.3413267136
1242.86169434	-17.7894382477
1243.15112305	-6.09942340851
1243.44055176	-6.48948574066
1243.7298584	-40.5513687134
1244.01928711	-13.0000228882
1244.30871582	-24.8676242828
1244.59802246	-24.6922016144
1244.88745117	-41.9943733215
1245.17687988	-29.8512325287
1245.46618652	-26.7070598602
1245.75561523	-36.7079620361
1246.04504395	-48.2391357422
1246.33435059	-28.9572677612
1246.6237793	-34.8151054382
1246.91320801	-26.2769432068
1247.20251465	-35.6293525696
1247.49194336	-30.2591609955
1247.78137207	-10.0540084839
1248.07067871	-20.6378631592
1248.36010742	-20.0962848663
1248.64953613	-26.2070503235
1248.93896484	-18.7167415619
1249.22827148	-27.7395610809
1249.5177002	-24.3044281006
1249.80712891	-31.497713089
1250.09643555	3.69235897064
1250.38586426	-3.62739086151
1250.67529297	-40.0926475525
1250.96459961	-43.0319709778
1251.25402832	-6.39908456802
1251.54345703	-25.5181503296
1251.83276367	-20.9799346924
1252.12219238	-14.484254837
1252.41162109	-11.3723640442
1252.70092773	-1.72721421719
1252.99035645	-7.97762823105
1253.27978516	-0.773452103138
1253.5690918	-1.18396651745
1253.85852051	-25.0251998901
1254.14794922	-37.9816703796
1254.43725586	-22.0606403351
1254.72668457	-15.0844917297
1255.01611328	-19.7255306244
1255.30541992	-6.13897514343
1255.59484863	-13.2194671631
1255.88427734	-17.5118732452
1256.17358398	-48.8076400757
1256.4630127	-21.4359855652
1256.75244141	-29.8197002411
1257.04174805	-33.270740509
1257.33117676	11.2693719864
1257.62060547	-9.85311222076
1257.90991211	-13.8061065674
1258.19934082	-28.685426712
1258.48876953	-19.3591804504
1258.77807617	-13.935710907
1259.06750488	-9.61825370789
1259.35693359	-14.260269165
1259.6463623	-10.8427143097
1259.93566895	-28.9353580475
1260.22509766	-28.1286430359
1260.51452637	-2.80190777779
1260.80383301	-18.4160346985
1261.09326172	-35.7953567505
1261.38269043	-16.6258468628
1261.67199707	-28.9787445068
1261.96142578	-9.58462715149
1262.25085449	-14.2486152649
1262.54016113	-32.5023918152
1262.82958984	-32.5086631775
1263.11901855	-18.658493042
1263.4083252	-19.6056289673
1263.69775391	-24.7471561432
1263.98718262	-8.75001049042
1264.27648926	-3.24890398979
1264.56591797	-13.1116228104
1264.85534668	-25.0226802826
1265.14465332	-6.30038261414
1265.43408203	11.7285003662
1265.72351074	-11.6259174347
1266.01281738	-11.8987369537
1266.30224609	-26.9802055359
1266.5916748	-19.6266155243
1266.88098145	-18.0239467621
1267.17041016	2.46440958977
1267.45983887	-0.415398746729
1267.74914551	-6.93186998367
1268.03857422	-26.064119339
1268.32800293	-8.31990528107
1268.61730957	-0.473583370447
1268.90673828	-11.8001689911
1269.19616699	-17.787399292
1269.48547363	7.58577775955
1269.77490234	3.96329331398
1270.06433105	-8.79102706909
1270.3536377	-5.25622844696
1270.64306641	10.4098615646
1270.93249512	14.9372797012
1271.22192383	-24.2252445221
1271.51123047	-30.439956665
1271.80065918	-9.54144573212
1272.09008789	-25.1068000793
1272.37939453	-19.0490531921
1272.66882324	-4.99380302429
1272.95825195	-0.762283444405
1273.24755859	28.3828659058
1273.5369873	-16.1810245514
1273.82641602	-6.30009031296
1274.11572266	-1.23208916187
1274.40515137	30.632730484
1274.69458008	56.9448165894
1274.98388672	241.542114258
1275.27331543	-2.52079820633
1275.56274414	229.963653564
1275.85205078	23.9027462006
1276.14147949	21.7812385559
1276.4309082	20.7110004425
1276.72021484	23.1583957672
1277.00964355	26.1452865601
1277.29907227	-0.985009729862
1277.58837891	11.5663900375
1277.87780762	38.1235923767
1278.16723633	48.3848991394
1278.45654297	18.0149116516
1278.74597168	2.52523946762
1279.03540039	3.28996229172
1279.32470703	-3.43207550049
1279.61413574	21.0592098236
1279.90356445	25.8600654602
1280.19287109	38.4666404724
1280.4822998	12.2338047028
1280.77172852	-7.29199934006
1281.06103516	30.0567626953
1281.35046387	68.7331085205
1281.63989258	26.5495891571
1281.92932129	14.7356977463
1282.21862793	38.8452033997
1282.50805664	11.44439888
1282.79748535	39.5182037354
1283.08679199	33.3723373413
1283.3762207	2.83530235291
1283.66564941	25.2606697083
1283.95495605	31.3608970642
1284.24438477	78.9659500122
1284.53381348	79.5490341187
1284.82312012	73.3011169434
1285.11254883	54.4886932373
1285.40197754	59.5742149353
1285.69128418	38.472782135
1285.98071289	23.6671943665
1286.2701416	44.1975402832
1286.55944824	62.3461112976
1286.84887695	35.0654220581
1287.13830566	74.4190139771
1287.4276123	44.0651397705
1287.71704102	71.312286377
1288.00646973	49.0413627625
1288.29577637	74.2919769287
1288.58520508	66.5967407227
1288.87463379	70.2760162354
1289.16394043	62.5862045288
1289.45336914	54.1316871643
1289.74279785	72.5609588623
1290.03210449	57.5684165955
1290.3215332	64.4078445435
1290.61096191	40.1471786499
1290.90026855	47.4632263184
1291.18969727	52.1097869873
1291.47912598	49.9316368103
1291.76843262	71.3961257935
1292.05786133	80.1979522705
1292.34729004	73.687286377
1292.63659668	51.4403457642
1292.92602539	88.0058517456
1293.2154541	59.1870765686
1293.50488281	46.4610786438
1293.79418945	66.8777160645
1294.08361816	62.0760307312
1294.37304688	71.3236618042
1294.66235352	64.7490844727
1294.95178223	57.5514068604
1295.24121094	83.9762878418
1295.53051758	91.7522964478
1295.81994629	75.6283416748
1296.109375	78.5083007813
1296.39868164	69.2794265747
1296.68811035	88.6759872437
1296.97753906	101.642860413
1297.2668457	89.4198455811
1297.55627441	93.673828125
1297.84570313	88.6065139771
1298.13500977	114.430862427
1298.42443848	62.9167785645
1298.71386719	93.9969329834
1299.00317383	99.8618087769
1299.29260254	103.226142883
1299.58203125	85.7516021729
1299.87133789	86.6794662476
1300.1607666	87.0525894165
1300.45019531	96.1786422729
1300.73950195	85.5942993164
1301.02893066	127.941543579
1301.31835938	74.1320495605
1301.60766602	86.223487854
1301.89709473	131.955490112
1302.18652344	55.1870117188
1302.47583008	92.0636062622
1302.76525879	85.9840927124
1303.0546875	88.4172744751
1303.34399414	106.608810425
1303.63342285	70.6328048706
1303.92285156	81.5112991333
1304.2121582	109.443557739
1304.50158691	120.073028564
1304.79101563	91.0555267334
1305.08044434	85.7816772461
1305.36975098	75.8115921021
1305.65917969	47.7599067688
1305.9486084	93.7614440918
1306.23791504	118.47983551
1306.52734375	91.5834274292
1306.81677246	104.096687317
1307.1060791	120.18812561
1307.39550781	101.332237244
1307.68493652	113.097450256
1307.97424316	87.5453338623
1308.26367188	75.9370117188
1308.55310059	107.601638794
1308.84240723	127.373252869
1309.13183594	109.1926651
1309.42126465	93.2474212646
1309.71057129	90.2709884644
1310	92.7544631958
1310.28942871	69.938621521
1310.57873535	86.3757629395
1310.86816406	93.7103118896
1311.15759277	53.0819664001
1311.44689941	70.6875686646
1311.73632813	52.461566925
1312.02575684	82.2819519043
1312.31506348	117.06967926
1312.60449219	83.3495407104
1312.8939209	98.5952224731
1313.18322754	116.241836548
1313.47265625	87.5407333374
1313.76208496	69.6848526001
1314.0513916	56.0424041748
1314.34082031	83.8330078125
1314.63024902	80.4102325439
1314.91955566	85.5724716187
1315.20898438	119.704872131
1315.49841309	86.0755462646
1315.7878418	87.3627319336
1316.07714844	111.58405304
1316.36657715	97.8111801147
1316.65600586	61.514377594
1316.9453125	50.276714325
1317.23474121	53.1928062439
1317.52416992	41.5063552856
1317.81347656	68.1895904541
1318.10290527	94.4694519043
1318.39233398	84.5740203857
1318.68164063	65.5155563354
1318.97106934	63.9599647522
1319.26049805	48.3218574524
1319.54980469	73.2555770874
1319.8392334	77.4245986938
1320.12866211	83.3113937378
1320.41796875	82.294921875
1320.70739746	83.9365997314
1320.99682617	84.3424301147
1321.28613281	62.9075050354
1321.57556152	49.0516204834
1321.86499023	45.0531616211
1322.15429688	56.1001663208
1322.44372559	71.0133285522
1322.7331543	41.3078346252
1323.02246094	68.9422454834
1323.31188965	49.7738609314
1323.60131836	76.2304763794
1323.890625	37.4146881104
1324.18005371	55.9899597168
1324.46948242	5.99931097031
1324.75878906	16.8876247406
1325.04821777	22.4931678772
1325.33764648	33.9058418274
1325.62695313	60.1291160583
1325.91638184	42.6267471313
1326.20581055	40.0491867065
1326.49511719	44.6450195313
1326.7845459	27.4375743866
1327.07397461	28.1876487732
1327.36340332	12.7253198624
1327.65270996	65.3480072021
1327.94213867	9.22259521484
1328.23156738	51.4956169128
1328.52087402	18.3307094574
1328.81030273	54.1857643127
1329.09973145	56.5256843567
1329.38903809	43.2714195251
1329.6784668	30.7461013794
1329.96789551	38.0269393921
1330.25720215	56.5715026855
1330.54663086	22.6453075409
1330.83605957	31.88073349
1331.12536621	25.1801795959
1331.41479492	51.8848419189
1331.70422363	42.5069885254
1331.99353027	35.0163955688
1332.28295898	33.0452804565
1332.5723877	23.727481842
1332.86169434	9.29743671417
1333.15112305	27.1935062408
1333.44055176	20.4523696899
1333.7298584	13.2088479996
1334.01928711	30.0668334961
1334.30871582	26.1367321014
1334.59802246	19.2442836761
1334.88745117	44.6774635315
1335.17687988	27.3611316681
1335.46618652	-18.9727230072
1335.75561523	69.1992263794
1336.04504395	56.4146347046
1336.33435059	24.9923992157
1336.6237793	7.85038423538
1336.91320801	35.3450889587
1337.20251465	49.9809608459
1337.49194336	10.8169717789
1337.78137207	17.8360900879
1338.07067871	26.6037979126
1338.36010742	15.0985012054
1338.64953613	-14.850643158
1338.93896484	-1.02000260353
1339.22827148	-8.22934532166
1339.5177002	10.8210220337
1339.80712891	38.1057662964
1340.09643555	33.6869506836
1340.38586426	-8.80174541473
1340.67529297	17.0445194244
1340.96459961	-3.20827937126
1341.25402832	-2.80341982841
1341.54345703	18.5736083984
1341.83276367	5.84424543381
1342.12219238	7.97371435165
1342.41162109	17.3946876526
1342.70092773	-9.42695999146
1342.99035645	-6.67004919052
1343.27978516	0.922310113907
1343.5690918	17.0952911377
1343.85852051	-12.681977272
1344.14794922	12.8078432083
1344.43725586	-12.9932966232
1344.72668457	-17.727596283
1345.01611328	6.9648604393
1345.30541992	0.571435689926
1345.59484863	5.54026031494
1345.88427734	-19.0158176422
1346.17358398	13.7753276825
1346.4630127	2.62257027626
1346.75244141	9.29305458069
1347.04174805	13.0304899216
1347.33117676	-24.7121124268
1347.62060547	3.80993533134
1347.90991211	-19.4623947144
1348.19934082	-19.6532382965
1348.48876953	1.17300736904
1348.77807617	3.68925070763
1349.06750488	2.32116103172
1349.35693359	-15.9182605743
1349.6463623	-34.7678146362
1349.93566895	17.6614131927
1350.22509766	6.44174337387
1350.51452637	-37.2271461487
1350.80383301	-9.49860286713
1351.09326172	2.68993067741
1351.38269043	-29.1527862549
1351.67199707	-35.8915290833
1351.96142578	-1.94811224937
1352.25085449	-3.40313363075
1352.54016113	-35.4778137207
1352.82958984	-44.9762916565
1353.11901855	-37.5528945923
1353.4083252	-25.6832389832
1353.69775391	-25.2720508575
1353.98718262	-38.1176948547
1354.27648926	-40.5873947144
1354.56591797	-31.6908550262
1354.85534668	-9.30896186829
1355.14465332	-17.3558101654
1355.43408203	-34.9084892273
1355.72351074	-11.9015951157
1356.01281738	-37.769733429
1356.30224609	-74.340965271
1356.5916748	-57.3233299255
1356.88098145	-41.3633422852
1357.17041016	-66.279296875
1357.45983887	-49.9901809692
1357.74914551	-38.9457206726
1358.03857422	-36.3675384521
1358.32800293	-29.9963874817
1358.61730957	-25.3401107788
1358.90673828	-0.77413636446
1359.19616699	-7.1935133934
1359.48547363	-22.664188385
1359.77490234	-15.433175087
1360.06433105	-11.0517711639
1360.3536377	-25.1943225861
1360.64306641	-38.1801071167
1360.93249512	-52.20495224
1361.22192383	-29.039855957
1361.51123047	-31.4680500031
1361.80065918	-26.1706314087
1362.09008789	-17.5030937195
1362.37939453	-27.2740631104
1362.66882324	-11.6011543274
1362.95825195	-27.1709213257
1363.24755859	-28.3823204041
1363.5369873	-35.3764038086
1363.82641602	-24.8446102142
1364.11572266	-27.4554214478
1364.40515137	-35.1277275085
1364.69458008	-43.1100921631
1364.98388672	-46.5695381165
1365.27331543	-27.4205570221
1365.56274414	-27.1441326141
1365.85205078	-33.8569946289
1366.14147949	-25.2426815033
1366.4309082	-59.0155754089
1366.72021484	-17.439863205
1367.00964355	-43.6360969543
1367.29907227	-69.3152389526
1367.58837891	-42.202419281
1367.87780762	-28.707244873
1368.16723633	-32.1617774963
1368.45654297	-32.658821106
1368.74597168	-28.5298576355
1369.03540039	-51.8486480713
1369.32470703	-44.3495979309
1369.61413574	-48.7211227417
1369.90356445	-46.8821983337
1370.19287109	-42.1990661621
1370.4822998	-36.1218605042
1370.77172852	-50.2433891296
1371.06103516	-37.2799797058
1371.35046387	-1.69935822487
1371.63989258	-39.6299667358
1371.92932129	-57.7768821716
1372.21862793	-68.3149414063
1372.50805664	-62.381778717
1372.79748535	-30.5545730591
1373.08679199	-53.6551322937
1373.3762207	-55.9265594482
1373.66564941	-60.3361701965
1373.95495605	-85.1593856812
1374.24438477	-61.6065940857
1374.53381348	-36.9659118652
1374.82312012	-18.8472328186
1375.11254883	-31.602060318
1375.40197754	-30.17329216
1375.69128418	-39.6005096436
1375.98071289	-51.2518196106
1376.2701416	-51.7639732361
1376.55944824	-23.0783977509
1376.84887695	-42.8761940002
1377.13830566	-40.210609436
1377.4276123	10.120472908
1377.71704102	-26.9717559814
1378.00646973	-16.1938667297
1378.29577637	-13.5092687607
1378.58520508	-22.3031578064
1378.87463379	-34.8050537109
1379.16394043	-21.4954566956
1379.45336914	-26.1282119751
1379.74279785	-49.7873344421
1380.03210449	-14.5197305679
1380.3215332	-25.3580532074
1380.61096191	-82.5030136108
1380.90026855	-61.6426353455
1381.18969727	-37.5434570313
1381.47912598	-19.3422298431
1381.76843262	-14.6849765778
1382.05786133	-47.0023040771
1382.34729004	-54.2932624817
1382.63659668	-36.0837631226
1382.92602539	-42.1681785583
1383.2154541	-2.63589429855
1383.50488281	-38.9190406799
1383.79418945	4.28899431229
1384.08361816	-11.7802848816
1384.37304688	-46.4389190674
1384.66235352	-18.6259040833
1384.95178223	-16.4822921753
1385.24121094	-26.0603618622
1385.53051758	0.759978473186
1385.81994629	-32.0934791565
1386.109375	-39.3273086548
1386.39868164	-2.40882635117
1386.68811035	5.82804679871
1386.97753906	3.69236135483
1387.2668457	10.236333847
1387.55627441	-41.7973022461
1387.84570313	-47.4310340881
1388.13500977	-29.4837398529
1388.42443848	-17.1497001648
1388.71386719	-0.179916143417
1389.00317383	-19.2746162415
1389.29260254	-9.8517074585
1389.58203125	1.10440409184
1389.87133789	-1.87359619141
1390.1607666	-15.5947313309
1390.45019531	11.1597204208
1390.73950195	-4.16642427444
1391.02893066	-17.8797473907
1391.31835938	-26.3845729828
1391.60766602	-6.32106924057
1391.89709473	-18.0265789032
1392.18652344	-5.01626825333
1392.47583008	9.19079017639
1392.76525879	-19.9380588531
1393.0546875	-4.42628383636
1393.34399414	-11.2314329147
1393.63342285	25.0166702271
1393.92285156	12.8819618225
1394.2121582	-5.92025661469
1394.50158691	-14.2942237854
1394.79101563	1.63942706585
1395.08044434	33.3328437805
1395.36975098	21.8055267334
1395.65917969	11.5648603439
1395.9486084	5.75729990005
1396.23791504	46.8652381897
1396.52734375	36.7324829102
1396.81677246	0.15685467422
1397.1060791	51.7174301147
1397.39550781	10.0241260529
1397.68493652	14.1179323196
1397.97424316	6.7292881012
1398.26367188	14.2103013992
1398.55310059	11.7479562759
1398.84240723	5.83636188507
1399.13183594	33.2626876831
1399.42126465	11.8999519348
1399.71057129	-7.24748182297
1400	-13.9046516418
