500	-41.5967903137
500.289398193	-22.677947998
500.578765869	-17.1971874237
500.868164063	-18.7600364685
501.157562256	-38.1180534363
501.446960449	-58.0266036987
501.736328125	-45.852973938
502.025726318	-20.4810085297
502.315124512	-29.9896583557
502.604492188	-10.0201272964
502.893890381	3.48269701004
503.183288574	-53.4685783386
503.47265625	-23.6167259216
503.762054443	-10.3028659821
504.051452637	-13.5551681519
504.34085083	-38.6758766174
504.630218506	-24.3716316223
504.919616699	-5.95791816711
505.209014893	-20.00831604
505.498382568	-6.70016288757
505.787780762	-14.2329826355
506.077178955	-24.2577457428
506.366546631	-25.6734695435
506.655944824	2.70215773582
506.945343018	-3.91489052773
507.234741211	-19.3695850372
507.524108887	-7.08511400223
507.81350708	17.9245471954
508.102905273	17.6363563538
508.392272949	8.19768333435
508.681671143	18.0613479614
508.971069336	19.4372196198
509.260437012	33.5764274597
509.549835205	8.28555011749
509.839233398	26.2244110107
510.128631592	9.21893405914
510.417999268	30.5212287903
510.707397461	-0.491816550493
510.996795654	-0.569802463055
511.28616333	22.6555862427
511.575561523	22.0661258698
511.864959717	7.52940034866
512.15435791	8.18579006195
512.443725586	14.3726053238
512.733093262	47.4842262268
513.022521973	31.1040840149
513.311889648	-2.87609243393
513.601257324	13.6283502579
513.890686035	10.9210605621
514.180053711	17.9062156677
514.469482422	5.43476676941
514.758850098	4.3955078125
515.048217773	25.3508777618
515.337646484	22.7058448792
515.62701416	-2.87369728088
515.916381836	15.2274246216
516.205810547	-15.6478328705
516.495178223	-12.3152656555
516.784545898	-11.5693683624
517.073974609	8.79804992676
517.363342285	24.420167923
517.652709961	1.29985404015
517.942138672	-19.3608036041
518.231506348	-14.484536171
518.520874023	-2.96031785011
518.810302734	14.0404005051
519.09967041	40.5338554382
519.389038086	15.96530056
519.678466797	22.300737381
519.967834473	25.4619178772
520.257263184	10.3537492752
520.546630859	31.1184444427
520.835998535	42.291343689
521.125427246	2.06672143936
521.414794922	-10.8114042282
521.704162598	11.6258993149
521.993591309	18.8534240723
522.282958984	10.3439512253
522.57232666	21.7441444397
522.861755371	52.4858322144
523.151123047	195.858688354
523.440490723	285.661468506
523.729919434	227.876052856
524.019287109	30.2672100067
524.308654785	318.384460449
524.598083496	56.1402931213
524.887451172	10.2648506165
525.176818848	14.6442928314
525.466247559	16.9426193237
525.755615234	10.3982334137
526.045043945	-9.64694595337
526.334411621	7.69221258163
526.623779297	45.5440673828
526.913208008	19.3873157501
527.202575684	24.7748146057
527.491943359	39.5856513977
527.78137207	19.0138626099
528.070739746	3.23778676987
528.360107422	5.32303953171
528.649536133	-6.29318523407
528.938903809	-16.1066131592
529.228271484	5.80017232895
529.517700195	20.167591095
529.807067871	-5.93831920624
530.096435547	13.0993261337
530.385864258	-7.27275753021
530.675231934	-7.18115711212
530.964660645	-6.2094912529
531.25402832	-9.30050754547
531.543395996	-21.1266326904
531.832824707	-22.6469097137
532.122192383	-20.0716667175
532.411560059	-28.7630252838
532.70098877	-26.6482925415
532.990356445	-6.20805883408
533.279724121	-21.6611366272
533.569152832	-21.7671070099
533.858520508	-16.9125671387
534.147888184	-3.22721624374
534.437316895	-12.8925132751
534.72668457	-8.40271949768
535.016052246	-19.2119979858
535.305480957	-25.883398056
535.594848633	-8.43022537231
535.884216309	-0.159181490541
536.17364502	5.79466199875
536.463012695	23.0393390656
536.752441406	-0.767803788185
537.041809082	-17.6442203522
537.331176758	14.3299484253
537.620605469	34.7068862915
537.909973145	10.8377943039
538.19934082	-14.555223465
538.488769531	-27.9299926758
538.778137207	-26.2583141327
539.067504883	-15.5583162308
539.356933594	-22.2094535828
539.64630127	-41.5817184448
539.935668945	-48.7352371216
540.225097656	-32.1563911438
540.514465332	9.45156574249
540.803833008	20.9525909424
541.093261719	-16.0659790039
541.382629395	-9.39918231964
541.67199707	-48.9093894958
541.961425781	-16.6581821442
542.250793457	0.889717698097
542.540222168	2.80205750465
542.829589844	-0.954242348671
543.11895752	-19.7491168976
543.40838623	-29.2913665771
543.697753906	-11.9539165497
543.987121582	-1.32422983646
544.276550293	10.1462154388
544.565917969	-34.6493911743
544.855285645	-28.9933376312
545.144714355	-3.43817543983
545.434082031	0.65049546957
545.723449707	-4.11727905273
546.012878418	-21.1846752167
546.302246094	-12.7305259705
546.59161377	-10.0620212555
546.88104248	-3.2302479744
547.170410156	-12.9445552826
547.459777832	-49.3827400208
547.749206543	-16.8756732941
548.038574219	-8.7415933609
548.32800293	-19.4869670868
548.617370605	10.1393003464
548.906738281	-23.2185611725
549.196166992	8.58928585052
549.485534668	-33.7951889038
549.774902344	-34.0859107971
550.064331055	-25.4550666809
550.35369873	-20.9701557159
550.643066406	-15.6441793442
550.932495117	-15.95449543
551.221862793	-23.4207572937
551.511230469	-27.0076236725
551.80065918	15.9010543823
552.090026855	-2.15016698837
552.379394531	4.27297639847
552.668823242	-1.23069930077
552.958190918	-14.8080444336
553.247558594	-10.6034059525
553.536987305	9.87118911743
553.82635498	-5.54404592514
554.115783691	-2.29845452309
554.405151367	2.50164222717
554.694519043	-14.2265815735
554.983947754	8.11861991882
555.27331543	35.3359527588
555.562683105	-0.367612838745
555.852111816	1.57475626469
556.141479492	4.74692296982
556.430847168	-24.1836929321
556.720275879	-8.68736934662
557.009643555	3.64568662643
557.29901123	-1.18214631081
557.588439941	17.0368347168
557.877807617	15.7331705093
558.167175293	7.18414640427
558.456604004	14.3979997635
558.74597168	4.95371198654
559.035339355	1.28554666042
559.324768066	25.3138523102
559.614135742	3.95037555695
559.903564453	35.9288787842
560.192932129	27.777557373
560.482299805	34.8205757141
560.771728516	22.3737831116
561.061096191	12.3127965927
561.350463867	9.5879907608
561.639892578	-1.59146654606
561.929260254	-9.57847881317
562.21862793	6.02947854996
562.508056641	22.8446502686
562.797424316	10.0319538116
563.086791992	8.72560596466
563.376220703	26.7504940033
563.665588379	31.000541687
563.954956055	22.5384311676
564.244384766	30.6629295349
564.533752441	3.451795578
564.823181152	25.2615966797
565.112548828	48.1874237061
565.401916504	31.4081707001
565.691345215	15.0851211548
565.980712891	24.6227550507
566.270080566	32.635974884
566.559509277	26.1127281189
566.848876953	24.9579792023
567.138244629	19.3149490356
567.42767334	29.4215869904
567.717041016	0.633536219597
568.006408691	18.2231712341
568.295837402	17.0807857513
568.585205078	16.3733024597
568.874572754	21.4961414337
569.164001465	25.1540470123
569.453369141	34.0635070801
569.742736816	36.2163772583
570.032165527	27.0869293213
570.321533203	25.5713405609
570.610961914	39.51953125
570.90032959	93.8733291626
571.189697266	241.162185669
571.479125977	234.478042603
571.768493652	107.828422546
572.057861328	73.5159606934
572.347290039	42.6470108032
572.636657715	41.3169670105
572.926025391	54.6314582825
573.215454102	49.5603599548
573.504821777	31.7552204132
573.794189453	26.8807449341
574.083618164	41.7539825439
574.37298584	48.1270675659
574.662353516	29.020658493
574.951782227	50.0872573853
575.241149902	34.0750846863
575.530517578	56.5162811279
575.819946289	71.1871261597
576.109313965	66.0296936035
576.398742676	61.6736869812
576.688110352	60.6290435791
576.977478027	49.3849372864
577.266906738	35.3240966797
577.556274414	48.8812599182
577.84564209	62.1488761902
578.135070801	43.1505317688
578.424438477	44.3104782104
578.713806152	78.6957702637
579.003234863	34.8751602173
579.292602539	60.493850708
579.581970215	36.1860237122
579.871398926	44.1220054626
580.160766602	61.1222877502
580.450134277	43.6008377075
580.739562988	51.7006416321
581.028930664	54.68334198
581.31829834	55.9480247498
581.607727051	65.5895767212
581.897094727	65.3786773682
582.186523438	59.5893135071
582.475891113	65.4675216675
582.765258789	51.9424133301
583.0546875	52.1764945984
583.344055176	80.1560211182
583.633422852	87.5510787964
583.922851563	39.9213867188
584.212219238	62.151889801
584.501586914	105.372383118
584.791015625	146.476577759
585.080383301	198.089416504
585.369750977	85.5638122559
585.659179688	411.678741455
585.948547363	144.448074341
586.237915039	79.4654464722
586.52734375	70.3362426758
586.816711426	67.8296813965
587.106079102	79.7205886841
587.395507813	78.8672637939
587.684875488	68.261100769
587.974304199	89.1516723633
588.263671875	86.1861343384
588.553039551	74.4998931885
588.842468262	71.1831893921
589.131835938	100.345336914
589.421203613	88.4266662598
589.710632324	72.8619155884
590	76.5162506104
590.289367676	77.2240524292
590.578796387	73.1383056641
590.868164063	69.7040176392
591.157531738	104.643989563
591.446960449	102.629051208
591.736328125	77.3029098511
592.025695801	87.1750183105
592.315124512	57.4083633423
592.604492188	69.191116333
592.893920898	83.2552719116
593.183288574	88.3905639648
593.47265625	81.8747329712
593.762084961	78.8422088623
594.051452637	70.7892608643
594.340820313	60.146232605
594.630249023	66.9125366211
594.919616699	83.8935317993
595.208984375	83.5398101807
595.498413086	59.8080673218
595.787780762	101.886474609
596.077148438	55.8630714417
596.366577148	91.2240982056
596.655944824	91.1140289307
596.9453125	88.9905319214
597.234741211	86.8422851563
597.524108887	85.8428115845
597.813476563	102.039375305
598.102905273	89.4214096069
598.392272949	80.563041687
598.68170166	98.2387771606
598.971069336	98.2322158813
599.260437012	92.0298614502
599.549865723	94.4206771851
599.839233398	79.0186157227
600.128601074	67.887550354
600.418029785	62.9949150085
600.707397461	84.8181915283
600.996765137	96.765007019
601.286193848	104.981994629
601.575561523	75.9939956665
601.864929199	70.8082427979
602.15435791	99.6411972046
602.443725586	99.5169677734
602.733093262	78.6607971191
603.022521973	71.805770874
603.311889648	82.641494751
603.601257324	103.88860321
603.890686035	78.2406005859
604.180053711	84.2884902954
604.469482422	98.6873626709
604.758850098	107.919334412
605.048217773	87.7660446167
605.337646484	72.0584793091
605.62701416	66.3136367798
605.916381836	66.5175323486
606.205810547	77.0023422241
606.495178223	87.5223999023
606.784545898	84.7140884399
607.073974609	76.2765350342
607.363342285	66.0617294312
607.652709961	67.8012619019
607.942138672	91.5565795898
608.231506348	81.3010025024
608.520874023	72.541519165
608.810302734	68.9250106812
609.09967041	88.1037597656
609.389038086	108.030303955
609.678466797	88.3928070068
609.967834473	73.0495758057
610.257263184	84.2433700562
610.546630859	77.2216796875
610.835998535	80.8879776001
611.125427246	93.3027191162
611.414794922	92.0295639038
611.704162598	82.0430221558
611.993591309	75.1303787231
612.282958984	73.4463272095
612.57232666	78.5330352783
612.861755371	64.7761459351
613.151123047	71.5213012695
613.440490723	80.940284729
613.729919434	65.5129852295
614.019287109	50.4180488586
614.308654785	74.0870285034
614.598083496	83.4397583008
614.887451172	46.785987854
615.176818848	53.7701568604
615.466247559	80.908531189
615.755615234	61.3343505859
616.045043945	66.2202835083
616.334411621	84.7337493896
616.623779297	52.4181098938
616.913208008	63.0589256287
617.202575684	65.1959228516
617.491943359	75.8712539673
617.78137207	59.764755249
618.070739746	66.2615280151
618.360107422	49.8898086548
618.649536133	66.1030731201
618.938903809	54.4215393066
619.228271484	64.5754547119
619.517700195	58.4549751282
619.807067871	39.494392395
620.096435547	54.4737472534
620.385864258	69.3806152344
620.675231934	61.1915130615
620.964660645	56.868396759
621.25402832	59.8401832581
621.543395996	57.7028427124
621.832824707	49.9810447693
622.122192383	59.9347648621
622.411560059	61.3772583008
622.70098877	72.5160522461
622.990356445	22.8501472473
623.279724121	51.3971290588
623.569152832	42.4277763367
623.858520508	54.5196800232
624.147888184	54.905040741
624.437316895	44.8631782532
624.72668457	35.4501991272
625.016052246	41.6133918762
625.305480957	50.9894981384
625.594848633	64.662940979
625.884216309	69.8468933105
626.17364502	30.6600055695
626.463012695	40.2641181946
626.752441406	47.4090194702
627.041809082	46.0282669067
627.331176758	47.9556236267
627.620605469	51.3971557617
627.909973145	49.2844696045
628.19934082	29.3912677765
628.488769531	49.1499404907
628.778137207	49.4076156616
629.067504883	52.563243866
629.356933594	47.4600982666
629.64630127	43.5676269531
629.935668945	51.9034309387
630.225097656	61.6152267456
630.514465332	59.9107437134
630.803833008	52.9286727905
631.093261719	72.2005310059
631.382629395	88.279006958
631.67199707	36.9375610352
631.961425781	57.5062942505
632.250793457	55.594291687
632.540222168	77.4223022461
632.829589844	81.0957489014
633.11895752	74.3927307129
633.40838623	76.9265518188
633.697753906	69.5638656616
633.987121582	78.0712966919
634.276550293	64.9852371216
634.565917969	62.3471641541
634.855285645	77.4129486084
635.144714355	75.9931488037
635.434082031	62.4068336487
635.723449707	39.085899353
636.012878418	69.2915878296
636.302246094	93.8974151611
636.59161377	78.3203735352
636.88104248	38.713809967
637.170410156	67.381401062
637.459777832	58.7416114807
637.749206543	52.3017997742
638.038574219	61.1131858826
638.32800293	79.1936340332
638.617370605	81.6515045166
638.906738281	73.4594726563
639.196166992	49.170539856
639.485534668	57.2192344666
639.774902344	92.8125991821
640.064331055	95.0724945068
640.35369873	84.6531677246
640.643066406	97.0058135986
640.932495117	98.7630233765
641.221862793	71.5114212036
641.511230469	73.162651062
641.80065918	59.4342651367
642.090026855	68.4402313232
642.379394531	86.6971740723
642.668823242	80.8962783813
642.958190918	73.6766586304
643.247558594	86.5144119263
643.536987305	84.6585845947
643.82635498	92.1276855469
644.115783691	69.8763504028
644.405151367	50.6245040894
644.694519043	71.520362854
644.983947754	89.9550628662
645.27331543	77.941986084
645.562683105	57.9755401611
645.852111816	77.3250350952
646.141479492	99.3681106567
646.430847168	67.8652877808
646.720275879	83.4594116211
647.009643555	65.2427215576
647.29901123	79.2535705566
647.588439941	75.5266494751
647.877807617	75.2208480835
648.167175293	64.6289138794
648.456604004	87.4867019653
648.74597168	92.2685546875
649.035339355	68.6038665771
649.324768066	66.24949646
649.614135742	67.9981460571
649.903564453	62.0016860962
650.192932129	77.4812850952
650.482299805	75.1244659424
650.771728516	51.4834747314
651.061096191	95.831237793
651.350463867	108.885551453
651.639892578	79.9955368042
651.929260254	119.240760803
652.21862793	88.3690414429
652.508056641	132.084991455
652.797424316	99.8919830322
653.086791992	75.890625
653.376220703	67.1356277466
653.665588379	82.1203536987
653.954956055	83.5999526978
654.244384766	93.2131195068
654.533752441	84.5752868652
654.823181152	76.2717056274
655.112548828	80.7732772827
655.401916504	65.468208313
655.691345215	67.6111602783
655.980712891	71.2357788086
656.270080566	76.0330047607
656.559509277	72.4308395386
656.848876953	81.4910049438
657.138244629	75.9872055054
657.42767334	74.7234191895
657.717041016	59.7498931885
658.006408691	63.814453125
658.295837402	71.8402175903
658.585205078	77.6550216675
658.874572754	91.3604507446
659.164001465	101.996810913
659.453369141	91.9744567871
659.742736816	85.269241333
660.032165527	74.7215194702
660.321533203	57.3988685608
660.610961914	64.9893264771
660.90032959	84.7501831055
661.189697266	92.9695281982
661.479125977	90.3900604248
661.768493652	69.2578430176
662.057861328	80.5436019897
662.347290039	63.8257102966
662.636657715	90.514289856
662.926025391	73.4221191406
663.215454102	77.1534423828
663.504821777	63.2177619934
663.794189453	78.7515640259
664.083618164	74.6071548462
664.37298584	94.3965682983
664.662353516	82.696975708
664.951782227	67.2310333252
665.241149902	62.475528717
665.530517578	75.4746627808
665.819946289	97.4965133667
666.109313965	93.4136123657
666.398742676	93.3927459717
666.688110352	78.6750793457
666.977478027	79.8260650635
667.266906738	78.6057357788
667.556274414	98.6566238403
667.84564209	76.224357605
668.135070801	90.1790771484
668.424438477	67.5234222412
668.713806152	101.926116943
669.003234863	107.132789612
669.292602539	118.246177673
669.581970215	110.653121948
669.871398926	97.4549942017
670.160766602	99.680557251
670.450134277	110.836296082
670.739562988	132.075668335
671.028930664	122.332717896
671.31829834	91.7528610229
671.607727051	106.006629944
671.897094727	115.288345337
672.186523438	110.964241028
672.475891113	132.900741577
672.765258789	110.745445251
673.0546875	140.84223938
673.344055176	113.832931519
673.633422852	130.881744385
673.922851563	111.00440979
674.212219238	135.094223022
674.501586914	128.442840576
674.791015625	155.002029419
675.080383301	151.225402832
675.369750977	153.873077393
675.659179688	138.804824829
675.948547363	119.771118164
676.237915039	141.110687256
676.52734375	163.705291748
676.816711426	152.86517334
677.106079102	156.685714722
677.395507813	168.715362549
677.684875488	144.077880859
677.974304199	161.581176758
678.263671875	157.719329834
678.553039551	133.763259888
678.842468262	171.102722168
679.131835938	208.982086182
679.421203613	160.114151001
679.710632324	185.566650391
680	196.831039429
680.289367676	162.398635864
680.578796387	190.117248535
680.868164063	173.921920776
681.157531738	197.584487915
681.446960449	203.253540039
681.736328125	196.521835327
682.025695801	217.048904419
682.315124512	214.806838989
682.604492188	188.074874878
682.893920898	201.050079346
683.183288574	232.767837524
683.47265625	244.739486694
683.762084961	246.225448608
684.051452637	237.114334106
684.340820313	240.733703613
684.630249023	238.375411987
684.919616699	248.584609985
685.208984375	276.22253418
685.498413086	259.958984375
685.787780762	279.661834717
686.077148438	292.643981934
686.366577148	287.433654785
686.655944824	291.059112549
686.9453125	292.159667969
687.234741211	276.071655273
687.524108887	294.473724365
687.813476563	300.089660645
688.102905273	305.786560059
688.392272949	338.714019775
688.68170166	328.723419189
688.971069336	298.060058594
689.260437012	309.533416748
689.549865723	296.677093506
689.839233398	321.754943848
690.128601074	334.267364502
690.418029785	356.864654541
690.707397461	385.533569336
690.996765137	356.636077881
691.286193848	341.593231201
691.575561523	377.781921387
691.864929199	354.322937012
692.15435791	388.015655518
692.443725586	362.839355469
692.733093262	360.264892578
693.022521973	364.402679443
693.311889648	377.520111084
693.601257324	368.797424316
693.890686035	382.654937744
694.180053711	401.422271729
694.469482422	411.552490234
694.758850098	420.806884766
695.048217773	396.54586792
695.337646484	393.921936035
695.62701416	382.971984863
695.916381836	368.003448486
696.205810547	385.230133057
696.495178223	410.461303711
696.784545898	409.2293396
697.073974609	400.239959717
697.363342285	398.858337402
697.652709961	400.390533447
697.942138672	421.092315674
698.231506348	426.627197266
698.520874023	389.310516357
698.810302734	379.507171631
699.09967041	404.919494629
699.389038086	406.973419189
699.678466797	406.125396729
699.967834473	399.674926758
700.257263184	399.726074219
700.546630859	413.14743042
700.835998535	411.555358887
701.125427246	404.74005127
701.414794922	420.931427002
701.704162598	436.741943359
701.993591309	418.10534668
702.282958984	383.160003662
702.57232666	419.140960693
702.861755371	402.411315918
703.151123047	420.161773682
703.440490723	407.058013916
703.729919434	440.104980469
704.019287109	428.709716797
704.308654785	417.489715576
704.598083496	432.506164551
704.887451172	436.617248535
705.176818848	422.306915283
705.466247559	436.568267822
705.755615234	442.100952148
706.045043945	457.230926514
706.334411621	467.923309326
706.623779297	452.00970459
706.913208008	463.741760254
707.202575684	483.678009033
707.491943359	478.157958984
707.78137207	495.84777832
708.070739746	499.395599365
708.360107422	497.43560791
708.649536133	504.801452637
708.938903809	524.808532715
709.228271484	522.618286133
709.517700195	535.398925781
709.807067871	527.409912109
710.096435547	548.647644043
710.385864258	551.914855957
710.675231934	548.914855957
710.964660645	556.282836914
711.25402832	576.673950195
711.543395996	588.565307617
711.832824707	617.405700684
712.122192383	604.209655762
712.411560059	602.206970215
712.70098877	596.571350098
712.990356445	616.841064453
713.279724121	647.850585938
713.569152832	637.435180664
713.858520508	645.771789551
714.147888184	672.193908691
714.437316895	777.569519043
714.72668457	954.887084961
715.016052246	763.014770508
715.305480957	705.764892578
715.594848633	683.557556152
715.884216309	711.190612793
716.17364502	665.946105957
716.463012695	681.075195313
716.752441406	696.422485352
717.041809082	722.769897461
717.331176758	702.362854004
717.620605469	714.89666748
717.909973145	738.30657959
718.19934082	732.727722168
718.488769531	732.677001953
718.778137207	736.181152344
719.067504883	735.030029297
719.356933594	739.338684082
719.64630127	750.404846191
719.935668945	755.192199707
720.225097656	744.407592773
720.514465332	734.402954102
720.803833008	745.996459961
721.093261719	759.132263184
721.382629395	744.37713623
721.67199707	724.291442871
721.961425781	727.383850098
722.250793457	725.906494141
722.540222168	691.969604492
722.829589844	708.724243164
723.11895752	735.188293457
723.40838623	729.337341309
723.697753906	712.375183105
723.987121582	687.932495117
724.276550293	649.27734375
724.565917969	667.268310547
724.855285645	670.508239746
725.144714355	665.152893066
725.434082031	665.323547363
725.723449707	620.326660156
726.012878418	593.967407227
726.302246094	586.197143555
726.59161377	597.791564941
726.88104248	593.154968262
727.170410156	581.51751709
727.459777832	594.027038574
727.749206543	575.286376953
728.038574219	558.342773438
728.32800293	566.326293945
728.617370605	526.373596191
728.906738281	524.046447754
729.196166992	507.167419434
729.485534668	483.955474854
729.774902344	484.723754883
730.064331055	466.249755859
730.35369873	476.470428467
730.643066406	452.047058105
730.932495117	466.846252441
731.221862793	455.359893799
731.511230469	448.035888672
731.80065918	443.775512695
732.090026855	412.7449646
732.379394531	376.436340332
732.668823242	389.700866699
732.958190918	363.040679932
733.247558594	374.66885376
733.536987305	362.637939453
733.82635498	341.707244873
734.115783691	333.815032959
734.405151367	324.515441895
734.694519043	327.57623291
734.983947754	313.303863525
735.27331543	286.585571289
735.562683105	305.514770508
735.852111816	315.178192139
736.141479492	284.241912842
736.430847168	286.361022949
736.720275879	268.263214111
737.009643555	272.282989502
737.29901123	237.028320313
737.588439941	267.91809082
737.877807617	228.574798584
738.167175293	214.248596191
738.456604004	235.176681519
738.74597168	253.367584229
739.035339355	197.400756836
739.324768066	216.628662109
739.614135742	214.839324951
739.903564453	217.711990356
740.192932129	170.07232666
740.482299805	186.077423096
740.771728516	153.55140686
741.061096191	160.45690918
741.350463867	176.938568115
741.639892578	164.309295654
741.929260254	162.562927246
742.21862793	160.389328003
742.508056641	148.648223877
742.797424316	131.747802734
743.086791992	124.958236694
743.376220703	128.480804443
743.665588379	123.763252258
743.954956055	118.665817261
744.244384766	119.971595764
744.533752441	124.686172485
744.823181152	97.4138183594
745.112548828	107.967750549
745.401916504	98.1947784424
745.691345215	112.115058899
745.980712891	108.056442261
746.270080566	114.953636169
746.559509277	124.993782043
746.848876953	50.9468841553
747.138244629	107.988853455
747.42767334	78.5199737549
747.717041016	102.309989929
748.006408691	72.4674377441
748.295837402	91.8623199463
748.585205078	96.6586837769
748.874572754	78.4308776855
749.164001465	53.3328437805
749.453369141	71.862121582
749.742736816	63.9636573792
750.032165527	66.3355941772
750.321533203	56.8443603516
750.610961914	40.841053009
750.90032959	39.3986473083
751.189697266	57.8634681702
751.479125977	75.6543502808
751.768493652	52.1968078613
752.057861328	28.904548645
752.347290039	48.6270713806
752.636657715	52.3072242737
752.926025391	34.542552948
753.215454102	36.8573608398
753.504821777	46.7201309204
753.794189453	43.4516143799
754.083618164	27.4175167084
754.37298584	27.1692638397
754.662353516	20.5457668304
754.951782227	21.2965812683
755.241149902	18.997303009
755.530517578	42.5417747498
755.819946289	33.339466095
756.109313965	18.7359867096
756.398742676	49.1923675537
756.688110352	42.3691635132
756.977478027	23.5132465363
757.266906738	37.0660629272
757.556274414	17.7633666992
757.84564209	-0.334251999855
758.135070801	5.50884819031
758.424438477	24.902929306
758.713806152	54.7730827332
759.003234863	96.5390396118
759.292602539	96.6132965088
759.581970215	65.8899383545
759.871398926	27.4256687164
760.160766602	5.42448663712
760.450134277	16.6288700104
760.739562988	19.9539031982
761.028930664	22.7449569702
761.31829834	24.3770751953
761.607727051	13.3210058212
761.897094727	27.2648906708
762.186523438	27.076253891
762.475891113	46.6610069275
762.765258789	20.2899513245
763.0546875	16.7822227478
763.344055176	16.7988624573
763.633422852	-15.1571550369
763.922851563	11.718416214
764.212219238	20.302438736
764.501586914	13.8576517105
764.791015625	18.7439651489
765.080383301	11.7691497803
765.369750977	8.6466293335
765.659179688	-4.81300497055
765.948547363	22.9511928558
766.237915039	-1.8349019289
766.52734375	20.3485298157
766.816711426	1.6857265234
767.106079102	1.54684841633
767.395507813	4.99346399307
767.684875488	1.71933221817
767.974304199	9.153008461
768.263671875	8.75314426422
768.553039551	9.23072147369
768.842468262	-2.48257517815
769.131835938	-7.48034000397
769.421203613	0.85587978363
769.710632324	8.55737876892
770	0.379437863827
770.289367676	12.7471513748
770.578796387	7.85636520386
770.868164063	15.5507392883
771.157531738	18.2485313416
771.446960449	15.9964160919
771.736328125	5.96325111389
772.025695801	6.96450948715
772.315124512	6.69847917557
772.604492188	22.782989502
772.893920898	3.33312106133
773.183288574	12.2643117905
773.47265625	-0.324273705482
773.762084961	0.522488534451
774.051452637	8.92828845978
774.340820313	28.8773002625
774.630249023	7.47528362274
774.919616699	7.30906200409
775.208984375	6.59230327606
775.498413086	9.55356693268
775.787780762	20.6873950958
776.077148438	13.2355279922
776.366577148	8.77857971191
776.655944824	3.93169355392
776.9453125	4.91659498215
777.234741211	-1.12482655048
777.524108887	6.10641241074
777.813476563	10.318365097
778.102905273	10.0423240662
778.392272949	-4.44591903687
778.68170166	-0.971227169037
778.971069336	-10.5131816864
779.260437012	12.3625888824
779.549865723	26.7454833984
779.839233398	8.80289554596
780.128601074	5.77290391922
780.418029785	-1.28536319733
780.707397461	-2.80241513252
780.996765137	4.91271066666
781.286193848	-6.96806621552
781.575561523	-4.77686595917
781.864929199	-5.44089031219
782.15435791	11.9454221725
782.443725586	17.4071311951
782.733093262	10.5731840134
783.022521973	16.0124759674
783.311889648	6.07281637192
783.601257324	8.47031497955
783.890686035	-14.6463012695
784.180053711	6.31027984619
784.469482422	0.326231330633
784.758850098	17.1514644623
785.048217773	-16.7608509064
785.337646484	19.1796607971
785.62701416	15.213634491
785.916381836	-15.5297355652
786.205810547	-13.1566057205
786.495178223	5.28288507462
786.784545898	4.72310876846
787.073974609	23.5701160431
787.363342285	6.84456729889
787.652709961	6.19250535965
787.942138672	15.0609960556
788.231506348	19.0939941406
788.520874023	17.8230342865
788.810302734	5.63122320175
789.09967041	2.16226696968
789.389038086	4.91962909698
789.678466797	-2.54439949989
789.967834473	33.5784416199
790.257263184	26.2413654327
790.546630859	19.8771457672
790.835998535	8.41356086731
791.125427246	19.9500198364
791.414794922	14.5196380615
791.704162598	-0.656105041504
791.993591309	6.60471963882
792.282958984	19.4936733246
792.57232666	12.0486431122
792.861755371	19.0536079407
793.151123047	13.9445161819
793.440490723	36.2465553284
793.729919434	19.1719322205
794.019287109	7.47275066376
794.308654785	4.41077661514
794.598083496	3.75265622139
794.887451172	33.7727127075
795.176818848	25.9199676514
795.466247559	20.9337234497
795.755615234	1.96501100063
796.045043945	13.0310115814
796.334411621	26.9780712128
796.623779297	22.6087245941
796.913208008	22.5553398132
797.202575684	32.152545929
797.491943359	48.1289024353
797.78137207	21.0786914825
798.070739746	17.1448917389
798.360107422	5.75772285461
798.649536133	35.5834884644
798.938903809	38.6499328613
799.228271484	54.2439651489
799.517700195	44.9686584473
799.807067871	36.6032180786
800.096435547	66.9865570068
800.385864258	47.0239906311
800.675231934	45.6011772156
800.964660645	26.6410560608
801.25402832	46.7897758484
801.543395996	28.5422554016
801.832824707	19.1902866364
802.122192383	36.0943756104
802.411560059	59.4926071167
802.70098877	57.8581695557
802.990356445	37.8333053589
803.279724121	54.4141540527
803.569152832	39.9408493042
803.858520508	31.0175457001
804.147888184	70.4743728638
804.437316895	77.7469177246
804.72668457	72.6219558716
805.016052246	73.0626678467
805.305480957	82.0444335938
805.594848633	63.7308883667
805.884216309	79.0470123291
806.17364502	72.0959701538
806.463012695	68.7985687256
806.752441406	68.6312255859
807.041809082	64.4869003296
807.331176758	70.4250869751
807.620605469	79.5443649292
807.909973145	45.0875358582
808.19934082	42.2942848206
808.488769531	57.4438323975
808.778137207	46.5746536255
809.067504883	67.9867248535
809.356933594	42.2695732117
809.64630127	70.7243652344
809.935668945	70.9538192749
810.225097656	60.6592750549
810.514465332	45.2730026245
810.803833008	61.0002593994
811.093261719	54.5602073669
811.382629395	52.3658332825
811.67199707	70.5503616333
811.961425781	87.0817489624
812.250793457	99.9115447998
812.540222168	95.309135437
812.829589844	81.4384918213
813.11895752	76.7807388306
813.40838623	74.2899093628
813.697753906	72.1406936646
813.987121582	48.4966125488
814.276550293	62.3961601257
814.565917969	92.5865478516
814.855285645	79.980796814
815.144714355	64.5761489868
815.434082031	67.997253418
815.723449707	76.4159088135
816.012878418	77.7851867676
816.302246094	105.516105652
816.59161377	50.4970207214
816.88104248	57.1016464233
817.170410156	97.4512176514
817.459777832	100.312019348
817.749206543	86.2559967041
818.038574219	85.8499526978
818.32800293	78.08177948
818.617370605	69.1413116455
818.906738281	104.431304932
819.196166992	69.6931610107
819.485534668	55.6928787231
819.774902344	66.7709579468
820.064331055	83.2278823853
820.35369873	76.5701293945
820.643066406	89.5183334351
820.932495117	99.8766174316
821.221862793	76.6116867065
821.511230469	66.6248321533
821.80065918	79.3100280762
822.090026855	88.0970916748
822.379394531	73.0648269653
822.668823242	59.1740951538
822.958190918	69.8368911743
823.247558594	56.2328491211
823.536987305	77.6612091064
823.82635498	94.2998428345
824.115783691	86.2052459717
824.405151367	100.498664856
824.694519043	91.4236755371
824.983947754	97.5317230225
825.27331543	115.385192871
825.562683105	101.079490662
825.852111816	70.2839736938
826.141479492	85.4091720581
826.430847168	89.1515655518
826.720275879	110.39730835
827.009643555	85.7883834839
827.29901123	79.4235916138
827.588439941	98.337059021
827.877807617	94.0416107178
828.167175293	77.4497756958
828.456604004	73.1190948486
828.74597168	48.6195449829
829.035339355	65.4725341797
829.324768066	57.7942008972
829.614135742	58.3730163574
829.903564453	82.3355560303
830.192932129	74.5191116333
830.482299805	62.9170188904
830.771728516	86.2936172485
831.061096191	91.7969970703
831.350463867	81.0154647827
831.639892578	80.8136901855
831.929260254	70.1920700073
832.21862793	72.2032623291
832.508056641	73.8230285645
832.797424316	106.707748413
833.086791992	91.015083313
833.376220703	97.0884628296
833.665588379	111.530067444
833.954956055	81.3666992188
834.244384766	91.559463501
834.533752441	108.80381012
834.823181152	70.5766448975
835.112548828	63.4501419067
835.401916504	91.1839904785
835.691345215	80.3801727295
835.980712891	86.0329589844
836.270080566	72.6134872437
836.559509277	75.4202651978
836.848876953	78.3001022339
837.138244629	71.8164215088
837.42767334	71.0919494629
837.717041016	53.4305305481
838.006408691	94.9656448364
838.295837402	98.8380966187
838.585205078	85.4752655029
838.874572754	76.1124267578
839.164001465	101.724136353
839.453369141	91.1467056274
839.742736816	62.668636322
840.032165527	73.5237503052
840.321533203	70.1245422363
840.610961914	60.8949432373
840.90032959	64.6754226685
841.189697266	59.5264549255
841.479125977	47.5385513306
841.768493652	65.5790405273
842.057861328	79.7708892822
842.347290039	61.374546051
842.636657715	69.470451355
842.926025391	52.3073234558
843.215454102	78.9414901733
843.504821777	94.0554656982
843.794189453	104.32056427
844.083618164	77.5621566772
844.37298584	66.8379898071
844.662353516	66.342590332
844.951782227	103.61177063
845.241149902	56.001865387
845.530517578	64.0985031128
845.819946289	82.5712966919
846.109313965	75.7362976074
846.398742676	47.5257377625
846.688110352	63.5120239258
846.977478027	90.7221908569
847.266906738	74.3458633423
847.556274414	59.2073936462
847.84564209	55.8880157471
848.135070801	61.109588623
848.424438477	84.9415740967
848.713806152	69.1971511841
849.003234863	90.4926986694
849.292602539	61.9218559265
849.581970215	77.735534668
849.871398926	76.6089630127
850.160766602	41.8962783813
850.450134277	35.2109336853
850.739562988	56.8370475769
851.028930664	38.7957458496
851.31829834	45.8777351379
851.607727051	63.504825592
851.897094727	60.020652771
852.186523438	54.9097061157
852.475891113	54.7421836853
852.765258789	51.8505439758
853.0546875	76.9270935059
853.344055176	99.6948776245
853.633422852	82.5583648682
853.922851563	83.6351547241
854.212219238	63.5933685303
854.501586914	53.3543128967
854.791015625	61.5495185852
855.080383301	71.7838516235
855.369750977	75.1185302734
855.659179688	73.6264801025
855.948547363	53.7165260315
856.237915039	67.7977828979
856.52734375	54.8516311646
856.816711426	63.0036888123
857.106079102	66.7785491943
857.395507813	51.2681884766
857.684875488	67.1914901733
857.974304199	60.3439674377
858.263671875	69.1281051636
858.553039551	73.795791626
858.842468262	58.805934906
859.131835938	76.1122894287
859.421203613	69.8737258911
859.710632324	45.0931015015
860	92.625289917
860.289367676	72.6520996094
860.578796387	65.7193756104
860.868164063	36.7173843384
861.157531738	54.6856040955
861.446960449	51.7682609558
861.736328125	59.4996643066
862.025695801	43.73985672
862.315124512	28.4853553772
862.604492188	35.8822860718
862.893920898	47.7647476196
863.183288574	53.8342857361
863.47265625	62.5075874329
863.762084961	55.5648498535
864.051452637	42.6544113159
864.340820313	49.4639396667
864.630249023	64.4428329468
864.919616699	57.8861541748
865.208984375	59.2994422913
865.498413086	54.2868843079
865.787780762	51.5197525024
866.077148438	61.0878295898
866.366577148	39.4861564636
866.655944824	43.6799659729
866.9453125	47.8776779175
867.234741211	39.2982254028
867.524108887	67.6773300171
867.813476563	76.5056610107
868.102905273	63.0621948242
868.392272949	39.2105903625
868.68170166	39.6496925354
868.971069336	58.8420333862
869.260437012	36.3927764893
869.549865723	6.55990314484
869.839233398	56.7463874817
870.128601074	36.1098709106
870.418029785	52.7142562866
870.707397461	79.8677749634
870.996765137	67.067199707
871.286193848	90.2958526611
871.575561523	57.2877540588
871.864929199	93.6104660034
872.15435791	59.9082107544
872.443725586	56.1589050293
872.733093262	57.4205818176
873.022521973	71.4124145508
873.311889648	65.1953353882
873.601257324	60.1616020203
873.890686035	74.7606201172
874.180053711	70.2971954346
874.469482422	62.1842384338
874.758850098	39.8719329834
875.048217773	58.7561607361
875.337646484	58.7980613708
875.62701416	19.316324234
875.916381836	46.9598274231
876.205810547	57.9668159485
876.495178223	21.4176959991
876.784545898	29.8234100342
877.073974609	53.7827911377
877.363342285	37.0903587341
877.652709961	41.5749282837
877.942138672	37.6285476685
878.231506348	54.6243476868
878.520874023	46.9785499573
878.810302734	42.913028717
879.09967041	45.5081939697
879.389038086	42.4400291443
879.678466797	40.7675743103
879.967834473	30.0656204224
880.257263184	43.3140640259
880.546630859	45.3101081848
880.835998535	24.4648456573
881.125427246	28.2279376984
881.414794922	24.1150951385
881.704162598	23.323299408
881.993591309	23.6291160583
882.282958984	30.6879043579
882.57232666	49.5665168762
882.861755371	21.9465522766
883.151123047	55.3991394043
883.440490723	27.5934276581
883.729919434	26.986158371
884.019287109	27.2856693268
884.308654785	23.6171646118
884.598083496	37.1085281372
884.887451172	27.0423164368
885.176818848	2.28494381905
885.466247559	35.6864624023
885.755615234	32.9693717957
886.045043945	19.2185497284
886.334411621	22.8488712311
886.623779297	36.3707962036
886.913208008	31.9603023529
887.202575684	48.7937507629
887.491943359	71.9443359375
887.78137207	39.6983947754
888.070739746	34.0386772156
888.360107422	22.3098697662
888.649536133	24.4828739166
888.938903809	37.8634414673
889.228271484	2.27159452438
889.517700195	18.622089386
889.807067871	23.0107116699
890.096435547	10.5043153763
890.385864258	66.3701934814
890.675231934	46.0632553101
890.964660645	20.3471012115
891.25402832	13.1883602142
891.543395996	26.5042304993
891.832824707	1.4968136549
892.122192383	-0.479309350252
892.411560059	-8.42808818817
892.70098877	27.6838798523
892.990356445	7.54540348053
893.279724121	7.72162437439
893.569152832	9.40976524353
893.858520508	23.703660965
894.147888184	33.3227539063
894.437316895	8.37881374359
894.72668457	-10.4100532532
895.016052246	6.21245670319
895.305480957	19.8393173218
895.594848633	-14.3716678619
895.884216309	-12.7359752655
896.17364502	-2.70164275169
896.463012695	14.6818532944
896.752441406	20.8218975067
897.041809082	8.610912323
897.331176758	12.8510980606
897.620605469	23.2960739136
897.909973145	18.7205867767
898.19934082	5.82356452942
898.488769531	12.3464221954
898.778137207	8.28143215179
899.067504883	7.75770139694
899.356933594	2.95780491829
899.64630127	1.29076385498
899.935668945	28.6796302795
900.225097656	30.7933082581
900.514465332	38.4109344482
900.803833008	13.1135234833
901.093261719	-1.73422420025
901.382629395	6.09604930878
901.67199707	5.75420379639
901.961425781	23.4328231812
902.250793457	18.0130958557
902.540222168	13.7739906311
902.829589844	13.7597818375
903.11895752	19.7116374969
903.40838623	38.4984092712
903.697753906	26.24152565
903.987121582	36.8347396851
904.276550293	30.1129684448
904.565917969	16.2447547913
904.855285645	7.05427646637
905.144714355	8.89158725739
905.434082031	22.8558940887
905.723449707	11.6295261383
906.012878418	50.0864677429
906.302246094	19.1098537445
906.59161377	21.1823158264
906.88104248	28.7063941956
907.170410156	31.037399292
907.459777832	34.4138145447
907.749206543	6.31875324249
908.038574219	15.5704135895
908.32800293	27.7585544586
908.617370605	53.4955673218
908.906738281	14.0272550583
909.196166992	25.3919086456
909.485534668	13.2771148682
909.774902344	46.8127098083
910.064331055	11.6199913025
910.35369873	55.8955764771
910.643066406	42.4612045288
910.932495117	22.4261989594
911.221862793	29.4625263214
911.511230469	22.9246368408
911.80065918	16.7844085693
912.090026855	29.2609214783
912.379394531	6.71350955963
912.668823242	-11.9106054306
912.958190918	-5.54761743546
913.247558594	58.1232337952
913.536987305	15.6009235382
913.82635498	8.43119716644
914.115783691	62.7089385986
914.405151367	38.0431175232
914.694519043	49.707862854
914.983947754	21.2529373169
915.27331543	27.9513759613
915.562683105	40.0983009338
915.852111816	28.0100727081
916.141479492	6.70460367203
916.430847168	22.4069480896
916.720275879	12.5496778488
917.009643555	24.3328323364
917.29901123	29.9416713715
917.588439941	36.207447052
917.877807617	45.7213134766
918.167175293	53.0093536377
918.456604004	43.3593597412
918.74597168	26.389339447
919.035339355	29.6812820435
919.324768066	18.5393447876
919.614135742	10.1962785721
919.903564453	27.5509223938
920.192932129	17.1529254913
920.482299805	31.3245067596
920.771728516	18.0570812225
921.061096191	15.2254896164
921.350463867	28.4693374634
921.639892578	36.8774490356
921.929260254	49.9066963196
922.21862793	37.4195861816
922.508056641	5.31085252762
922.797424316	11.1884269714
923.086791992	36.9042282104
923.376220703	45.4185256958
923.665588379	27.0303211212
923.954956055	27.116727829
924.244384766	41.9051933289
924.533752441	57.1424789429
924.823181152	51.9104385376
925.112548828	43.7446479797
925.401916504	49.6088867188
925.691345215	49.047252655
925.980712891	58.7447471619
926.270080566	57.455909729
926.559509277	41.5768928528
926.848876953	40.677947998
927.138244629	54.3092765808
927.42767334	54.013759613
927.717041016	33.9163284302
928.006408691	36.7773933411
928.295837402	47.0805053711
928.585205078	47.5116424561
928.874572754	46.4884300232
929.164001465	49.9507217407
929.453369141	54.5317573547
929.742736816	52.2731933594
930.032165527	52.4107818604
930.321533203	54.6478233337
930.610961914	64.3042068481
930.90032959	46.4907112122
931.189697266	36.5251197815
931.479125977	67.5696868896
931.768493652	83.5254821777
932.057861328	66.1560745239
932.347290039	64.1593856812
932.636657715	55.604434967
932.926025391	76.7631072998
933.215454102	85.2622680664
933.504821777	79.9563369751
933.794189453	79.9787826538
934.083618164	105.172767639
934.37298584	103.078994751
934.662353516	58.5438194275
934.951782227	69.6755447388
935.241149902	80.095451355
935.530517578	93.455291748
935.819946289	102.371932983
936.109313965	76.932220459
936.398742676	87.3754653931
936.688110352	85.5768661499
936.977478027	84.3390579224
937.266906738	88.5974884033
937.556274414	105.819396973
937.84564209	150.609176636
938.135070801	125.950614929
938.424438477	133.866363525
938.713806152	126.141738892
939.003234863	123.761505127
939.292602539	126.907730103
939.581970215	115.931877136
939.871398926	135.148071289
940.160766602	130.249130249
940.450134277	123.574554443
940.739562988	125.833236694
941.028930664	104.162315369
941.31829834	144.965515137
941.607727051	164.140457153
941.897094727	131.714172363
942.186523438	162.927200317
942.475891113	168.046813965
942.765258789	157.464752197
943.0546875	155.109420776
943.344055176	189.709503174
943.633422852	173.66847229
943.922851563	162.553863525
944.212219238	180.959106445
944.501586914	196.745223999
944.791015625	194.624267578
945.080383301	176.496322632
945.369750977	186.352752686
945.659179688	178.515975952
945.948547363	198.054519653
946.237915039	195.874328613
946.52734375	219.971633911
946.816711426	239.930114746
947.106079102	239.594161987
947.395507813	197.243209839
947.684875488	214.254425049
947.974304199	258.110534668
948.263671875	239.319488525
948.553039551	223.564102173
948.842468262	252.201431274
949.131835938	246.448974609
949.421203613	238.125717163
949.710632324	242.40222168
950	245.130233765
950.289367676	267.384613037
950.578796387	272.451629639
950.868164063	258.601043701
951.157531738	295.985290527
951.446960449	266.137756348
951.736328125	230.311569214
952.025695801	255.452667236
952.315124512	291.076843262
952.604492188	307.400543213
952.893920898	326.218048096
953.183288574	324.995391846
953.47265625	279.259033203
953.762084961	326.350982666
954.051452637	323.912475586
954.340820313	284.597015381
954.630249023	293.412109375
954.919616699	318.552703857
955.208984375	306.669403076
955.498413086	306.094818115
955.787780762	326.790100098
956.077148438	312.626525879
956.366577148	293.186218262
956.655944824	304.285339355
956.9453125	312.886871338
957.234741211	317.388458252
957.524108887	298.680450439
957.813476563	325.969970703
958.102905273	378.971099854
958.392272949	351.849487305
958.68170166	330.41015625
958.971069336	346.361328125
959.260437012	333.850067139
959.549865723	325.709106445
959.839233398	307.55770874
960.128601074	346.25982666
960.418029785	340.834197998
960.707397461	368.731628418
960.996765137	339.680847168
961.286193848	360.784973145
961.575561523	337.486602783
961.864929199	343.225860596
962.15435791	355.983306885
962.443725586	365.838775635
962.733093262	371.776733398
963.022521973	371.737335205
963.311889648	348.474609375
963.601257324	343.348602295
963.890686035	371.424926758
964.180053711	372.035247803
964.469482422	366.433837891
964.758850098	362.224334717
965.048217773	335.36541748
965.337646484	334.859710693
965.62701416	344.48223877
965.916381836	346.222961426
966.205810547	359.885192871
966.495178223	359.488677979
966.784545898	364.99697876
967.073974609	344.511749268
967.363342285	351.300323486
967.652709961	346.921875
967.942138672	367.371704102
968.231506348	355.65637207
968.520874023	325.953704834
968.810302734	348.520751953
969.09967041	387.966522217
969.389038086	370.841003418
969.678466797	339.054534912
969.967834473	350.858703613
970.257263184	334.029266357
970.546630859	330.367126465
970.835998535	316.267486572
971.125427246	350.57232666
971.414794922	350.246124268
971.704162598	333.503936768
971.993591309	350.026031494
972.282958984	330.981079102
972.57232666	334.11730957
972.861755371	325.141357422
973.151123047	331.416748047
973.440490723	334.067108154
973.729919434	330.710296631
974.019287109	319.505706787
974.308654785	302.301574707
974.598083496	333.095184326
974.887451172	324.005310059
975.176818848	311.131744385
975.466247559	319.611877441
975.755615234	320.910186768
976.045043945	318.476257324
976.334411621	306.79019165
976.623779297	307.812133789
976.913208008	308.784942627
977.202575684	278.408935547
977.491943359	262.374267578
977.78137207	278.332885742
978.070739746	282.172698975
978.360107422	276.134124756
978.649536133	289.162078857
978.938903809	298.966278076
979.228271484	292.199157715
979.517700195	296.677337646
979.807067871	288.754455566
980.096435547	267.81350708
980.385864258	263.236022949
980.675231934	277.010406494
980.964660645	282.269348145
981.25402832	285.595489502
981.543395996	278.024169922
981.832824707	267.056549072
982.122192383	282.935424805
982.411560059	271.800170898
982.70098877	263.957519531
982.990356445	276.483856201
983.279724121	267.81539917
983.569152832	262.101165771
983.858520508	280.315032959
984.147888184	274.98248291
984.437316895	264.738952637
984.72668457	252.965026855
985.016052246	247.9503479
985.305480957	252.128707886
985.594848633	235.310333252
985.884216309	255.721450806
986.17364502	253.057037354
986.463012695	272.11315918
986.752441406	264.190460205
987.041809082	257.579589844
987.331176758	275.33493042
987.620605469	260.271606445
987.909973145	256.640716553
988.19934082	254.921463013
988.488769531	261.874725342
988.778137207	249.640823364
989.067504883	254.819030762
989.356933594	260.318664551
989.64630127	236.233200073
989.935668945	258.717071533
990.225097656	256.608795166
990.514465332	269.218658447
990.803833008	277.464233398
991.093261719	269.288604736
991.382629395	267.520019531
991.67199707	257.710418701
991.961425781	264.801879883
992.250793457	261.277435303
992.540222168	288.251220703
992.829589844	269.986541748
993.11895752	271.410339355
993.40838623	281.952484131
993.697753906	246.433425903
993.987121582	267.68145752
994.276550293	318.850524902
994.565917969	319.713806152
994.855285645	286.855865479
995.144714355	276.764190674
995.434082031	275.469268799
995.723449707	300.416992188
996.012878418	312.3565979
996.302246094	309.716430664
996.59161377	279.386322021
996.88104248	313.813232422
997.170410156	314.359100342
997.459777832	264.256072998
997.749206543	283.117034912
998.038574219	302.627258301
998.32800293	318.474090576
998.617370605	327.311950684
998.906738281	298.61907959
999.196166992	321.976135254
999.485534668	300.935577393
999.774902344	364.249542236
1000.06433105	336.572906494
1000.35369873	351.443511963
1000.64306641	332.57824707
1000.93249512	346.415771484
1001.22186279	351.710205078
1001.51123047	358.404510498
1001.80065918	365.12097168
1002.09002686	350.245452881
1002.37939453	370.741516113
1002.66882324	381.459442139
1002.95819092	382.810974121
1003.24755859	370.135681152
1003.5369873	411.157775879
1003.82635498	429.381866455
1004.11578369	405.255554199
1004.40515137	400.2394104
1004.69451904	401.945953369
1004.98394775	419.003692627
1005.27331543	452.918701172
1005.56268311	446.842041016
1005.85211182	449.406616211
1006.14147949	481.159545898
1006.43084717	457.314300537
1006.72027588	459.63961792
1007.00964355	480.815887451
1007.29901123	500.814880371
1007.58843994	506.918060303
1007.87780762	529.610900879
1008.16717529	520.289611816
1008.456604	519.247741699
1008.74597168	520.35369873
1009.03533936	519.739868164
1009.32476807	544.724914551
1009.61413574	571.705810547
1009.90356445	574.922729492
1010.19293213	579.636108398
1010.4822998	579.856323242
1010.77172852	592.271484375
1011.06109619	609.605957031
1011.35046387	637.589782715
1011.63989258	636.583618164
1011.92926025	654.889221191
1012.21862793	663.788635254
1012.50805664	670.48651123
1012.79742432	700.931335449
1013.08679199	693.536804199
1013.3762207	708.790344238
1013.66558838	721.915344238
1013.95495605	734.427001953
1014.24438477	757.224487305
1014.53375244	781.487670898
1014.82318115	785.50390625
1015.11254883	782.782714844
1015.4019165	813.234863281
1015.69134521	818.615844727
1015.98071289	839.583129883
1016.27008057	863.51763916
1016.55950928	889.718994141
1016.84887695	903.777038574
1017.13824463	909.944030762
1017.42767334	920.27130127
1017.71704102	970.189758301
1018.00640869	967.483703613
1018.2958374	997.012145996
1018.58520508	1045.02966309
1018.87457275	1055.6307373
1019.16400146	1076.58398438
1019.45336914	1116.1171875
1019.74273682	1111.05712891
1020.03216553	1105.85998535
1020.3215332	1176.19934082
1020.61096191	1192.18530273
1020.90032959	1236.96948242
1021.18969727	1250.71459961
1021.47912598	1285.22595215
1021.76849365	1295.71472168
1022.05786133	1382.04956055
1022.34729004	1391.38525391
1022.63665771	1435.89245605
1022.92602539	1465.94030762
1023.2154541	1503.39746094
1023.50482178	1526.85400391
1023.79418945	1580.25732422
1024.08361816	1604.32141113
1024.37304688	1656.55493164
1024.66235352	1678.75109863
1024.95178223	1745.3737793
1025.24121094	1784.02819824
1025.53051758	1848.11743164
1025.81994629	1892.05358887
1026.109375	1950.67236328
1026.39868164	1985.89868164
1026.68811035	2029.26953125
1026.97753906	2079.03173828
1027.2668457	2138.38964844
1027.55627441	2224.20410156
1027.84570313	2278.74291992
1028.13500977	2326.6796875
1028.42443848	2405.81811523
1028.71386719	2462.4621582
1029.00317383	2534.81103516
1029.29260254	2625.70532227
1029.58203125	2691.45703125
1029.87133789	2785.28930664
1030.1607666	2850.48999023
1030.45019531	2908.00683594
1030.73950195	2991.58569336
1031.02893066	3087.68261719
1031.31835938	3175.11474609
1031.60766602	3274.60742188
1031.89709473	3353.52441406
1032.18652344	3463.4362793
1032.47583008	3557.46630859
1032.76525879	3653.69116211
1033.0546875	3765.91040039
1033.34399414	3922.49462891
1033.63342285	4028.9230957
1033.92285156	4168.44726563
1034.2121582	4294.62011719
1034.50158691	4418.6796875
1034.79101563	4574.74462891
1035.08044434	4737.22265625
1035.36975098	4926.76611328
1035.65917969	5050.31933594
1035.9486084	5221.08837891
1036.23791504	5413.83984375
1036.52734375	5616.54736328
1036.81677246	5835.81201172
1037.1060791	6034.30224609
1037.39550781	6242.99365234
1037.68493652	6480.16015625
1037.97424316	6779.72900391
1038.26367188	7017.94628906
1038.55310059	7294.94091797
1038.84240723	7586.55273438
1039.13183594	7928.80126953
1039.42126465	8261.30175781
1039.71057129	8582.93359375
1040	8959.95507813
1040.28942871	9322.82128906
1040.57873535	9715.6015625
1040.86816406	10139.6552734
1041.15759277	10577.6318359
1041.44689941	11035.2451172
1041.73632813	11525.4199219
1042.02575684	12028.9472656
1042.31506348	12560.9638672
1042.60449219	13128.4824219
1042.8939209	13678.6865234
1043.18322754	14294.6269531
1043.47265625	14961.875
1043.76208496	15596.2822266
1044.0513916	16214.6972656
1044.34082031	16870.1367188
1044.63024902	17617.328125
1044.91955566	18341.1132813
1045.20898438	18995.828125
1045.49841309	19669.2167969
1045.7878418	20437.1328125
1046.07714844	21158.4335938
1046.36657715	21775.9238281
1046.65600586	22442.640625
1046.9453125	23113.2148438
1047.23474121	23685.7890625
1047.52416992	24179.0878906
1047.81347656	24682.8671875
1048.10290527	25028.2363281
1048.39233398	25409.46875
1048.68164063	25740.8359375
1048.97106934	25942.1425781
1049.26049805	26009.4355469
1049.54980469	26035.9296875
1049.8392334	25915.3710938
1050.12866211	25730.875
1050.41796875	25550.7617188
1050.70739746	25312.4804688
1050.99682617	24912.5371094
1051.28613281	24418.9824219
1051.57556152	23876.3515625
1051.86499023	23390.0605469
1052.15429688	22702.2265625
1052.44372559	21940.7109375
1052.7331543	21139.5605469
1053.02246094	20465.4296875
1053.31188965	19714.2441406
1053.60131836	18910.8554688
1053.890625	18137.7226563
1054.18005371	17283.2441406
1054.46948242	16545.7773438
1054.75878906	15749.5839844
1055.04821777	14993.7119141
1055.33764648	14273.4375
1055.62695313	13592.9169922
1055.91638184	12820.4335938
1056.20581055	12184.0820313
1056.49511719	11526.1660156
1056.7845459	10900.1650391
1057.07397461	10315.1953125
1057.36340332	9777.08300781
1057.65270996	9288.75976563
1057.94213867	8842.83691406
1058.23156738	8378.2578125
1058.52087402	7880.28076172
1058.81030273	7503.015625
1059.09973145	7175.11376953
1059.38903809	6742.34667969
1059.6784668	6361.76416016
1059.96789551	6078.66015625
1060.25720215	5782.67626953
1060.54663086	5509.08984375
1060.83605957	5193.41308594
1061.12536621	4991.46875
1061.41479492	4720.06640625
1061.70422363	4489.84423828
1061.99353027	4288.20166016
1062.28295898	4108.92822266
1062.5723877	3933.30859375
1062.86169434	3779.87231445
1063.15112305	3597.29199219
1063.44055176	3428.36376953
1063.7298584	3294.51660156
1064.01928711	3151.82324219
1064.30871582	2977.55834961
1064.59802246	2886.16601563
1064.88745117	2805.87719727
1065.17687988	2700.60327148
1065.46618652	2602.14819336
1065.75561523	2487.65356445
1066.04504395	2396.05371094
1066.33435059	2316.43774414
1066.6237793	2252.6015625
1066.91320801	2153.02685547
1067.20251465	2069.1394043
1067.49194336	2003.16357422
1067.78137207	1925.67492676
1068.07067871	1871.89746094
1068.36010742	1805.37219238
1068.64953613	1710.35083008
1068.93896484	1678.72790527
1069.22827148	1646.2467041
1069.5177002	1568.84558105
1069.80712891	1511.02099609
1070.09643555	1479.86108398
1070.38586426	1422.75427246
1070.67529297	1383.29199219
1070.96459961	1354.08288574
1071.25402832	1345.55419922
1071.54345703	1285.0177002
1071.83276367	1227.99511719
1072.12219238	1196.79064941
1072.41162109	1164.74194336
1072.70092773	1166.95910645
1072.99035645	1114.45825195
1073.27978516	1075.80603027
1073.5690918	1050.8536377
1073.85852051	1020.96710205
1074.14794922	1002.35784912
1074.43725586	958.311767578
1074.72668457	947.523864746
1075.01611328	911.774963379
1075.30541992	880.173706055
1075.59484863	871.98828125
1075.88427734	860.354614258
1076.17358398	855.041015625
1076.4630127	810.766235352
1076.75244141	769.479736328
1077.04174805	778.929260254
1077.33117676	722.772155762
1077.62060547	745.484741211
1077.90991211	680.518249512
1078.19934082	667.150695801
1078.48876953	690.886169434
1078.77807617	694.990478516
1079.06750488	653.830993652
1079.35693359	616.58795166
1079.6463623	604.965515137
1079.93566895	616.939941406
1080.22509766	591.839050293
1080.51452637	592.360656738
1080.80383301	606.331665039
1081.09326172	562.192626953
1081.38269043	548.246459961
1081.67199707	521.537353516
1081.96142578	522.442260742
1082.25085449	516.538085938
1082.54016113	488.713684082
1082.82958984	506.071258545
1083.11901855	507.906341553
1083.4083252	462.572662354
1083.69775391	457.143615723
1083.98718262	448.656921387
1084.27648926	448.130401611
1084.56591797	423.170562744
1084.85534668	420.003204346
1085.14465332	414.230102539
1085.43408203	415.602783203
1085.72351074	399.331451416
1086.01281738	384.912322998
1086.30224609	390.656097412
1086.5916748	370.913574219
1086.88098145	366.263977051
1087.17041016	368.738739014
1087.45983887	374.072845459
1087.74914551	357.988189697
1088.03857422	339.197814941
1088.32800293	335.15838623
1088.61730957	329.277862549
1088.90673828	334.670074463
1089.19616699	332.643371582
1089.48547363	282.868774414
1089.77490234	278.281005859
1090.06433105	264.16885376
1090.3536377	304.520233154
1090.64306641	296.089233398
1090.93249512	283.478027344
1091.22192383	275.790161133
1091.51123047	284.375946045
1091.80065918	257.337982178
1092.09008789	280.826416016
1092.37939453	221.67388916
1092.66882324	224.680374146
1092.95825195	240.531097412
1093.24755859	259.494293213
1093.5369873	234.764938354
1093.82641602	231.060974121
1094.11572266	209.547134399
1094.40515137	202.48916626
1094.69458008	225.258331299
1094.98388672	214.469100952
1095.27331543	192.0078125
1095.56274414	175.483047485
1095.85205078	163.16305542
1096.14147949	182.945404053
1096.4309082	192.652084351
1096.72021484	198.55279541
1097.00964355	206.838088989
1097.29907227	181.275238037
1097.58837891	167.603668213
1097.87780762	159.002731323
1098.16723633	147.761169434
1098.45654297	142.077896118
1098.74597168	146.685943604
1099.03540039	155.422409058
1099.32470703	137.059921265
1099.61413574	137.562988281
1099.90356445	150.151504517
1100.19287109	130.960906982
1100.4822998	124.677345276
1100.77172852	121.125236511
1101.06103516	127.109436035
1101.35046387	125.969436646
1101.63989258	118.109710693
1101.92932129	95.5439224243
1102.21862793	97.7488327026
1102.50805664	117.835876465
1102.79748535	126.5259552
1103.08679199	99.509185791
1103.3762207	63.9502372742
1103.66564941	121.554374695
1103.95495605	108.056152344
1104.24438477	44.2550201416
1104.53381348	87.241973877
1104.82312012	74.1646499634
1105.11254883	103.478752136
1105.40197754	65.0828933716
1105.69128418	81.470413208
1105.98071289	57.7591247559
1106.2701416	50.141582489
1106.55944824	49.7156295776
1106.84887695	58.399356842
1107.13830566	50.9834785461
1107.4276123	57.2679710388
1107.71704102	56.6518974304
1108.00646973	43.0138473511
1108.29577637	33.6059608459
1108.58520508	38.9786567688
1108.87463379	49.941192627
1109.16394043	-0.300679117441
1109.45336914	17.5285568237
1109.74279785	21.2703914642
1110.03210449	8.52168464661
1110.3215332	31.2791442871
1110.61096191	21.1557788849
1110.90026855	35.5306167603
1111.18969727	67.2444610596
1111.47912598	62.8143310547
1111.76843262	49.6865921021
1112.05786133	37.9234580994
1112.34729004	42.8956718445
1112.63659668	53.4544563293
1112.92602539	39.0502052307
1113.2154541	22.8651943207
1113.50488281	30.3452224731
1113.79418945	48.4816436768
1114.08361816	56.5910644531
1114.37304688	48.6194343567
1114.66235352	51.8081016541
1114.95178223	14.5190858841
1115.24121094	30.8848552704
1115.53051758	67.2156143188
1115.81994629	46.9012069702
1116.109375	7.61316776276
1116.39868164	28.9185352325
1116.68811035	40.7100868225
1116.97753906	48.4948005676
1117.2668457	31.2484111786
1117.55627441	55.6122283936
1117.84570313	52.2773132324
1118.13500977	20.4361953735
1118.42443848	30.0031375885
1118.71386719	28.7854099274
1119.00317383	37.1337471008
1119.29260254	47.0659217834
1119.58203125	1.25298070908
1119.87133789	12.5056142807
1120.1607666	40.584274292
1120.45019531	47.1849060059
1120.73950195	39.7412490845
1121.02893066	19.8853397369
1121.31835938	20.4244499207
1121.60766602	11.3992509842
1121.89709473	21.4285945892
1122.18652344	23.5175075531
1122.47583008	24.1412353516
1122.76525879	2.69255161285
1123.0546875	38.800994873
1123.34399414	13.4061689377
1123.63342285	-16.6352882385
1123.92285156	3.88136005402
1124.2121582	16.1281337738
1124.50158691	11.7395086288
1124.79101563	2.90654778481
1125.08044434	1.03696548939
1125.36975098	-2.61811590195
1125.65917969	7.27841520309
1125.9486084	-2.77329611778
1126.23791504	-13.3136310577
1126.52734375	-3.07432699203
1126.81677246	-1.0908819437
1127.1060791	4.66321611404
1127.39550781	6.11052846909
1127.68493652	-1.06764745712
1127.97424316	-2.54499459267
1128.26367188	-15.616724968
1128.55310059	-7.124979496
1128.84240723	22.4040203094
1129.13183594	-32.7839202881
1129.42126465	-4.67449903488
1129.71057129	23.3212985992
1130	-4.92426013947
1130.28942871	8.27109909058
1130.57873535	17.2766628265
1130.86816406	-25.2696781158
1131.15759277	-14.5362329483
1131.44689941	-10.5555725098
1131.73632813	8.89173984528
1132.02575684	-0.539365708828
1132.31506348	-12.8404436111
1132.60449219	16.2587242126
1132.8939209	16.1816234589
1133.18322754	-20.9016819
1133.47265625	-24.5656967163
1133.76208496	-3.35666632652
1134.0513916	-10.5127239227
1134.34082031	-6.04490423203
1134.63024902	-7.70989656448
1134.91955566	-21.4299201965
1135.20898438	-30.8864154816
1135.49841309	-37.0328521729
1135.7878418	-14.9888620377
1136.07714844	15.9009790421
1136.36657715	4.21206045151
1136.65600586	-8.74931812286
1136.9453125	-25.6397514343
1137.23474121	-30.635799408
1137.52416992	-28.834482193
1137.81347656	-31.8733539581
1138.10290527	-11.9660797119
1138.39233398	29.384552002
1138.68164063	14.0932407379
1138.97106934	-16.5395259857
1139.26049805	-2.20793533325
1139.54980469	-21.7184848785
1139.8392334	-21.2213687897
1140.12866211	-39.5118484497
1140.41796875	-12.7216186523
1140.70739746	-12.5360250473
1140.99682617	-25.7181072235
1141.28613281	-2.68227052689
1141.57556152	-15.5508766174
1141.86499023	-38.2417488098
1142.15429688	-13.2952661514
1142.44372559	-11.1843805313
1142.7331543	-6.60718488693
1143.02246094	-31.9575786591
1143.31188965	-48.1352653503
1143.60131836	-39.9628562927
1143.890625	-10.4279966354
1144.18005371	-11.6637897491
1144.46948242	-6.99821615219
1144.75878906	0.440940797329
1145.04821777	-31.4081344604
1145.33764648	-8.41443443298
1145.62695313	-4.4479341507
1145.91638184	-7.20472335815
1146.20581055	19.0599708557
1146.49511719	-21.9222583771
1146.7845459	-5.59652805328
1147.07397461	-58.8679656982
1147.36340332	15.4499521255
1147.65270996	-27.9580593109
1147.94213867	-14.3330125809
1148.23156738	-33.9023017883
1148.52087402	-15.9480085373
1148.81030273	-10.347864151
1149.09973145	4.50472164154
1149.38903809	-6.74410963058
1149.6784668	-14.5707235336
1149.96789551	-13.2581768036
1150.25720215	11.9134025574
1150.54663086	0.0765346884727
1150.83605957	-24.2930469513
1151.12536621	-14.410531044
1151.41479492	-11.0965194702
1151.70422363	-17.5671768188
1151.99353027	-12.8550701141
1152.28295898	-25.1548290253
1152.5723877	-12.4614219666
1152.86169434	2.36591815948
1153.15112305	7.77905082703
1153.44055176	-5.66035604477
1153.7298584	-23.2963943481
1154.01928711	-13.9521093369
1154.30871582	-5.33633995056
1154.59802246	9.78006267548
1154.88745117	-9.80338668823
1155.17687988	-3.49865245819
1155.46618652	-37.4252166748
1155.75561523	-30.6781005859
1156.04504395	6.30143737793
1156.33435059	53.556022644
1156.6237793	-35.9136543274
1156.91320801	-10.9912462234
1157.20251465	-5.47982358932
1157.49194336	20.9694423676
1157.78137207	-23.8010196686
1158.07067871	-0.921921133995
1158.36010742	2.21093797684
1158.64953613	-2.99214029312
1158.93896484	-7.63271856308
1159.22827148	10.562297821
1159.5177002	22.6507225037
1159.80712891	13.498913765
1160.09643555	-8.47159671783
1160.38586426	-25.7620773315
1160.67529297	-18.9675979614
1160.96459961	-8.53429985046
1161.25402832	-30.3643321991
1161.54345703	-54.6103782654
1161.83276367	-37.2937812805
1162.12219238	-17.7966632843
1162.41162109	21.3108043671
1162.70092773	-9.37992095947
1162.99035645	16.6372146606
1163.27978516	41.607963562
1163.5690918	-2.81860041618
1163.85852051	2.60185623169
1164.14794922	45.9158668518
1164.43725586	13.255903244
1164.72668457	4.57235622406
1165.01611328	9.0323638916
1165.30541992	19.7425174713
1165.59484863	9.20398902893
1165.88427734	12.2089185715
1166.17358398	19.68567276
1166.4630127	3.27751684189
1166.75244141	11.8957271576
1167.04174805	20.8143768311
1167.33117676	22.9799499512
1167.62060547	17.8017749786
1167.90991211	27.8854618073
1168.19934082	17.707775116
1168.48876953	5.61162996292
1168.77807617	7.3501033783
1169.06750488	2.43413424492
1169.35693359	41.1294937134
1169.6463623	37.3814926147
1169.93566895	22.057466507
1170.22509766	17.6732349396
1170.51452637	24.344669342
1170.80383301	60.9454460144
1171.09326172	49.473323822
1171.38269043	52.5466156006
1171.67199707	51.6874313354
1171.96142578	20.8964633942
1172.25085449	12.6889896393
1172.54016113	5.65842008591
1172.82958984	35.9445991516
1173.11901855	49.7449378967
1173.4083252	25.5200328827
1173.69775391	38.1392211914
1173.98718262	39.1060638428
1174.27648926	42.3005905151
1174.56591797	21.0154819489
1174.85534668	44.3036155701
1175.14465332	52.1573867798
1175.43408203	43.8803901672
1175.72351074	63.6009483337
1176.01281738	44.3566398621
1176.30224609	28.9292526245
1176.5916748	42.6966896057
1176.88098145	46.3796272278
1177.17041016	47.9761619568
1177.45983887	57.3515090942
1177.74914551	49.6511459351
1178.03857422	54.0416297913
1178.32800293	94.9399261475
1178.61730957	33.9099693298
1178.90673828	31.3136367798
1179.19616699	9.85890579224
1179.48547363	28.7493610382
1179.77490234	35.2379875183
1180.06433105	51.2827682495
1180.3536377	41.2796707153
1180.64306641	52.6921272278
1180.93249512	53.733001709
1181.22192383	32.624458313
1181.51123047	43.1364974976
1181.80065918	47.7139930725
1182.09008789	58.653793335
1182.37939453	37.4856567383
1182.66882324	15.011879921
1182.95825195	20.3169136047
1183.24755859	44.1072731018
1183.5369873	31.1725597382
1183.82641602	54.3262252808
1184.11572266	61.8949050903
1184.40515137	25.0251350403
1184.69458008	45.469329834
1184.98388672	33.1644744873
1185.27331543	29.0954837799
1185.56274414	73.7432937622
1185.85205078	69.415977478
1186.14147949	47.7600708008
1186.4309082	56.7438163757
1186.72021484	53.8373947144
1187.00964355	41.5081520081
1187.29907227	55.0265655518
1187.58837891	46.7934875488
1187.87780762	39.8382644653
1188.16723633	49.8454475403
1188.45654297	27.0606117249
1188.74597168	47.4227752686
1189.03540039	21.0681400299
1189.32470703	46.4493179321
1189.61413574	69.0619735718
1189.90356445	51.834777832
1190.19287109	55.3414459229
1190.4822998	44.2016563416
1190.77172852	48.1028785706
1191.06103516	72.2775192261
1191.35046387	69.2646789551
1191.63989258	26.2376804352
1191.92932129	46.305896759
1192.21862793	39.1944007874
1192.50805664	43.4676971436
1192.79748535	54.8381614685
1193.08679199	49.9864311218
1193.3762207	49.8529853821
1193.66564941	31.1213989258
1193.95495605	48.7076568604
1194.24438477	58.1303672791
1194.53381348	61.0696792603
1194.82312012	55.6661872864
1195.11254883	63.4634094238
1195.40197754	63.49451828
1195.69128418	65.6115341187
1195.98071289	47.9883499146
1196.2701416	42.7084197998
1196.55944824	73.1506347656
1196.84887695	55.2847709656
1197.13830566	51.0121688843
1197.4276123	62.0183448792
1197.71704102	63.9220123291
1198.00646973	63.6948204041
1198.29577637	60.3577384949
1198.58520508	47.8468551636
1198.87463379	37.7627258301
1199.16394043	51.3792572021
1199.45336914	58.6213035583
1199.74279785	47.5850296021
1200.03210449	57.7518539429
1200.3215332	51.2639160156
1200.61096191	34.3853569031
1200.90026855	38.0165367126
1201.18969727	50.5784072876
1201.47912598	37.2266998291
1201.76843262	35.8656921387
1202.05786133	42.3797111511
1202.34729004	50.0187301636
1202.63659668	63.6757888794
1202.92602539	60.6307220459
1203.2154541	22.4186668396
1203.50488281	43.3277053833
1203.79418945	58.4549789429
1204.08361816	56.1662635803
1204.37304688	54.3502006531
1204.66235352	50.9345054626
1204.95178223	24.4499893188
1205.24121094	78.3267974854
1205.53051758	81.0209655762
1205.81994629	61.9607658386
1206.109375	57.0714645386
1206.39868164	43.4204177856
1206.68811035	45.1019172668
1206.97753906	51.7004051208
1207.2668457	28.1851005554
1207.55627441	49.8255844116
1207.84570313	46.1315956116
1208.13500977	65.6118927002
1208.42443848	57.8724937439
1208.71386719	86.8166885376
1209.00317383	42.6382980347
1209.29260254	41.9540748596
1209.58203125	22.7434825897
1209.87133789	44.9898948669
1210.1607666	51.2343826294
1210.45019531	46.9593391418
1210.73950195	30.0534076691
1211.02893066	75.6274871826
1211.31835938	59.3485336304
1211.60766602	71.3571548462
1211.89709473	33.9292793274
1212.18652344	19.7284526825
1212.47583008	21.1565074921
1212.76525879	40.0704269409
1213.0546875	54.6571998596
1213.34399414	49.9661140442
1213.63342285	37.5890159607
1213.92285156	19.3628005981
1214.2121582	10.908531189
1214.50158691	78.7731323242
1214.79101563	56.1948699951
1215.08044434	51.9471664429
1215.36975098	56.7746353149
1215.65917969	43.0757637024
1215.9486084	23.4398784637
1216.23791504	37.0163726807
1216.52734375	53.7691574097
1216.81677246	67.0717544556
1217.1060791	63.5061531067
1217.39550781	57.4430236816
1217.68493652	64.7788162231
1217.97424316	43.1717147827
1218.26367188	48.9489173889
1218.55310059	55.8613739014
1218.84240723	45.6072998047
1219.13183594	61.7223892212
1219.42126465	47.8330879211
1219.71057129	44.5502052307
1220	63.4465484619
1220.28942871	18.6314640045
1220.57873535	39.1664505005
1220.86816406	39.2585945129
1221.15759277	29.9444885254
1221.44689941	49.9067230225
1221.73632813	56.619468689
1222.02575684	47.4821205139
1222.31506348	38.7055854797
1222.60449219	37.3680419922
1222.8939209	46.6852836609
1223.18322754	45.0308151245
1223.47265625	34.954990387
1223.76208496	32.6643218994
1224.0513916	26.7476501465
1224.34082031	40.1044425964
1224.63024902	53.1985359192
1224.91955566	45.156375885
1225.20898438	26.21043396
1225.49841309	49.8133201599
1225.7878418	16.2418880463
1226.07714844	62.3047065735
1226.36657715	43.9637451172
1226.65600586	31.8898735046
1226.9453125	30.6982975006
1227.23474121	39.9359474182
1227.52416992	38.8635406494
1227.81347656	24.9991149902
1228.10290527	39.4379386902
1228.39233398	38.5544967651
1228.68164063	23.0509090424
1228.97106934	38.2568206787
1229.26049805	34.0955467224
1229.54980469	33.552898407
1229.8392334	32.8618354797
1230.12866211	24.6688251495
1230.41796875	39.152053833
1230.70739746	56.221736908
1230.99682617	61.7054824829
1231.28613281	49.8434944153
1231.57556152	39.9566345215
1231.86499023	54.8588371277
1232.15429688	59.0783958435
1232.44372559	48.3316726685
1232.7331543	22.3105335236
1233.02246094	79.063293457
1233.31188965	72.732093811
1233.60131836	76.2920150757
1233.890625	52.700050354
1234.18005371	52.1603546143
1234.46948242	51.4995689392
1234.75878906	30.89295578
1235.04821777	41.423576355
1235.33764648	32.0967712402
1235.62695313	25.3285369873
1235.91638184	18.6955833435
1236.20581055	28.901008606
1236.49511719	50.2235946655
1236.7845459	56.6228637695
1237.07397461	72.3058319092
1237.36340332	102.535667419
1237.65270996	87.899269104
1237.94213867	65.9127960205
1238.23156738	68.6919555664
1238.52087402	43.7567253113
1238.81030273	54.829826355
1239.09973145	43.3233375549
1239.38903809	49.4349822998
1239.6784668	33.0178489685
1239.96789551	50.365852356
1240.25720215	63.2074813843
1240.54663086	46.770816803
1240.83605957	53.2726249695
1241.12536621	35.1923789978
1241.41479492	60.8792495728
1241.70422363	65.114944458
1241.99353027	45.9619483948
1242.28295898	52.2088737488
1242.5723877	50.6769943237
1242.86169434	72.9414749146
1243.15112305	44.9960212708
1243.44055176	58.251247406
1243.7298584	58.7071342468
1244.01928711	69.0824813843
1244.30871582	44.4939613342
1244.59802246	32.3224067688
1244.88745117	64.6235351563
1245.17687988	44.7620620728
1245.46618652	42.9923629761
1245.75561523	55.466342926
1246.04504395	41.3929595947
1246.33435059	59.1130027771
1246.6237793	47.2398147583
1246.91320801	44.4325447083
1247.20251465	46.0847206116
1247.49194336	61.8794975281
1247.78137207	63.1137313843
1248.07067871	70.4255752563
1248.36010742	76.6808013916
1248.64953613	70.689453125
1248.93896484	44.426612854
1249.22827148	53.0177536011
1249.5177002	45.4131202698
1249.80712891	55.651260376
1250.09643555	73.0597839355
1250.38586426	83.3862991333
1250.67529297	63.506275177
1250.96459961	54.9743690491
1251.25402832	73.151473999
1251.54345703	86.2626571655
1251.83276367	93.2790908813
1252.12219238	57.7130317688
1252.41162109	44.5395507813
1252.70092773	67.7747344971
1252.99035645	68.6647262573
1253.27978516	49.4180030823
1253.5690918	62.4925422668
1253.85852051	84.9465026855
1254.14794922	72.0757522583
1254.43725586	65.0638656616
1254.72668457	82.4089431763
1255.01611328	56.321395874
1255.30541992	73.0023803711
1255.59484863	74.3577041626
1255.88427734	102.674949646
1256.17358398	86.6752700806
1256.4630127	81.4109649658
1256.75244141	88.6144332886
1257.04174805	104.537117004
1257.33117676	119.2342453
1257.62060547	105.475311279
1257.90991211	80.7729949951
1258.19934082	105.745506287
1258.48876953	106.23072052
1258.77807617	127.569908142
1259.06750488	106.220153809
1259.35693359	93.6706924438
1259.6463623	98.5509262085
1259.93566895	96.7465591431
1260.22509766	97.6160430908
1260.51452637	105.230155945
1260.80383301	83.8354568481
1261.09326172	112.322135925
1261.38269043	104.732147217
1261.67199707	135.940963745
1261.96142578	136.23135376
1262.25085449	134.522216797
1262.54016113	115.579185486
1262.82958984	133.623962402
1263.11901855	115.723426819
1263.4083252	110.277458191
1263.69775391	118.790016174
1263.98718262	144.712234497
1264.27648926	129.123199463
1264.56591797	112.623054504
1264.85534668	121.85533905
1265.14465332	137.752624512
1265.43408203	125.750534058
1265.72351074	123.986228943
1266.01281738	115.199440002
1266.30224609	121.180259705
1266.5916748	158.464294434
1266.88098145	138.800552368
1267.17041016	143.60168457
1267.45983887	183.911590576
1267.74914551	174.011520386
1268.03857422	178.108551025
1268.32800293	159.35987854
1268.61730957	165.328948975
1268.90673828	157.312683105
1269.19616699	173.174850464
1269.48547363	156.30065918
1269.77490234	161.569076538
1270.06433105	157.419998169
1270.3536377	172.682037354
1270.64306641	181.665298462
1270.93249512	176.77355957
1271.22192383	151.289031982
1271.51123047	178.091598511
1271.80065918	172.863922119
1272.09008789	200.455093384
1272.37939453	185.177093506
1272.66882324	178.93572998
1272.95825195	198.509811401
1273.24755859	176.091674805
1273.5369873	186.809799194
1273.82641602	165.733963013
1274.11572266	187.473052979
1274.40515137	211.099868774
1274.69458008	194.299438477
1274.98388672	227.961380005
1275.27331543	219.850387573
1275.56274414	212.759429932
1275.85205078	220.424789429
1276.14147949	229.373382568
1276.4309082	233.585647583
1276.72021484	231.528335571
1277.00964355	214.926635742
1277.29907227	188.369857788
1277.58837891	278.676818848
1277.87780762	211.406173706
1278.16723633	237.863052368
1278.45654297	216.712982178
1278.74597168	217.114212036
1279.03540039	212.117492676
1279.32470703	210.515258789
1279.61413574	244.189437866
1279.90356445	256.337738037
1280.19287109	230.889816284
1280.4822998	245.59085083
1280.77172852	251.360717773
1281.06103516	268.310760498
1281.35046387	281.336975098
1281.63989258	276.636627197
1281.92932129	275.077911377
1282.21862793	274.591400146
1282.50805664	208.263626099
1282.79748535	233.019836426
1283.08679199	300.974731445
1283.3762207	292.756835938
1283.66564941	315.394866943
1283.95495605	313.530914307
1284.24438477	315.683624268
1284.53381348	298.049194336
1284.82312012	303.960662842
1285.11254883	318.660705566
1285.40197754	326.656646729
1285.69128418	332.266357422
1285.98071289	358.44442749
1286.2701416	318.710876465
1286.55944824	300.619903564
1286.84887695	327.776000977
1287.13830566	351.92578125
1287.4276123	354.590637207
1287.71704102	343.464508057
1288.00646973	356.705108643
1288.29577637	348.543304443
1288.58520508	340.778045654
1288.87463379	346.073303223
1289.16394043	317.888549805
1289.45336914	346.850341797
1289.74279785	362.346282959
1290.03210449	332.13861084
1290.3215332	377.320098877
1290.61096191	375.070922852
1290.90026855	364.658660889
1291.18969727	395.607727051
1291.47912598	412.905914307
1291.76843262	398.37109375
1292.05786133	414.695648193
1292.34729004	387.352752686
1292.63659668	417.615753174
1292.92602539	371.690307617
1293.2154541	414.963134766
1293.50488281	418.327728271
1293.79418945	382.774353027
1294.08361816	398.465606689
1294.37304688	422.557739258
1294.66235352	426.836395264
1294.95178223	433.108215332
1295.24121094	439.477722168
1295.53051758	453.939453125
1295.81994629	423.198577881
1296.109375	415.327850342
1296.39868164	424.448272705
1296.68811035	426.611724854
1296.97753906	409.615478516
1297.2668457	445.02154541
1297.55627441	410.221130371
1297.84570313	489.975372314
1298.13500977	444.779418945
1298.42443848	462.080047607
1298.71386719	455.674133301
1299.00317383	462.827789307
1299.29260254	454.795898438
1299.58203125	437.055023193
1299.87133789	456.85760498
1300.1607666	459.334991455
1300.45019531	441.191802979
1300.73950195	443.829315186
1301.02893066	453.259338379
1301.31835938	474.864196777
1301.60766602	504.669677734
1301.89709473	460.022094727
1302.18652344	483.137176514
1302.47583008	478.917755127
1302.76525879	461.481109619
1303.0546875	452.219726563
1303.34399414	482.327484131
1303.63342285	478.98260498
1303.92285156	493.253448486
1304.2121582	488.899291992
1304.50158691	498.363494873
1304.79101563	495.089416504
1305.08044434	488.227478027
1305.36975098	491.750244141
1305.65917969	475.906860352
1305.9486084	484.157196045
1306.23791504	437.229766846
1306.52734375	476.143218994
1306.81677246	464.70703125
1307.1060791	477.614593506
1307.39550781	463.370300293
1307.68493652	480.706085205
1307.97424316	486.606323242
1308.26367188	467.631561279
1308.55310059	469.40045166
1308.84240723	473.906158447
1309.13183594	479.451416016
1309.42126465	444.814086914
1309.71057129	445.700622559
1310	455.890899658
1310.28942871	445.190093994
1310.57873535	475.740203857
1310.86816406	460.230804443
1311.15759277	418.733581543
1311.44689941	435.170410156
1311.73632813	446.063842773
1312.02575684	440.225799561
1312.31506348	409.177307129
1312.60449219	404.682037354
1312.8939209	437.760986328
1313.18322754	440.642669678
1313.47265625	407.254333496
1313.76208496	392.840118408
1314.0513916	379.017211914
1314.34082031	413.554656982
1314.63024902	405.136566162
1314.91955566	418.391265869
1315.20898438	407.104492188
1315.49841309	399.26159668
1315.7878418	405.721405029
1316.07714844	401.784240723
1316.36657715	367.228424072
1316.65600586	368.214111328
1316.9453125	381.100189209
1317.23474121	362.880310059
1317.52416992	349.025665283
1317.81347656	342.536254883
1318.10290527	361.677215576
1318.39233398	347.130706787
1318.68164063	386.86831665
1318.97106934	353.42578125
1319.26049805	356.341674805
1319.54980469	359.438171387
1319.8392334	352.562561035
1320.12866211	317.546295166
1320.41796875	321.453338623
1320.70739746	353.54989624
1320.99682617	334.308044434
1321.28613281	318.542755127
1321.57556152	310.661254883
1321.86499023	319.126922607
1322.15429688	322.855285645
1322.44372559	308.507476807
1322.7331543	311.38671875
1323.02246094	277.831390381
1323.31188965	311.749206543
1323.60131836	275.468322754
1323.890625	298.432495117
1324.18005371	297.564178467
1324.46948242	292.055267334
1324.75878906	279.23526001
1325.04821777	282.154571533
1325.33764648	284.483520508
1325.62695313	311.741638184
1325.91638184	303.710266113
1326.20581055	289.585113525
1326.49511719	294.951171875
1326.7845459	252.01449585
1327.07397461	277.922058105
1327.36340332	285.277893066
1327.65270996	262.644897461
1327.94213867	294.504638672
1328.23156738	260.027923584
1328.52087402	253.397872925
1328.81030273	235.861587524
1329.09973145	268.87512207
1329.38903809	251.573196411
1329.6784668	258.103820801
1329.96789551	265.578277588
1330.25720215	236.588363647
1330.54663086	224.998382568
1330.83605957	233.021682739
1331.12536621	264.553253174
1331.41479492	234.852905273
1331.70422363	214.856674194
1331.99353027	259.641174316
1332.28295898	244.069747925
1332.5723877	202.810317993
1332.86169434	215.414642334
1333.15112305	200.696243286
1333.44055176	210.842102051
1333.7298584	219.169570923
1334.01928711	217.031723022
1334.30871582	220.674163818
1334.59802246	244.023117065
1334.88745117	241.413604736
1335.17687988	189.065307617
1335.46618652	260.845428467
1335.75561523	209.881408691
1336.04504395	202.339767456
1336.33435059	162.235107422
1336.6237793	224.321380615
1336.91320801	211.347610474
1337.20251465	186.479766846
1337.49194336	225.647598267
1337.78137207	213.259750366
1338.07067871	196.824523926
1338.36010742	208.136398315
1338.64953613	206.595245361
1338.93896484	213.056030273
1339.22827148	190.805374146
1339.5177002	221.102600098
1339.80712891	198.419845581
1340.09643555	154.337646484
1340.38586426	146.507415771
1340.67529297	169.984329224
1340.96459961	161.109161377
1341.25402832	156.565078735
1341.54345703	163.194320679
1341.83276367	176.004699707
1342.12219238	174.61100769
1342.41162109	151.794464111
1342.70092773	148.536972046
1342.99035645	140.819534302
1343.27978516	152.555725098
1343.5690918	171.215713501
1343.85852051	169.646240234
1344.14794922	161.457626343
1344.43725586	152.34513855
1344.72668457	164.502227783
1345.01611328	161.405899048
1345.30541992	144.79586792
1345.59484863	136.118972778
1345.88427734	145.948898315
1346.17358398	145.669921875
1346.4630127	154.778671265
1346.75244141	151.621795654
1347.04174805	166.346221924
1347.33117676	137.673721313
1347.62060547	120.371826172
1347.90991211	118.062088013
1348.19934082	131.057067871
1348.48876953	109.583282471
1348.77807617	121.414657593
1349.06750488	129.158172607
1349.35693359	96.4505081177
1349.6463623	87.2662811279
1349.93566895	130.025390625
1350.22509766	127.515487671
1350.51452637	115.547080994
1350.80383301	86.0420303345
1351.09326172	96.4237213135
1351.38269043	98.5895996094
1351.67199707	104.580154419
1351.96142578	111.070243835
1352.25085449	120.876747131
1352.54016113	89.0469818115
1352.82958984	87.2460632324
1353.11901855	73.5911331177
1353.4083252	78.0572738647
1353.69775391	78.1850662231
1353.98718262	77.6287689209
1354.27648926	98.466003418
1354.56591797	97.808631897
1354.85534668	100.190818787
1355.14465332	82.3962097168
1355.43408203	99.6807403564
1355.72351074	70.8583297729
1356.01281738	70.3747634888
1356.30224609	39.7896614075
1356.5916748	71.3871765137
1356.88098145	84.6731414795
1357.17041016	73.2682113647
1357.45983887	47.2080116272
1357.74914551	34.2708320618
1358.03857422	83.167175293
1358.32800293	66.320350647
1358.61730957	45.9256515503
1358.90673828	70.3864517212
1359.19616699	18.5830841064
1359.48547363	33.106842041
1359.77490234	46.8440055847
1360.06433105	80.2139816284
1360.3536377	71.6981887817
1360.64306641	59.1907196045
1360.93249512	50.5563011169
1361.22192383	61.7177772522
1361.51123047	57.827960968
1361.80065918	73.4918823242
1362.09008789	75.154335022
1362.37939453	83.2015304565
1362.66882324	-10.8015384674
1362.95825195	25.0640411377
1363.24755859	43.540435791
1363.5369873	72.986579895
1363.82641602	45.2090988159
1364.11572266	35.1137123108
1364.40515137	52.5027313232
1364.69458008	40.1539573669
1364.98388672	35.4120903015
1365.27331543	64.1336288452
1365.56274414	65.0748901367
1365.85205078	30.8510894775
1366.14147949	60.0164756775
1366.4309082	-6.62185049057
1366.72021484	34.6362800598
1367.00964355	62.6278381348
1367.29907227	30.0764274597
1367.58837891	40.6392478943
1367.87780762	17.7450618744
1368.16723633	9.23368930817
1368.45654297	-2.36804151535
1368.74597168	7.73044919968
1369.03540039	34.570640564
1369.32470703	28.1134395599
1369.61413574	49.66065979
1369.90356445	-14.2193641663
1370.19287109	20.2960929871
1370.4822998	11.6397008896
1370.77172852	30.3563556671
1371.06103516	25.9460296631
1371.35046387	30.531337738
1371.63989258	13.9052190781
1371.92932129	14.7170886993
1372.21862793	25.8653583527
1372.50805664	23.780254364
1372.79748535	30.1306991577
1373.08679199	33.8326797485
1373.3762207	24.8818531036
1373.66564941	-15.7081327438
1373.95495605	1.55146431923
1374.24438477	29.2944869995
1374.53381348	45.2660255432
1374.82312012	27.1994495392
1375.11254883	8.33065509796
1375.40197754	8.66205596924
1375.69128418	33.0681381226
1375.98071289	47.4000282288
1376.2701416	47.518535614
1376.55944824	57.1614341736
1376.84887695	66.6095352173
1377.13830566	26.3647632599
1377.4276123	6.92709541321
1377.71704102	13.3097658157
1378.00646973	13.9727096558
1378.29577637	6.59217023849
1378.58520508	37.9435920715
1378.87463379	55.0962791443
1379.16394043	24.1029472351
1379.45336914	47.9690170288
1379.74279785	22.8975868225
1380.03210449	20.9267139435
1380.3215332	56.1897544861
1380.61096191	52.2540664673
1380.90026855	33.1113204956
1381.18969727	42.5418434143
1381.47912598	36.2301750183
1381.76843262	35.6323509216
1382.05786133	48.6234207153
1382.34729004	35.128162384
1382.63659668	59.0576820374
1382.92602539	103.1146698
1383.2154541	32.2048568726
1383.50488281	58.0928993225
1383.79418945	35.1913642883
1384.08361816	53.6443481445
1384.37304688	38.9420547485
1384.66235352	39.5346603394
1384.95178223	32.9935035706
1385.24121094	16.5021495819
1385.53051758	20.5283489227
1385.81994629	51.8035964966
1386.109375	19.3298225403
1386.39868164	51.2339515686
1386.68811035	30.5697460175
1386.97753906	36.8113021851
1387.2668457	37.8340835571
1387.55627441	59.7675361633
1387.84570313	24.432434082
1388.13500977	61.5509185791
1388.42443848	53.3354415894
1388.71386719	72.032081604
1389.00317383	62.6530036926
1389.29260254	33.1772766113
1389.58203125	45.26795578
1389.87133789	26.6535282135
1390.1607666	42.0444984436
1390.45019531	77.7479705811
1390.73950195	76.3884277344
1391.02893066	61.7457046509
1391.31835938	58.4296455383
1391.60766602	48.6003761292
1391.89709473	35.7960357666
1392.18652344	40.1098594666
1392.47583008	50.8845901489
1392.76525879	25.5289802551
1393.0546875	62.8633117676
1393.34399414	66.3904876709
1393.63342285	110.249717712
1393.92285156	80.7310256958
1394.2121582	60.5560493469
1394.50158691	63.2102050781
1394.79101563	57.3726615906
1395.08044434	62.4970283508
1395.36975098	73.7214736938
1395.65917969	71.2149810791
1395.9486084	92.1743087769
1396.23791504	83.5413284302
1396.52734375	72.2892379761
1396.81677246	76.5112609863
1397.1060791	62.8650970459
1397.39550781	111.579795837
1397.68493652	85.2241897583
1397.97424316	68.8001937866
1398.26367188	75.6799316406
1398.55310059	94.0123062134
1398.84240723	77.1600875854
1399.13183594	82.2151260376
1399.42126465	90.5645904541
1399.71057129	84.0224304199
1400	106.464668274
