500	-0.327170461416
500.289398193	-16.0476551056
500.578765869	-15.2684822083
500.868164063	-24.0834503174
501.157562256	-34.690410614
501.446960449	-33.5102577209
501.736328125	-26.5230789185
502.025726318	-19.6747150421
502.315124512	-12.8781108856
502.604492188	-30.7974243164
502.893890381	11.1468858719
503.183288574	-5.24083471298
503.47265625	-9.17919158936
503.762054443	-34.2954292297
504.051452637	-3.43290495872
504.34085083	13.9159460068
504.630218506	6.66484546661
504.919616699	4.29421424866
505.209014893	-0.678956091404
505.498382568	-13.4193143845
505.787780762	10.6807575226
506.077178955	-11.5443658829
506.366546631	-6.78252696991
506.655944824	36.7623672485
506.945343018	26.0999889374
507.234741211	25.2357063293
507.524108887	16.6642932892
507.81350708	15.3288183212
508.102905273	31.5968589783
508.392272949	49.6482467651
508.681671143	46.9114074707
508.971069336	29.6933631897
509.260437012	47.5858154297
509.549835205	66.7896499634
509.839233398	2.43976902962
510.128631592	25.5376434326
510.417999268	64.3724822998
510.707397461	39.801410675
510.996795654	20.868522644
511.28616333	25.8923244476
511.575561523	36.6725730896
511.864959717	37.479675293
512.15435791	29.7213478088
512.443725586	40.4739112854
512.733093262	55.684967041
513.022521973	14.0512514114
513.311889648	27.1641635895
513.601257324	21.0531997681
513.890686035	36.7515144348
514.180053711	47.7174568176
514.469482422	21.7292461395
514.758850098	9.87536239624
515.048217773	42.4248008728
515.337646484	68.9236526489
515.62701416	44.7113685608
515.916381836	15.2307758331
516.205810547	13.6515026093
516.495178223	37.147228241
516.784545898	25.0081882477
517.073974609	22.3290615082
517.363342285	37.6158027649
517.652709961	40.5817451477
517.942138672	28.1474895477
518.231506348	20.2633323669
518.520874023	22.6128177643
518.810302734	31.7867183685
519.09967041	50.9467506409
519.389038086	57.7500915527
519.678466797	10.9122753143
519.967834473	11.6584892273
520.257263184	63.4605636597
520.546630859	41.1557502747
520.835998535	37.3599739075
521.125427246	36.3446655273
521.414794922	25.1047954559
521.704162598	0.745539963245
521.993591309	-6.6555109024
522.282958984	28.4461727142
522.57232666	63.2907752991
522.861755371	44.6006622314
523.151123047	51.4589347839
523.440490723	41.5474357605
523.729919434	51.6229476929
524.019287109	26.8257026672
524.308654785	13.9701108932
524.598083496	20.3754558563
524.887451172	40.8702049255
525.176818848	49.102016449
525.466247559	36.4656143188
525.755615234	17.5165138245
526.045043945	9.98973083496
526.334411621	33.5062103271
526.623779297	38.8967094421
526.913208008	43.6868209839
527.202575684	31.0013942719
527.491943359	49.1318855286
527.78137207	19.6798095703
528.070739746	20.2016582489
528.360107422	25.8472862244
528.649536133	35.3239212036
528.938903809	31.0205745697
529.228271484	15.123966217
529.517700195	32.3054351807
529.807067871	42.8023796082
530.096435547	47.0986442566
530.385864258	17.8199081421
530.675231934	31.6227626801
530.964660645	46.6199035645
531.25402832	10.9691467285
531.543395996	26.431180954
531.832824707	23.7176303864
532.122192383	17.2255630493
532.411560059	35.1558570862
532.70098877	47.4440155029
532.990356445	30.2556610107
533.279724121	12.2433290482
533.569152832	25.2177677155
533.858520508	8.79479122162
534.147888184	-2.45435595512
534.437316895	11.1079721451
534.72668457	39.3915405273
535.016052246	24.2068462372
535.305480957	4.41175174713
535.594848633	-4.4611749649
535.884216309	14.3992967606
536.17364502	21.7111358643
536.463012695	-1.51823544502
536.752441406	16.3707523346
537.041809082	21.7197494507
537.331176758	20.5697231293
537.620605469	18.5549030304
537.909973145	5.52108812332
538.19934082	-1.82742452621
538.488769531	7.96195411682
538.778137207	-4.07942914963
539.067504883	-0.954553246498
539.356933594	11.0203723907
539.64630127	24.9394378662
539.935668945	20.276227951
540.225097656	-16.0786800385
540.514465332	-7.18280792236
540.803833008	-0.736642718315
541.093261719	-5.9497051239
541.382629395	31.3553466797
541.67199707	9.92797660828
541.961425781	22.6741428375
542.250793457	23.9315872192
542.540222168	14.8608579636
542.829589844	25.1668872833
543.11895752	10.451675415
543.40838623	-10.0213975906
543.697753906	7.10347890854
543.987121582	-0.219398960471
544.276550293	-5.74129962921
544.565917969	17.6186847687
544.855285645	18.9171447754
545.144714355	28.1208305359
545.434082031	21.0835971832
545.723449707	18.4833755493
546.012878418	9.78447246552
546.302246094	-15.3050069809
546.59161377	-18.4940948486
546.88104248	4.13512706757
547.170410156	12.0768976212
547.459777832	1.36925411224
547.749206543	7.14593744278
548.038574219	0.937561810017
548.32800293	14.8731813431
548.617370605	6.40015649796
548.906738281	-5.28771162033
549.196166992	30.3629951477
549.485534668	24.6878223419
549.774902344	-12.6719198227
550.064331055	-12.2758522034
550.35369873	6.98037195206
550.643066406	1.43483769894
550.932495117	-10.6131858826
551.221862793	0.565645396709
551.511230469	8.10922241211
551.80065918	2.46671676636
552.090026855	-20.9772548676
552.379394531	-14.119468689
552.668823242	-12.4377555847
552.958190918	-11.1170787811
553.247558594	24.7717132568
553.536987305	3.82598471642
553.82635498	4.4149723053
554.115783691	12.376958847
554.405151367	15.1922645569
554.694519043	15.1198749542
554.983947754	10.020825386
555.27331543	47.4149894714
555.562683105	34.0999221802
555.852111816	48.9066352844
556.141479492	71.8884429932
556.430847168	30.8436450958
556.720275879	38.844203949
557.009643555	31.8577537537
557.29901123	39.4662704468
557.588439941	54.3330421448
557.877807617	38.878818512
558.167175293	18.7619953156
558.456604004	16.6324272156
558.74597168	6.65410232544
559.035339355	1.45169746876
559.324768066	14.751824379
559.614135742	2.30503463745
559.903564453	40.0743980408
560.192932129	19.5602283478
560.482299805	27.9974708557
560.771728516	45.7783126831
561.061096191	45.1032485962
561.350463867	37.0407371521
561.639892578	22.7729930878
561.929260254	15.1389474869
562.21862793	9.90675830841
562.508056641	-5.92080068588
562.797424316	5.83040761948
563.086791992	64.3338165283
563.376220703	29.8482952118
563.665588379	22.8983325958
563.954956055	14.5960741043
564.244384766	50.015586853
564.533752441	26.1801242828
564.823181152	23.612575531
565.112548828	15.930434227
565.401916504	9.78344917297
565.691345215	9.36922073364
565.980712891	26.4617366791
566.270080566	36.2305259705
566.559509277	6.99354171753
566.848876953	18.3079833984
567.138244629	34.5955696106
567.42767334	26.7179603577
567.717041016	30.5170211792
568.006408691	33.7140312195
568.295837402	38.4111289978
568.585205078	14.8686361313
568.874572754	-1.61379754543
569.164001465	10.4773445129
569.453369141	4.62210798264
569.742736816	17.3332767487
570.032165527	38.847026825
570.321533203	10.8262634277
570.610961914	4.58757162094
570.90032959	10.8378038406
571.189697266	-15.553565979
571.479125977	41.7580337524
571.768493652	5.08224201202
572.057861328	7.95063781738
572.347290039	7.5408039093
572.636657715	22.7226772308
572.926025391	27.4030838013
573.215454102	40.0928611755
573.504821777	41.4114494324
573.794189453	54.127746582
574.083618164	64.2054595947
574.37298584	22.1197566986
574.662353516	20.7860031128
574.951782227	53.7047843933
575.241149902	55.2618980408
575.530517578	34.5538787842
575.819946289	47.9340858459
576.109313965	38.327381134
576.398742676	52.4531936646
576.688110352	38.3997154236
576.977478027	25.9353466034
577.266906738	22.8385009766
577.556274414	39.42735672
577.84564209	55.4070777893
578.135070801	40.4276657104
578.424438477	24.6063632965
578.713806152	38.3473205566
579.003234863	17.2724456787
579.292602539	35.5600318909
579.581970215	59.7426376343
579.871398926	48.7746963501
580.160766602	47.7900657654
580.450134277	44.7072906494
580.739562988	32.3821716309
581.028930664	27.8601875305
581.31829834	34.0452346802
581.607727051	36.7391586304
581.897094727	26.1170768738
582.186523438	21.1254558563
582.475891113	28.2094268799
582.765258789	20.8886146545
583.0546875	60.6399116516
583.344055176	25.1889724731
583.633422852	61.4792442322
583.922851563	26.595533371
584.212219238	49.750793457
584.501586914	70.6260223389
584.791015625	31.6141414642
585.080383301	48.5621261597
585.369750977	57.1343803406
585.659179688	48.1290855408
585.948547363	35.7089080811
586.237915039	30.9269142151
586.52734375	47.2695236206
586.816711426	33.4238052368
587.106079102	63.5712547302
587.395507813	56.6528778076
587.684875488	53.7231750488
587.974304199	71.893661499
588.263671875	60.0186538696
588.553039551	39.1360702515
588.842468262	53.8053398132
589.131835938	49.5589904785
589.421203613	37.774307251
589.710632324	30.4645729065
590	42.1134872437
590.289367676	60.3051223755
590.578796387	60.788356781
590.868164063	60.3845367432
591.157531738	52.2263221741
591.446960449	65.6450958252
591.736328125	48.9043655396
592.025695801	23.8865299225
592.315124512	11.7266960144
592.604492188	75.0599365234
592.893920898	96.5692901611
593.183288574	49.6959877014
593.47265625	39.0204391479
593.762084961	54.7080154419
594.051452637	69.5153808594
594.340820313	75.9785003662
594.630249023	68.0588989258
594.919616699	60.0125007629
595.208984375	51.0161514282
595.498413086	23.5345401764
595.787780762	79.8951263428
596.077148438	56.856048584
596.366577148	63.3014373779
596.655944824	56.8556251526
596.9453125	58.5821762085
597.234741211	83.9426040649
597.524108887	79.4506530762
597.813476563	65.3314971924
598.102905273	60.3525695801
598.392272949	50.1413764954
598.68170166	46.4036636353
598.971069336	62.3272361755
599.260437012	70.6074981689
599.549865723	76.4537658691
599.839233398	69.8189849854
600.128601074	48.4764442444
600.418029785	34.6032333374
600.707397461	74.3456497192
600.996765137	69.0814819336
601.286193848	50.7920074463
601.575561523	38.2590370178
601.864929199	46.9804573059
602.15435791	64.5166702271
602.443725586	63.6209068298
602.733093262	39.5542411804
603.022521973	45.5321044922
603.311889648	83.2711029053
603.601257324	66.311378479
603.890686035	38.0768356323
604.180053711	46.6295585632
604.469482422	54.8879356384
604.758850098	52.1913909912
605.048217773	36.3481178284
605.337646484	54.8564949036
605.62701416	72.9165420532
605.916381836	76.4902572632
606.205810547	41.8538627625
606.495178223	38.2666931152
606.784545898	44.5611152649
607.073974609	36.5607032776
607.363342285	49.3756332397
607.652709961	71.1749343872
607.942138672	54.5641746521
608.231506348	43.2157745361
608.520874023	43.7330970764
608.810302734	54.842792511
609.09967041	65.7783279419
609.389038086	60.2382774353
609.678466797	35.3904533386
609.967834473	64.3626098633
610.257263184	34.5714302063
610.546630859	22.7970027924
610.835998535	38.6612472534
611.125427246	50.9457511902
611.414794922	67.0680541992
611.704162598	67.9132537842
611.993591309	52.4057655334
612.282958984	55.9985275269
612.57232666	47.8041763306
612.861755371	76.0215377808
613.151123047	79.0828094482
613.440490723	51.2583312988
613.729919434	45.3694953918
614.019287109	15.6937007904
614.308654785	40.3291854858
614.598083496	67.0885391235
614.887451172	28.6129436493
615.176818848	26.0157642365
615.466247559	53.2275123596
615.755615234	51.5417098999
616.045043945	38.0622940063
616.334411621	48.3349876404
616.623779297	49.5764312744
616.913208008	31.734954834
617.202575684	58.5921211243
617.491943359	47.0247268677
617.78137207	74.4027328491
618.070739746	61.8150749207
618.360107422	60.7105712891
618.649536133	71.0587921143
618.938903809	67.378364563
619.228271484	57.7430992126
619.517700195	61.9123725891
619.807067871	78.1989440918
620.096435547	68.3019180298
620.385864258	57.0942420959
620.675231934	55.6042022705
620.964660645	51.423374176
621.25402832	56.4709320068
621.543395996	64.9032592773
621.832824707	74.6162338257
622.122192383	73.215057373
622.411560059	58.7675018311
622.70098877	85.84400177
622.990356445	62.0199737549
623.279724121	87.9012756348
623.569152832	68.6371994019
623.858520508	45.9962768555
624.147888184	68.653213501
624.437316895	70.5744400024
624.72668457	57.4852752686
625.016052246	67.4659423828
625.305480957	74.8756942749
625.594848633	76.1012268066
625.884216309	93.198348999
626.17364502	85.1977005005
626.463012695	75.5233306885
626.752441406	96.1838150024
627.041809082	118.318771362
627.331176758	116.069458008
627.620605469	98.0544052124
627.909973145	99.6998596191
628.19934082	80.4671478271
628.488769531	115.641792297
628.778137207	112.325088501
629.067504883	121.1824646
629.356933594	123.436698914
629.64630127	124.543334961
629.935668945	130.238845825
630.225097656	121.186683655
630.514465332	121.324813843
630.803833008	146.703430176
631.093261719	139.431533813
631.382629395	141.284515381
631.67199707	154.185592651
631.961425781	165.089477539
632.250793457	146.49079895
632.540222168	158.622970581
632.829589844	152.608016968
633.11895752	173.430480957
633.40838623	172.59487915
633.697753906	180.714691162
633.987121582	178.780319214
634.276550293	187.603408813
634.565917969	186.517166138
634.855285645	197.027618408
635.144714355	216.622192383
635.434082031	181.134094238
635.723449707	152.300552368
636.012878418	165.483261108
636.302246094	179.147262573
636.59161377	214.114990234
636.88104248	180.240081787
637.170410156	195.798858643
637.459777832	220.080551147
637.749206543	211.937332153
638.038574219	209.41847229
638.32800293	235.700302124
638.617370605	222.90435791
638.906738281	219.385986328
639.196166992	218.608734131
639.485534668	225.778106689
639.774902344	241.54246521
640.064331055	233.194656372
640.35369873	214.864273071
640.643066406	219.759979248
640.932495117	239.254455566
641.221862793	260.311035156
641.511230469	257.727508545
641.80065918	246.522994995
642.090026855	245.236312866
642.379394531	236.477966309
642.668823242	221.215118408
642.958190918	246.794647217
643.247558594	233.535568237
643.536987305	241.856948853
643.82635498	242.016799927
644.115783691	236.183883667
644.405151367	241.012451172
644.694519043	241.734313965
644.983947754	236.548858643
645.27331543	243.278060913
645.562683105	253.09928894
645.852111816	246.331069946
646.141479492	245.26461792
646.430847168	231.64175415
646.720275879	254.599365234
647.009643555	219.582962036
647.29901123	244.119522095
647.588439941	261.305633545
647.877807617	253.63104248
648.167175293	234.39440918
648.456604004	234.704071045
648.74597168	240.47013855
649.035339355	269.38659668
649.324768066	259.691833496
649.614135742	248.068267822
649.903564453	247.802963257
650.192932129	233.084655762
650.482299805	255.502334595
650.771728516	226.601531982
651.061096191	240.309494019
651.350463867	248.255981445
651.639892578	238.441360474
651.929260254	223.252105713
652.21862793	253.840927124
652.508056641	261.665222168
652.797424316	234.044570923
653.086791992	239.087249756
653.376220703	225.214767456
653.665588379	239.715698242
653.954956055	240.363098145
654.244384766	247.323394775
654.533752441	249.65953064
654.823181152	253.50604248
655.112548828	264.535522461
655.401916504	259.555267334
655.691345215	263.578552246
655.980712891	256.086303711
656.270080566	227.123855591
656.559509277	222.004058838
656.848876953	207.966171265
657.138244629	236.020080566
657.42767334	261.746490479
657.717041016	237.92489624
658.006408691	247.447067261
658.295837402	259.831176758
658.585205078	239.235671997
658.874572754	250.212188721
659.164001465	248.396835327
659.453369141	238.465881348
659.742736816	241.943374634
660.032165527	248.796234131
660.321533203	250.082565308
660.610961914	251.89440918
660.90032959	252.025466919
661.189697266	239.932403564
661.479125977	239.80015564
661.768493652	253.008117676
662.057861328	250.861587524
662.347290039	255.836517334
662.636657715	222.162887573
662.926025391	254.975341797
663.215454102	267.43661499
663.504821777	255.625274658
663.794189453	232.311019897
664.083618164	254.852600098
664.37298584	231.110610962
664.662353516	248.754608154
664.951782227	251.644821167
665.241149902	251.508544922
665.530517578	261.210388184
665.819946289	257.45803833
666.109313965	273.896453857
666.398742676	272.157287598
666.688110352	280.147247314
666.977478027	279.224334717
667.266906738	272.715881348
667.556274414	310.838623047
667.84564209	282.627868652
668.135070801	284.456817627
668.424438477	256.469726563
668.713806152	267.195007324
669.003234863	276.500030518
669.292602539	300.699188232
669.581970215	298.268463135
669.871398926	289.926025391
670.160766602	286.680389404
670.450134277	296.752105713
670.739562988	311.959716797
671.028930664	317.238464355
671.31829834	303.07824707
671.607727051	289.320037842
671.897094727	313.017028809
672.186523438	326.953613281
672.475891113	307.079315186
672.765258789	320.3956604
673.0546875	327.834472656
673.344055176	311.112487793
673.633422852	324.447662354
673.922851563	331.15524292
674.212219238	298.357849121
674.501586914	340.42590332
674.791015625	363.287811279
675.080383301	338.10244751
675.369750977	320.873657227
675.659179688	321.735534668
675.948547363	355.132232666
676.237915039	360.209320068
676.52734375	347.506774902
676.816711426	358.504516602
677.106079102	356.896789551
677.395507813	354.005523682
677.684875488	379.564575195
677.974304199	398.914245605
678.263671875	362.665679932
678.553039551	345.466888428
678.842468262	409.716003418
679.131835938	442.547973633
679.421203613	435.424407959
679.710632324	424.324859619
680	427.592407227
680.289367676	441.510070801
680.578796387	410.577789307
680.868164063	452.012786865
681.157531738	482.61505127
681.446960449	466.54675293
681.736328125	486.637298584
682.025695801	495.819122314
682.315124512	491.860229492
682.604492188	512.395080566
682.893920898	523.364868164
683.183288574	540.444213867
683.47265625	540.469299316
683.762084961	532.755493164
684.051452637	560.823547363
684.340820313	549.073791504
684.630249023	584.305786133
684.919616699	579.200500488
685.208984375	594.270019531
685.498413086	616.413696289
685.787780762	643.710754395
686.077148438	643.995605469
686.366577148	668.702697754
686.655944824	685.883117676
686.9453125	692.319335938
687.234741211	698.969299316
687.524108887	717.032470703
687.813476563	694.128417969
688.102905273	698.25592041
688.392272949	732.927001953
688.68170166	735.787902832
688.971069336	743.87701416
689.260437012	726.531982422
689.549865723	742.014953613
689.839233398	778.805664063
690.128601074	766.142822266
690.418029785	779.63848877
690.707397461	789.22265625
690.996765137	765.361999512
691.286193848	795.887512207
691.575561523	810.949707031
691.864929199	810.501647949
692.15435791	813.608642578
692.443725586	817.590820313
692.733093262	795.425476074
693.022521973	793.886962891
693.311889648	825.967224121
693.601257324	830.340026855
693.890686035	818.348388672
694.180053711	822.020446777
694.469482422	836.743652344
694.758850098	848.640869141
695.048217773	846.381286621
695.337646484	831.651367188
695.62701416	808.86541748
695.916381836	826.239685059
696.205810547	806.326171875
696.495178223	767.691101074
696.784545898	801.244995117
697.073974609	786.974609375
697.363342285	811.401062012
697.652709961	760.35534668
697.942138672	796.263122559
698.231506348	790.733093262
698.520874023	781.638549805
698.810302734	789.534118652
699.09967041	772.608520508
699.389038086	762.046264648
699.678466797	756.984313965
699.967834473	760.041137695
700.257263184	745.665283203
700.546630859	735.298278809
700.835998535	744.840454102
701.125427246	738.014343262
701.414794922	732.956420898
701.704162598	732.347290039
701.993591309	713.939147949
702.282958984	706.23815918
702.57232666	745.645080566
702.861755371	693.942077637
703.151123047	718.515014648
703.440490723	713.475158691
703.729919434	706.17010498
704.019287109	705.136108398
704.308654785	715.851135254
704.598083496	715.572875977
704.887451172	736.799621582
705.176818848	710.25201416
705.466247559	713.793579102
705.755615234	689.481262207
706.045043945	689.999450684
706.334411621	699.856079102
706.623779297	700.001281738
706.913208008	711.567260742
707.202575684	715.634887695
707.491943359	710.79864502
707.78137207	719.182495117
708.070739746	725.05670166
708.360107422	732.140869141
708.649536133	718.966674805
708.938903809	732.47467041
709.228271484	711.579345703
709.517700195	744.39050293
709.807067871	737.208068848
710.096435547	735.338623047
710.385864258	770.35333252
710.675231934	760.129882813
710.964660645	755.990844727
711.25402832	782.13067627
711.543395996	784.182128906
711.832824707	787.145141602
712.122192383	783.402648926
712.411560059	769.445800781
712.70098877	767.494689941
712.990356445	776.131652832
713.279724121	791.755859375
713.569152832	802.257873535
713.858520508	807.115478516
714.147888184	813.272399902
714.437316895	820.360412598
714.72668457	845.201904297
715.016052246	855.838317871
715.305480957	834.036682129
715.594848633	852.950439453
715.884216309	845.362243652
716.17364502	835.140625
716.463012695	847.589599609
716.752441406	845.24786377
717.041809082	850.088378906
717.331176758	893.756530762
717.620605469	861.685852051
717.909973145	877.750976563
718.19934082	858.111999512
718.488769531	841.979736328
718.778137207	858.781738281
719.067504883	850.344909668
719.356933594	844.935302734
719.64630127	887.189880371
719.935668945	895.607116699
720.225097656	888.636962891
720.514465332	889.09564209
720.803833008	859.37121582
721.093261719	848.153076172
721.382629395	862.789489746
721.67199707	860.552368164
721.961425781	896.62322998
722.250793457	878.590759277
722.540222168	844.232910156
722.829589844	881.949890137
723.11895752	860.681518555
723.40838623	860.939941406
723.697753906	861.335144043
723.987121582	839.380737305
724.276550293	839.298278809
724.565917969	818.421081543
724.855285645	830.055053711
725.144714355	810.20892334
725.434082031	792.646606445
725.723449707	791.540405273
726.012878418	784.040466309
726.302246094	766.708129883
726.59161377	768.412902832
726.88104248	778.184997559
727.170410156	736.071411133
727.459777832	726.94708252
727.749206543	744.449584961
728.038574219	733.438110352
728.32800293	730.293640137
728.617370605	710.711303711
728.906738281	706.644592285
729.196166992	694.312194824
729.485534668	653.057006836
729.774902344	672.221740723
730.064331055	642.171020508
730.35369873	639.382202148
730.643066406	622.568908691
730.932495117	569.556274414
731.221862793	596.71661377
731.511230469	589.347717285
731.80065918	580.77355957
732.090026855	575.726867676
732.379394531	548.867675781
732.668823242	543.89074707
732.958190918	520.77130127
733.247558594	523.363769531
733.536987305	506.442962646
733.82635498	521.455871582
734.115783691	524.107788086
734.405151367	484.807678223
734.694519043	479.226837158
734.983947754	477.716644287
735.27331543	437.18560791
735.562683105	434.659912109
735.852111816	442.426116943
736.141479492	403.835479736
736.430847168	404.685791016
736.720275879	382.93927002
737.009643555	368.978546143
737.29901123	394.276580811
737.588439941	383.013977051
737.877807617	388.111816406
738.167175293	350.442108154
738.456604004	396.540802002
738.74597168	330.082519531
739.035339355	296.244567871
739.324768066	336.304473877
739.614135742	327.588104248
739.903564453	324.549621582
740.192932129	295.415283203
740.482299805	289.115692139
740.771728516	301.207336426
741.061096191	278.109619141
741.350463867	274.054626465
741.639892578	246.027374268
741.929260254	242.16355896
742.21862793	253.187438965
742.508056641	253.951919556
742.797424316	234.384002686
743.086791992	215.564620972
743.376220703	221.6171875
743.665588379	230.106643677
743.954956055	228.289459229
744.244384766	218.006576538
744.533752441	206.645446777
744.823181152	185.98878479
745.112548828	190.094451904
745.401916504	192.489181519
745.691345215	184.314453125
745.980712891	182.334182739
746.270080566	178.821685791
746.559509277	178.123275757
746.848876953	172.097351074
747.138244629	156.603652954
747.42767334	181.540496826
747.717041016	162.284347534
748.006408691	178.797485352
748.295837402	153.059524536
748.585205078	129.140045166
748.874572754	135.959579468
749.164001465	140.696228027
749.453369141	141.399307251
749.742736816	121.573570251
750.032165527	106.840499878
750.321533203	114.041381836
750.610961914	124.550743103
750.90032959	116.378082275
751.189697266	112.316757202
751.479125977	120.357368469
751.768493652	119.335586548
752.057861328	129.044525146
752.347290039	133.910568237
752.636657715	101.991088867
752.926025391	101.229568481
753.215454102	100.138580322
753.504821777	82.4534759521
753.794189453	107.495666504
754.083618164	104.379043579
754.37298584	95.1731872559
754.662353516	73.9458465576
754.951782227	82.6727294922
755.241149902	86.4036407471
755.530517578	86.4272766113
755.819946289	81.0608978271
756.109313965	50.9004516602
756.398742676	62.114402771
756.688110352	62.6043434143
756.977478027	73.3027801514
757.266906738	46.7730789185
757.556274414	55.9402656555
757.84564209	68.2099914551
758.135070801	54.6402511597
758.424438477	54.5139808655
758.713806152	48.885269165
759.003234863	46.9627418518
759.292602539	55.6118659973
759.581970215	49.8557128906
759.871398926	33.8023262024
760.160766602	47.6257667542
760.450134277	74.9326019287
760.739562988	71.6633987427
761.028930664	64.2727203369
761.31829834	59.0729675293
761.607727051	45.7412605286
761.897094727	31.6440448761
762.186523438	22.3626327515
762.475891113	45.7597999573
762.765258789	25.9206409454
763.0546875	27.6228713989
763.344055176	29.3515815735
763.633422852	13.6230144501
763.922851563	33.0225601196
764.212219238	-6.72162294388
764.501586914	54.9155426025
764.791015625	37.6668930054
765.080383301	47.5359954834
765.369750977	13.6316566467
765.659179688	14.8349113464
765.948547363	14.5594806671
766.237915039	24.8565597534
766.52734375	29.4240703583
766.816711426	19.7746162415
767.106079102	10.509683609
767.395507813	15.5720691681
767.684875488	20.5561599731
767.974304199	11.7257223129
768.263671875	7.92343568802
768.553039551	4.03399085999
768.842468262	-2.84258818626
769.131835938	8.99355316162
769.421203613	9.6915102005
769.710632324	-0.112559258938
770	-10.7053728104
770.289367676	1.83633434772
770.578796387	-9.03609466553
770.868164063	-0.704348087311
771.157531738	-7.14530658722
771.446960449	-2.53531360626
771.736328125	-7.8183131218
772.025695801	-0.196527585387
772.315124512	-4.02745246887
772.604492188	-10.9308137894
772.893920898	-11.3662309647
773.183288574	-25.8994750977
773.47265625	1.41567063332
773.762084961	-19.7294635773
774.051452637	-1.08424031734
774.340820313	-16.0476589203
774.630249023	-25.1200389862
774.919616699	-38.6088485718
775.208984375	-18.6608924866
775.498413086	-17.4122276306
775.787780762	-13.4899053574
776.077148438	-14.7751016617
776.366577148	-3.24714016914
776.655944824	-11.2818489075
776.9453125	-35.1715393066
777.234741211	-11.7788295746
777.524108887	-21.110168457
777.813476563	-23.003276825
778.102905273	-29.6574440002
778.392272949	-23.5935192108
778.68170166	-22.0909481049
778.971069336	-22.4098358154
779.260437012	-32.8586082458
779.549865723	-39.9988594055
779.839233398	-24.486448288
780.128601074	-15.7172012329
780.418029785	-26.1372375488
780.707397461	-36.5017814636
780.996765137	-44.01720047
781.286193848	-42.1345024109
781.575561523	-35.6711654663
781.864929199	-32.4202308655
782.15435791	-24.4074039459
782.443725586	-21.1508522034
782.733093262	-37.88722229
783.022521973	-51.953742981
783.311889648	-39.9181365967
783.601257324	-49.625453949
783.890686035	-20.087726593
784.180053711	-16.4678936005
784.469482422	-50.3749923706
784.758850098	-46.9075012207
785.048217773	-36.2407951355
785.337646484	-30.8180580139
785.62701416	-28.3752269745
785.916381836	-43.3132553101
786.205810547	-33.5025787354
786.495178223	-28.0704917908
786.784545898	-49.1718521118
787.073974609	-54.1329040527
787.363342285	-49.348274231
787.652709961	-46.6088142395
787.942138672	-36.9658622742
788.231506348	-48.4908027649
788.520874023	-54.8692626953
788.810302734	-52.0710372925
789.09967041	-32.7012062073
789.389038086	-24.8250255585
789.678466797	-38.2577552795
789.967834473	-37.4208831787
790.257263184	-38.9732437134
790.546630859	-56.95570755
790.835998535	-67.6757202148
791.125427246	-36.9768562317
791.414794922	-46.2452087402
791.704162598	-41.0929069519
791.993591309	-41.5310096741
792.282958984	-60.1670341492
792.57232666	-46.5306015015
792.861755371	-65.9096221924
793.151123047	-54.2123947144
793.440490723	-54.435092926
793.729919434	-53.8385276794
794.019287109	-54.261177063
794.308654785	-60.724105835
794.598083496	-63.7339859009
794.887451172	-57.5907173157
795.176818848	-50.6930541992
795.466247559	-50.7783737183
795.755615234	-52.6077575684
796.045043945	-57.0634384155
796.334411621	-49.6904335022
796.623779297	-64.6055145264
796.913208008	-63.9994277954
797.202575684	-63.1691436768
797.491943359	-57.7900352478
797.78137207	-50.5587043762
798.070739746	-59.3941917419
798.360107422	-60.8263626099
798.649536133	-25.5786743164
798.938903809	-25.0833530426
799.228271484	-12.7408647537
799.517700195	-43.8989372253
799.807067871	-50.725151062
800.096435547	-51.6998023987
800.385864258	-33.9975242615
800.675231934	-64.0339431763
800.964660645	-52.17760849
801.25402832	-28.112953186
801.543395996	-17.6278858185
801.832824707	-35.7547111511
802.122192383	-53.3384895325
802.411560059	-47.9950256348
802.70098877	-27.3371810913
802.990356445	-42.367980957
803.279724121	-43.2464408875
803.569152832	-51.3842506409
803.858520508	-61.16065979
804.147888184	-43.4539108276
804.437316895	-35.5487518311
804.72668457	-32.535610199
805.016052246	-42.77759552
805.305480957	-42.9600830078
805.594848633	-65.685218811
805.884216309	-52.5329170227
806.17364502	-40.5843009949
806.463012695	-16.9014797211
806.752441406	-50.81199646
807.041809082	-30.6870346069
807.331176758	-11.6712064743
807.620605469	-43.5204429626
807.909973145	-33.5929908752
808.19934082	-23.9160308838
808.488769531	-42.3597488403
808.778137207	-35.6061286926
809.067504883	-34.2047996521
809.356933594	-18.1294765472
809.64630127	-25.4537353516
809.935668945	-23.6114902496
810.225097656	-4.46365594864
810.514465332	-3.78889203072
810.803833008	-24.0274581909
811.093261719	-36.4733734131
811.382629395	-24.7075443268
811.67199707	-11.1756029129
811.961425781	-25.4435386658
812.250793457	-25.1628189087
812.540222168	-7.23519849777
812.829589844	-18.8243503571
813.11895752	-22.4677009583
813.40838623	-6.08109712601
813.697753906	-10.8875341415
813.987121582	-2.9510512352
814.276550293	-7.99511098862
814.565917969	-0.663120388985
814.855285645	-20.8408946991
815.144714355	-28.2455501556
815.434082031	-32.7470550537
815.723449707	-32.0024681091
816.012878418	-39.2408638
816.302246094	-14.260679245
816.59161377	133.60597229
816.88104248	98.1236877441
817.170410156	91.7816085815
817.459777832	-7.24577903748
817.749206543	-26.5784130096
818.038574219	-19.2100448608
818.32800293	-33.3637237549
818.617370605	-1.16234886646
818.906738281	-19.3735713959
819.196166992	-38.4530296326
819.485534668	-30.2738723755
819.774902344	-16.0895862579
820.064331055	-19.3826694489
820.35369873	-30.9315395355
820.643066406	-36.9628295898
820.932495117	-37.1250534058
821.221862793	-12.3008747101
821.511230469	-5.64539813995
821.80065918	-17.1123085022
822.090026855	-2.87089490891
822.379394531	-15.9605350494
822.668823242	-13.5634326935
822.958190918	0.68115568161
823.247558594	-16.0051651001
823.536987305	12.5367136002
823.82635498	-21.2978000641
824.115783691	-17.0452289581
824.405151367	-11.4910697937
824.694519043	21.6253452301
824.983947754	-27.2185192108
825.27331543	-28.3186588287
825.562683105	1.33974862099
825.852111816	-22.4755516052
826.141479492	1.41527712345
826.430847168	4.18259954453
826.720275879	21.4536533356
827.009643555	16.7731380463
827.29901123	6.34579610825
827.588439941	-14.2789020538
827.877807617	14.7940006256
828.167175293	21.9853115082
828.456604004	-8.77854728699
828.74597168	-23.2469043732
829.035339355	0.708077847958
829.324768066	6.11169958115
829.614135742	-4.55563211441
829.903564453	19.8330974579
830.192932129	21.8002872467
830.482299805	-9.4378452301
830.771728516	-15.0571727753
831.061096191	-5.48597955704
831.350463867	-11.485830307
831.639892578	-11.4852848053
831.929260254	-3.20095658302
832.21862793	-16.773317337
832.508056641	-11.1099300385
832.797424316	20.8006191254
833.086791992	12.9521350861
833.376220703	-9.53169441223
833.665588379	-24.5266628265
833.954956055	-30.4461917877
834.244384766	-39.9234313965
834.533752441	-25.2340717316
834.823181152	-42.8035964966
835.112548828	5.13234519958
835.401916504	-0.55573874712
835.691345215	-33.407245636
835.980712891	-13.9859523773
836.270080566	-25.8295536041
836.559509277	2.80575752258
836.848876953	-27.9108905792
837.138244629	-16.8421382904
837.42767334	1.34834861755
837.717041016	-20.1908092499
838.006408691	-20.1337757111
838.295837402	0.0908908396959
838.585205078	-9.40456581116
838.874572754	-19.4329814911
839.164001465	-24.87799263
839.453369141	-12.0484981537
839.742736816	-4.96680688858
840.032165527	-22.16157341
840.321533203	-28.3086414337
840.610961914	-6.55077171326
840.90032959	-13.0030155182
841.189697266	-29.3949565887
841.479125977	-34.1778564453
841.768493652	-29.7885494232
842.057861328	-14.9541721344
842.347290039	-24.1089000702
842.636657715	-25.2129993439
842.926025391	-29.6935634613
843.215454102	-14.1817874908
843.504821777	-4.22753715515
843.794189453	-17.3921833038
844.083618164	-51.325717926
844.37298584	-44.8424186707
844.662353516	-11.5722484589
844.951782227	-45.4305877686
845.241149902	-33.016620636
845.530517578	-38.9356651306
845.819946289	-0.555723071098
846.109313965	-19.077791214
846.398742676	-35.6741676331
846.688110352	-33.6652297974
846.977478027	-37.3157157898
847.266906738	23.7246227264
847.556274414	-6.75301170349
847.84564209	-12.6991519928
848.135070801	-0.93737578392
848.424438477	-9.05563545227
848.713806152	-7.98224449158
849.003234863	-46.9536209106
849.292602539	-42.6016654968
849.581970215	-21.0063037872
849.871398926	-22.4998989105
850.160766602	-20.8642520905
850.450134277	-21.2603435516
850.739562988	-37.2756652832
851.028930664	-29.4420223236
851.31829834	-36.1967544556
851.607727051	-41.3431816101
851.897094727	-41.475112915
852.186523438	-21.5971279144
852.475891113	-11.1233463287
852.765258789	-45.2906761169
853.0546875	-55.3338317871
853.344055176	-28.9057064056
853.633422852	-46.3794326782
853.922851563	-75.2431488037
854.212219238	-52.1680450439
854.501586914	-60.5602302551
854.791015625	-45.7813644409
855.080383301	-39.4677391052
855.369750977	-45.8433227539
855.659179688	-58.2392616272
855.948547363	-20.6658725739
856.237915039	-37.2020988464
856.52734375	6.52427530289
856.816711426	72.6140213013
857.106079102	-16.6885623932
857.395507813	-35.2021751404
857.684875488	-21.5714130402
857.974304199	-52.2256507874
858.263671875	-41.9818496704
858.553039551	-40.164806366
858.842468262	-18.8205127716
859.131835938	-69.3545455933
859.421203613	-8.05019569397
859.710632324	-32.2220115662
860	-36.9501342773
860.289367676	-33.3286476135
860.578796387	-30.3129673004
860.868164063	-46.6961174011
861.157531738	-35.6234588623
861.446960449	-65.6485519409
861.736328125	-36.3429794312
862.025695801	-47.3001060486
862.315124512	-42.8676757813
862.604492188	-36.3130836487
862.893920898	-60.3247451782
863.183288574	-72.1451568604
863.47265625	-56.8244476318
863.762084961	-45.6051521301
864.051452637	-65.2654037476
864.340820313	-52.1395225525
864.630249023	-38.2302856445
864.919616699	-34.9388771057
865.208984375	-23.779794693
865.498413086	-42.0319328308
865.787780762	-44.0825653076
866.077148438	-36.4513130188
866.366577148	-53.2393417358
866.655944824	-41.5453453064
866.9453125	-39.452911377
867.234741211	-41.0468482971
867.524108887	-41.5828323364
867.813476563	-60.3241386414
868.102905273	-54.6180267334
868.392272949	-60.9545478821
868.68170166	-64.592918396
868.971069336	-59.0541954041
869.260437012	-28.6197223663
869.549865723	-39.1955909729
869.839233398	-26.7274265289
870.128601074	-59.7309379578
870.418029785	-23.7909412384
870.707397461	-75.7295150757
870.996765137	-56.8223800659
871.286193848	-50.364315033
871.575561523	-55.917388916
871.864929199	-39.4558143616
872.15435791	-39.9723587036
872.443725586	-59.5080986023
872.733093262	-67.2896881104
873.022521973	-25.2307949066
873.311889648	-68.1134567261
873.601257324	-29.8603801727
873.890686035	-40.2575378418
874.180053711	-28.6182308197
874.469482422	-70.4875564575
874.758850098	-58.4573783875
875.048217773	-49.0495147705
875.337646484	-38.0414009094
875.62701416	-73.900138855
875.916381836	-42.498134613
876.205810547	-5.86697483063
876.495178223	-25.7271785736
876.784545898	-55.5190200806
877.073974609	-39.4012870789
877.363342285	-33.6635894775
877.652709961	-36.0357551575
877.942138672	-25.4707565308
878.231506348	-33.3634300232
878.520874023	-45.5270996094
878.810302734	-34.3947181702
879.09967041	-26.4458408356
879.389038086	-31.664686203
879.678466797	-34.8301544189
879.967834473	-25.3361110687
880.257263184	-25.3011398315
880.546630859	-32.5429344177
880.835998535	-41.6406860352
881.125427246	-52.8710975647
881.414794922	-42.967628479
881.704162598	-32.3356437683
881.993591309	-35.7337799072
882.282958984	-54.887928009
882.57232666	-37.1170272827
882.861755371	-20.4155540466
883.151123047	-39.9783935547
883.440490723	-16.4218482971
883.729919434	-37.9303359985
884.019287109	-31.8161735535
884.308654785	-4.79625034332
884.598083496	-15.9543962479
884.887451172	-52.6410140991
885.176818848	-42.5478477478
885.466247559	-78.069519043
885.755615234	-60.5806007385
886.045043945	-51.2573013306
886.334411621	-24.1939201355
886.623779297	-9.75187778473
886.913208008	-29.9193000793
887.202575684	-40.7038192749
887.491943359	-13.0212984085
887.78137207	-39.9794921875
888.070739746	14.606593132
888.360107422	-59.1015090942
888.649536133	-36.4576530457
888.938903809	17.8049468994
889.228271484	5.57487010956
889.517700195	-43.4250717163
889.807067871	-4.86608552933
890.096435547	-4.50900363922
890.385864258	-43.8121681213
890.675231934	-52.9968338013
890.964660645	0.683887064457
891.25402832	-13.916062355
891.543395996	-3.44936060905
891.832824707	-5.97371721268
892.122192383	-1.81975984573
892.411560059	-31.6313781738
892.70098877	-34.104221344
892.990356445	-11.0911340714
893.279724121	-18.027507782
893.569152832	11.8766021729
893.858520508	-7.17598390579
894.147888184	-14.8057184219
894.437316895	-15.5793418884
894.72668457	-30.6797790527
895.016052246	-13.886174202
895.305480957	-22.0233230591
895.594848633	-16.8679008484
895.884216309	-14.7105264664
896.17364502	-11.836933136
896.463012695	-5.06017351151
896.752441406	24.3898353577
897.041809082	17.7242126465
897.331176758	16.2724571228
897.620605469	32.3335494995
897.909973145	4.29317045212
898.19934082	2.60484266281
898.488769531	19.4564628601
898.778137207	12.1477737427
899.067504883	16.6288795471
899.356933594	22.6648254395
899.64630127	23.3305015564
899.935668945	31.9239120483
900.225097656	35.5853462219
900.514465332	20.826461792
900.803833008	17.8222160339
901.093261719	20.361579895
901.382629395	13.3954200745
901.67199707	25.3723754883
901.961425781	32.6700401306
902.250793457	38.0786361694
902.540222168	44.6988105774
902.829589844	43.6221809387
903.11895752	34.6726570129
903.40838623	28.3167705536
903.697753906	32.6311645508
903.987121582	12.2128953934
904.276550293	29.5879650116
904.565917969	31.9455738068
904.855285645	17.0585517883
905.144714355	18.4355754852
905.434082031	7.69162034988
905.723449707	51.8309669495
906.012878418	55.7890434265
906.302246094	24.1071014404
906.59161377	24.425157547
906.88104248	52.2728843689
907.170410156	25.3155517578
907.459777832	-9.713804245
907.749206543	46.5223503113
908.038574219	50.9021759033
908.32800293	54.1634750366
908.617370605	21.4678611755
908.906738281	35.595489502
909.196166992	40.244972229
909.485534668	39.8223075867
909.774902344	43.8967132568
910.064331055	36.119682312
910.35369873	59.9628868103
910.643066406	25.1073589325
910.932495117	27.7946853638
911.221862793	40.6823234558
911.511230469	62.5936393738
911.80065918	68.4247665405
912.090026855	59.6830062866
912.379394531	65.9388122559
912.668823242	38.9015274048
912.958190918	39.8665542603
913.247558594	51.259563446
913.536987305	66.354850769
913.82635498	47.8127975464
914.115783691	35.8480262756
914.405151367	73.4348831177
914.694519043	64.3132400513
914.983947754	40.1536407471
915.27331543	59.4030952454
915.562683105	66.5680770874
915.852111816	61.5964660645
916.141479492	88.0363540649
916.430847168	67.2760391235
916.720275879	66.3713226318
917.009643555	85.1764373779
917.29901123	58.1827316284
917.588439941	77.747253418
917.877807617	73.1051025391
918.167175293	77.8091506958
918.456604004	80.5460357666
918.74597168	59.3369941711
919.035339355	84.8408432007
919.324768066	66.6250915527
919.614135742	67.9336242676
919.903564453	87.2457122803
920.192932129	67.5278778076
920.482299805	80.6430511475
920.771728516	81.0996627808
921.061096191	90.2265625
921.350463867	100.210388184
921.639892578	81.4829177856
921.929260254	97.3070831299
922.21862793	98.090713501
922.508056641	105.019004822
922.797424316	113.422271729
923.086791992	125.217132568
923.376220703	104.752357483
923.665588379	98.9808197021
923.954956055	106.372360229
924.244384766	123.361198425
924.533752441	120.874816895
924.823181152	125.63318634
925.112548828	153.182937622
925.401916504	166.688735962
925.691345215	136.147293091
925.980712891	142.886016846
926.270080566	145.109588623
926.559509277	131.378204346
926.848876953	158.988494873
927.138244629	166.538742065
927.42767334	156.801010132
927.717041016	159.321456909
928.006408691	162.799926758
928.295837402	155.003601074
928.585205078	147.365356445
928.874572754	167.67048645
929.164001465	195.338516235
929.453369141	192.890213013
929.742736816	182.540557861
930.032165527	197.790618896
930.321533203	216.813018799
930.610961914	203.982040405
930.90032959	207.983444214
931.189697266	218.41746521
931.479125977	222.607971191
931.768493652	221.545898438
932.057861328	197.122009277
932.347290039	219.671401978
932.636657715	230.026321411
932.926025391	231.27381897
933.215454102	263.037078857
933.504821777	269.843658447
933.794189453	250.286468506
934.083618164	268.597564697
934.37298584	306.373901367
934.662353516	278.918273926
934.951782227	290.131225586
935.241149902	320.141418457
935.530517578	320.730224609
935.819946289	305.048156738
936.109313965	321.422119141
936.398742676	329.020355225
936.688110352	327.789825439
936.977478027	351.557342529
937.266906738	357.109161377
937.556274414	371.953826904
937.84564209	370.729644775
938.135070801	355.363037109
938.424438477	378.657409668
938.713806152	398.401000977
939.003234863	415.15057373
939.292602539	411.552368164
939.581970215	422.622619629
939.871398926	442.36831665
940.160766602	420.084564209
940.450134277	455.273468018
940.739562988	440.30770874
941.028930664	480.678253174
941.31829834	470.436004639
941.607727051	493.670471191
941.897094727	525.125976563
942.186523438	523.511291504
942.475891113	504.360351563
942.765258789	530.928161621
943.0546875	531.149414063
943.344055176	545.167907715
943.633422852	560.597045898
943.922851563	583.668945313
944.212219238	575.132263184
944.501586914	594.216186523
944.791015625	621.05267334
945.080383301	630.075073242
945.369750977	634.691223145
945.659179688	611.071166992
945.948547363	665.468566895
946.237915039	646.761474609
946.52734375	666.091125488
946.816711426	675.917236328
947.106079102	685.186218262
947.395507813	682.457275391
947.684875488	719.380615234
947.974304199	717.51739502
948.263671875	734.298095703
948.553039551	726.220397949
948.842468262	749.738525391
949.131835938	752.589538574
949.421203613	769.159301758
949.710632324	762.189147949
950	771.382446289
950.289367676	770.473693848
950.578796387	814.790161133
950.868164063	808.967834473
951.157531738	845.479064941
951.446960449	837.934692383
951.736328125	816.855529785
952.025695801	865.125
952.315124512	868.629943848
952.604492188	890.679199219
952.893920898	873.180725098
953.183288574	890.889160156
953.47265625	925.246032715
953.762084961	929.876953125
954.051452637	902.761657715
954.340820313	937.04675293
954.630249023	920.409179688
954.919616699	942.356384277
955.208984375	940.49206543
955.498413086	923.992126465
955.787780762	961.208862305
956.077148438	979.138977051
956.366577148	1001.1361084
956.655944824	991.988586426
956.9453125	1010.45141602
957.234741211	1016.02423096
957.524108887	994.960205078
957.813476563	994.395202637
958.102905273	1032.22875977
958.392272949	1021.46069336
958.68170166	997.421691895
958.971069336	1004.76538086
959.260437012	1026.74816895
959.549865723	1020.88208008
959.839233398	1025.91577148
960.128601074	1048.87463379
960.418029785	1068.69604492
960.707397461	1051.29797363
960.996765137	1021.1807251
961.286193848	1023.77941895
961.575561523	1044.29992676
961.864929199	1038.08398438
962.15435791	1026.24084473
962.443725586	1024.13183594
962.733093262	1011.77246094
963.022521973	1036.74609375
963.311889648	1066.40771484
963.601257324	1050.42236328
963.890686035	1030.30664063
964.180053711	1062.16308594
964.469482422	1044.69775391
964.758850098	1057.36523438
965.048217773	1030.92419434
965.337646484	1056.69873047
965.62701416	1065.52575684
965.916381836	1065.73278809
966.205810547	1025.01989746
966.495178223	980.676635742
966.784545898	1020.14678955
967.073974609	1025.94665527
967.363342285	1010.69317627
967.652709961	1017.63256836
967.942138672	1017.20587158
968.231506348	1012.33227539
968.520874023	973.851257324
968.810302734	1011.50518799
969.09967041	1015.58325195
969.389038086	999.638366699
969.678466797	993.781005859
969.967834473	975.708190918
970.257263184	977.194091797
970.546630859	981.669616699
970.835998535	981.767211914
971.125427246	979.36541748
971.414794922	978.72277832
971.704162598	982.512268066
971.993591309	986.694030762
972.282958984	974.797485352
972.57232666	964.983459473
972.861755371	933.361938477
973.151123047	924.017150879
973.440490723	946.950683594
973.729919434	935.639709473
974.019287109	936.392578125
974.308654785	951.136657715
974.598083496	888.293945313
974.887451172	889.996520996
975.176818848	877.369995117
975.466247559	883.413574219
975.755615234	900.356872559
976.045043945	894.664550781
976.334411621	888.371520996
976.623779297	880.67956543
976.913208008	867.167419434
977.202575684	821.936889648
977.491943359	824.452453613
977.78137207	824.879760742
978.070739746	830.912414551
978.360107422	853.242919922
978.649536133	837.522766113
978.938903809	839.414794922
979.228271484	829.326416016
979.517700195	818.575012207
979.807067871	820.008056641
980.096435547	828.233093262
980.385864258	810.773193359
980.675231934	791.136413574
980.964660645	808.765380859
981.25402832	803.598815918
981.543395996	766.733520508
981.832824707	767.590026855
982.122192383	763.380981445
982.411560059	747.407287598
982.70098877	744.462585449
982.990356445	770.164672852
983.279724121	780.063049316
983.569152832	765.838989258
983.858520508	776.741271973
984.147888184	753.131835938
984.437316895	723.550842285
984.72668457	738.112304688
985.016052246	762.383728027
985.305480957	739.808105469
985.594848633	710.43548584
985.884216309	695.887084961
986.17364502	699.525390625
986.463012695	723.510192871
986.752441406	712.15234375
987.041809082	724.243591309
987.331176758	718.001831055
987.620605469	697.241638184
987.909973145	695.795288086
988.19934082	672.456359863
988.488769531	690.169311523
988.778137207	748.672668457
989.067504883	737.148681641
989.356933594	709.815734863
989.64630127	711.205383301
989.935668945	710.570068359
990.225097656	673.16973877
990.514465332	705.681396484
990.803833008	700.485046387
991.093261719	674.938720703
991.382629395	659.122253418
991.67199707	721.36730957
991.961425781	706.661315918
992.250793457	697.35949707
992.540222168	719.569519043
992.829589844	693.55480957
993.11895752	698.72857666
993.40838623	718.854187012
993.697753906	673.803833008
993.987121582	691.320861816
994.276550293	703.901977539
994.565917969	721.454650879
994.855285645	708.450683594
995.144714355	692.75201416
995.434082031	701.733398438
995.723449707	721.434509277
996.012878418	719.639160156
996.302246094	713.205993652
996.59161377	697.24987793
996.88104248	687.305175781
997.170410156	725.974060059
997.459777832	700.709350586
997.749206543	679.595153809
998.038574219	722.576049805
998.32800293	738.014099121
998.617370605	709.503295898
998.906738281	726.120910645
999.196166992	745.508178711
999.485534668	733.391906738
999.774902344	730.610595703
1000.06433105	754.31237793
1000.35369873	765.323059082
1000.64306641	843.046142578
1000.93249512	1052.00024414
1001.22186279	977.409423828
1001.51123047	833.570983887
1001.80065918	774.386474609
1002.09002686	794.550476074
1002.37939453	790.121704102
1002.66882324	827.102722168
1002.95819092	817.17590332
1003.24755859	818.358459473
1003.5369873	828.95135498
1003.82635498	830.23840332
1004.11578369	847.201843262
1004.40515137	833.626586914
1004.69451904	877.208068848
1004.98394775	881.963500977
1005.27331543	877.606506348
1005.56268311	879.677734375
1005.85211182	890.471252441
1006.14147949	881.273925781
1006.43084717	904.354919434
1006.72027588	950.884765625
1007.00964355	952.586853027
1007.29901123	961.395935059
1007.58843994	960.21875
1007.87780762	970.875915527
1008.16717529	1006.63806152
1008.456604	1076.92175293
1008.74597168	988.64440918
1009.03533936	1013.95245361
1009.32476807	1029.74401855
1009.61413574	1025.89733887
1009.90356445	1045.2298584
1010.19293213	1076.01599121
1010.4822998	1087.2590332
1010.77172852	1092.57214355
1011.06109619	1097.62768555
1011.35046387	1140.9909668
1011.63989258	1167.13208008
1011.92926025	1161.7668457
1012.21862793	1163.58459473
1012.50805664	1190.59301758
1012.79742432	1219.54907227
1013.08679199	1242.80480957
1013.3762207	1261.45239258
1013.66558838	1269.1192627
1013.95495605	1299.39367676
1014.24438477	1320.28723145
1014.53375244	1321.85510254
1014.82318115	1336.91418457
1015.11254883	1358.12268066
1015.4019165	1416.40087891
1015.69134521	1429.72033691
1015.98071289	1436.23352051
1016.27008057	1476.24804688
1016.55950928	1475.13977051
1016.84887695	1525.71240234
1017.13824463	1541.85986328
1017.42767334	1588.31982422
1017.71704102	1610.14404297
1018.00640869	1621.47790527
1018.2958374	1701.50439453
1018.58520508	1728.04772949
1018.87457275	1719.4564209
1019.16400146	1762.01208496
1019.45336914	1786.11022949
1019.74273682	1816.5892334
1020.03216553	1830.34851074
1020.3215332	1895.31970215
1020.61096191	1947.29040527
1020.90032959	1971.80603027
1021.18969727	2043.51879883
1021.47912598	2090.01928711
1021.76849365	2095.62329102
1022.05786133	2169.13452148
1022.34729004	2179.21020508
1022.63665771	2219.97241211
1022.92602539	2254.84448242
1023.2154541	2313.28881836
1023.50482178	2348.69018555
1023.79418945	2443.02075195
1024.08361816	2498.33862305
1024.37304688	2523.0378418
1024.66235352	2591.08642578
1024.95178223	2658.1862793
1025.24121094	2726.4230957
1025.53051758	2760.45507813
1025.81994629	2842.58105469
1026.109375	2896.19604492
1026.39868164	2961.29150391
1026.68811035	3036.91113281
1026.97753906	3113.54760742
1027.2668457	3199.36621094
1027.55627441	3286.74121094
1027.84570313	3328.49365234
1028.13500977	3420.39892578
1028.42443848	3492.15771484
1028.71386719	3600.72412109
1029.00317383	3703.58618164
1029.29260254	3760.89501953
1029.58203125	3860.41259766
1029.87133789	3955.6496582
1030.1607666	4049.79052734
1030.45019531	4162.59521484
1030.73950195	4282.71826172
1031.02893066	4395.47216797
1031.31835938	4515.00634766
1031.60766602	4624.94921875
1031.89709473	4722.72412109
1032.18652344	4875.24755859
1032.47583008	4987.21875
1032.76525879	5128.89355469
1033.0546875	5267.23779297
1033.34399414	5391.31542969
1033.63342285	5566.48535156
1033.92285156	5712.66845703
1034.2121582	5847.60644531
1034.50158691	6048.79101563
1034.79101563	6255.57421875
1035.08044434	6419.60693359
1035.36975098	6593.83789063
1035.65917969	6822.91015625
1035.9486084	7005.12304688
1036.23791504	7236.97753906
1036.52734375	7438.69628906
1036.81677246	7688.19824219
1037.1060791	7967.64941406
1037.39550781	8179.86621094
1037.68493652	8420.69921875
1037.97424316	8718.43066406
1038.26367188	9009.84082031
1038.55310059	9297.34765625
1038.84240723	9633.7578125
1039.13183594	9984.45800781
1039.42126465	10311.2783203
1039.71057129	10656.8818359
1040	11039.0722656
1040.28942871	11451.5302734
1040.57873535	11848.2490234
1040.86816406	12214.4912109
1041.15759277	12659.1044922
1041.44689941	13130.3066406
1041.73632813	13629.1660156
1042.02575684	14117.0078125
1042.31506348	14599.5908203
1042.60449219	15121.4423828
1042.8939209	15672.1318359
1043.18322754	16225.0039063
1043.47265625	16778.7148438
1043.76208496	17352.5039063
1044.0513916	17960.4746094
1044.34082031	18539.0019531
1044.63024902	19144.8398438
1044.91955566	19757.9277344
1045.20898438	20362.0527344
1045.49841309	20922.7734375
1045.7878418	21487.8867188
1046.07714844	22060.5839844
1046.36657715	22531.0351563
1046.65600586	23098.3027344
1046.9453125	23591.4179688
1047.23474121	24058.4921875
1047.52416992	24494.3789063
1047.81347656	24859.78125
1048.10290527	25124.328125
1048.39233398	25355.2011719
1048.68164063	25580.3300781
1048.97106934	25683.0722656
1049.26049805	25873.6796875
1049.54980469	25922.7832031
1049.8392334	25733.7265625
1050.12866211	25648.8066406
1050.41796875	25500.2832031
1050.70739746	25291.9316406
1050.99682617	24977.9277344
1051.28613281	24631.5957031
1051.57556152	24206.3164063
1051.86499023	23673.25
1052.15429688	23269.296875
1052.44372559	22607.7519531
1052.7331543	22069.9492188
1053.02246094	21464.7441406
1053.31188965	20724.5683594
1053.60131836	20054.9414063
1053.890625	19385.3691406
1054.18005371	18657.125
1054.46948242	17919.3359375
1054.75878906	17265.4785156
1055.04821777	16578.8925781
1055.33764648	15883.9550781
1055.62695313	15262.3505859
1055.91638184	14617.4130859
1056.20581055	13956.5166016
1056.49511719	13338.859375
1056.7845459	12706.1816406
1057.07397461	12139.3417969
1057.36340332	11551.625
1057.65270996	11049.390625
1057.94213867	10488.734375
1058.23156738	10071.5947266
1058.52087402	9578.7890625
1058.81030273	9093.71582031
1059.09973145	8683.62304688
1059.38903809	8246.32519531
1059.6784668	7802.44824219
1059.96789551	7567.40527344
1060.25720215	7180.07714844
1060.54663086	6839.70996094
1060.83605957	6521.81152344
1061.12536621	6243.71582031
1061.41479492	6051.3359375
1061.70422363	5758.22265625
1061.99353027	5455.74023438
1062.28295898	5186.62988281
1062.5723877	5007.95605469
1062.86169434	4807.88183594
1063.15112305	4618.02636719
1063.44055176	4427.77636719
1063.7298584	4233.63037109
1064.01928711	4066.70776367
1064.30871582	3915.60913086
1064.59802246	3762.30151367
1064.88745117	3643.56713867
1065.17687988	3527.17944336
1065.46618652	3375.23803711
1065.75561523	3261.24487305
1066.04504395	3142.40307617
1066.33435059	3010.89746094
1066.6237793	2919.92504883
1066.91320801	2832.13110352
1067.20251465	2734.72216797
1067.49194336	2664.93847656
1067.78137207	2561.93579102
1068.07067871	2458.97070313
1068.36010742	2402.35498047
1068.64953613	2326.51879883
1068.93896484	2249.29760742
1069.22827148	2188.46484375
1069.5177002	2115.13037109
1069.80712891	2081.82104492
1070.09643555	2045.35498047
1070.38586426	1947.60107422
1070.67529297	1877.96984863
1070.96459961	1836.82312012
1071.25402832	1800.98193359
1071.54345703	1736.05615234
1071.83276367	1637.16149902
1072.12219238	1619.44433594
1072.41162109	1596.65820313
1072.70092773	1551.42272949
1072.99035645	1514.86218262
1073.27978516	1475.53369141
1073.5690918	1457.42993164
1073.85852051	1418.35290527
1074.14794922	1384.72839355
1074.43725586	1310.22338867
1074.72668457	1293.30688477
1075.01611328	1270.61901855
1075.30541992	1233.02111816
1075.59484863	1210.4387207
1075.88427734	1175.70153809
1076.17358398	1165.99328613
1076.4630127	1144.14086914
1076.75244141	1124.57885742
1077.04174805	1087.52990723
1077.33117676	1058.18371582
1077.62060547	1002.3293457
1077.90991211	1019.22467041
1078.19934082	985.609985352
1078.48876953	989.682312012
1078.77807617	940.899902344
1079.06750488	903.808654785
1079.35693359	906.244750977
1079.6463623	884.546081543
1079.93566895	877.046875
1080.22509766	849.187072754
1080.51452637	826.02947998
1080.80383301	856.694274902
1081.09326172	824.600158691
1081.38269043	792.248168945
1081.67199707	792.406188965
1081.96142578	765.111816406
1082.25085449	730.257385254
1082.54016113	736.36706543
1082.82958984	720.706481934
1083.11901855	706.281738281
1083.4083252	714.270324707
1083.69775391	694.542358398
1083.98718262	653.292480469
1084.27648926	638.208740234
1084.56591797	600.603881836
1084.85534668	590.661560059
1085.14465332	626.157470703
1085.43408203	613.013977051
1085.72351074	583.635620117
1086.01281738	577.656921387
1086.30224609	566.677001953
1086.5916748	567.597473145
1086.88098145	570.60559082
1087.17041016	546.218933105
1087.45983887	520.577392578
1087.74914551	490.92880249
1088.03857422	496.069000244
1088.32800293	494.564178467
1088.61730957	481.067901611
1088.90673828	484.898071289
1089.19616699	473.939147949
1089.48547363	479.056152344
1089.77490234	469.921936035
1090.06433105	433.973754883
1090.3536377	448.343200684
1090.64306641	421.575714111
1090.93249512	424.435638428
1091.22192383	426.381988525
1091.51123047	385.250457764
1091.80065918	401.130401611
1092.09008789	375.237915039
1092.37939453	408.444274902
1092.66882324	394.870605469
1092.95825195	376.641174316
1093.24755859	373.500366211
1093.5369873	356.820739746
1093.82641602	388.676300049
1094.11572266	342.898773193
1094.40515137	356.260650635
1094.69458008	367.507781982
1094.98388672	342.003204346
1095.27331543	323.888519287
1095.56274414	285.925720215
1095.85205078	332.460174561
1096.14147949	326.413879395
1096.4309082	289.026733398
1096.72021484	307.460144043
1097.00964355	321.270263672
1097.29907227	284.071624756
1097.58837891	298.330688477
1097.87780762	291.238006592
1098.16723633	264.528594971
1098.45654297	276.644134521
1098.74597168	258.048980713
1099.03540039	248.063705444
1099.32470703	260.923858643
1099.61413574	251.395126343
1099.90356445	240.116394043
1100.19287109	215.211914063
1100.4822998	217.064025879
1100.77172852	212.993789673
1101.06103516	215.852493286
1101.35046387	218.651382446
1101.63989258	204.543060303
1101.92932129	198.676437378
1102.21862793	201.648406982
1102.50805664	185.775436401
1102.79748535	160.614868164
1103.08679199	183.318283081
1103.3762207	199.986328125
1103.66564941	190.722244263
1103.95495605	197.811889648
1104.24438477	182.328079224
1104.53381348	146.356964111
1104.82312012	151.212722778
1105.11254883	170.785552979
1105.40197754	199.376449585
1105.69128418	125.836212158
1105.98071289	120.489608765
1106.2701416	115.230888367
1106.55944824	139.626205444
1106.84887695	135.679992676
1107.13830566	127.220100403
1107.4276123	133.255554199
1107.71704102	124.860610962
1108.00646973	102.119468689
1108.29577637	89.9132232666
1108.58520508	104.249237061
1108.87463379	93.0281143188
1109.16394043	89.8770446777
1109.45336914	121.701820374
1109.74279785	134.643783569
1110.03210449	110.526412964
1110.3215332	101.550895691
1110.61096191	81.3375930786
1110.90026855	79.0405273438
1111.18969727	86.7979202271
1111.47912598	82.5020980835
1111.76843262	85.7997589111
1112.05786133	63.3867454529
1112.34729004	53.3599586487
1112.63659668	76.1678771973
1112.92602539	85.4130630493
1113.2154541	54.5459480286
1113.50488281	63.7369346619
1113.79418945	67.4535446167
1114.08361816	72.2475585938
1114.37304688	51.983959198
1114.66235352	66.1385574341
1114.95178223	73.5668487549
1115.24121094	66.5083312988
1115.53051758	47.2083358765
1115.81994629	29.3131694794
1116.109375	20.5108013153
1116.39868164	35.5376205444
1116.68811035	30.3944320679
1116.97753906	69.0661849976
1117.2668457	45.9933929443
1117.55627441	12.6817474365
1117.84570313	23.26902771
1118.13500977	52.3246536255
1118.42443848	22.5803928375
1118.71386719	31.7086868286
1119.00317383	36.6090431213
1119.29260254	11.3193683624
1119.58203125	18.3148517609
1119.87133789	6.2015337944
1120.1607666	-4.31226062775
1120.45019531	10.5084171295
1120.73950195	6.80330324173
1121.02893066	-5.52494478226
1121.31835938	-6.05924701691
1121.60766602	-2.19648981094
1121.89709473	1.66862165928
1122.18652344	24.6006278992
1122.47583008	9.80176353455
1122.76525879	-20.6993350983
1123.0546875	-16.7209434509
1123.34399414	-10.0134592056
1123.63342285	11.4908123016
1123.92285156	-10.6240568161
1124.2121582	-6.3696975708
1124.50158691	-16.5187454224
1124.79101563	-3.50080275536
1125.08044434	-0.718698978424
1125.36975098	-0.566879212856
1125.65917969	-7.24571323395
1125.9486084	-16.8141956329
1126.23791504	-27.0398178101
1126.52734375	-11.7259750366
1126.81677246	-39.1782455444
1127.1060791	-0.0601179003716
1127.39550781	-0.545104026794
1127.68493652	-9.90802001953
1127.97424316	-14.0433092117
1128.26367188	-28.071264267
1128.55310059	-13.938574791
1128.84240723	27.9261360168
1129.13183594	-32.803478241
1129.42126465	-13.4403209686
1129.71057129	-12.7079353333
1130	-30.4888191223
1130.28942871	46.7117424011
1130.57873535	2.43631482124
1130.86816406	-1.29476499557
1131.15759277	-10.3373680115
1131.44689941	-12.2602558136
1131.73632813	-7.74182367325
1132.02575684	-2.88257169724
1132.31506348	-7.30301761627
1132.60449219	8.10115623474
1132.8939209	-14.7060956955
1133.18322754	-28.5806427002
1133.47265625	-35.989944458
1133.76208496	-25.0598926544
1134.0513916	-12.8138341904
1134.34082031	-19.4560470581
1134.63024902	-1.51329886913
1134.91955566	-14.3536663055
1135.20898438	-19.7239074707
1135.49841309	-17.3260803223
1135.7878418	-32.4140930176
1136.07714844	-30.7695980072
1136.36657715	-20.0099563599
1136.65600586	-34.5354690552
1136.9453125	-32.5999565125
1137.23474121	-38.0478363037
1137.52416992	-15.5059652328
1137.81347656	-39.6319770813
1138.10290527	-30.0373744965
1138.39233398	-38.1390609741
1138.68164063	-5.85930967331
1138.97106934	-23.557674408
1139.26049805	-57.1632652283
1139.54980469	-38.6169166565
1139.8392334	-22.8372535706
1140.12866211	-28.3139381409
1140.41796875	-17.992685318
1140.70739746	-11.5245466232
1140.99682617	-6.59351682663
1141.28613281	-33.066696167
1141.57556152	-6.4559803009
1141.86499023	-24.551317215
1142.15429688	-35.9439315796
1142.44372559	-35.8302841187
1142.7331543	-34.9021835327
1143.02246094	-25.2161865234
1143.31188965	-27.2446289063
1143.60131836	-13.1514902115
1143.890625	-13.2023067474
1144.18005371	-33.3889541626
1144.46948242	-26.6786270142
1144.75878906	-38.2636222839
1145.04821777	-32.0957794189
1145.33764648	-11.8649435043
1145.62695313	-44.3747444153
1145.91638184	-98.618522644
1146.20581055	-29.9003810883
1146.49511719	-56.5439720154
1146.7845459	-39.6637229919
1147.07397461	-50.130153656
1147.36340332	-13.6947307587
1147.65270996	6.04546737671
1147.94213867	-38.6265296936
1148.23156738	-51.2848548889
1148.52087402	-11.2819623947
1148.81030273	-48.940776825
1149.09973145	-57.7387504578
1149.38903809	-11.8506031036
1149.6784668	-36.5504341125
1149.96789551	-38.9314155579
1150.25720215	-21.5388736725
1150.54663086	-28.2704410553
1150.83605957	-23.2524967194
1151.12536621	-37.4209899902
1151.41479492	-34.5675964355
1151.70422363	-8.84994697571
1151.99353027	-5.40467023849
1152.28295898	-4.77344560623
1152.5723877	-10.4166345596
1152.86169434	-26.6764354706
1153.15112305	-39.691696167
1153.44055176	-26.2103729248
1153.7298584	-19.6171474457
1154.01928711	-0.268148958683
1154.30871582	10.0613183975
1154.59802246	-36.8435020447
1154.88745117	-14.6903057098
1155.17687988	-17.8652324677
1155.46618652	-9.22317886353
1155.75561523	-31.0543556213
1156.04504395	22.2702274323
1156.33435059	7.19646167755
1156.6237793	-6.99116134644
1156.91320801	-40.0186271667
1157.20251465	-8.66026496887
1157.49194336	-25.4304084778
1157.78137207	-28.0418586731
1158.07067871	14.088965416
1158.36010742	4.85739707947
1158.64953613	-22.0851097107
1158.93896484	-4.20730209351
1159.22827148	3.31609988213
1159.5177002	5.30621147156
1159.80712891	-8.28326702118
1160.09643555	-0.452736347914
1160.38586426	-3.32590603828
1160.67529297	-10.8201694489
1160.96459961	-7.12879896164
1161.25402832	-31.4589996338
1161.54345703	-4.95765829086
1161.83276367	-3.66814303398
1162.12219238	25.9581985474
1162.41162109	-40.4281539917
1162.70092773	-1.94772136211
1162.99035645	15.2699289322
1163.27978516	19.8479309082
1163.5690918	-6.051030159
1163.85852051	-11.7791805267
1164.14794922	15.1489191055
1164.43725586	4.55562210083
1164.72668457	-11.3590517044
1165.01611328	-3.59989714622
1165.30541992	5.57731342316
1165.59484863	11.6855888367
1165.88427734	5.68204784393
1166.17358398	13.5526180267
1166.4630127	29.1735877991
1166.75244141	16.004032135
1167.04174805	4.79452371597
1167.33117676	-1.2788413763
1167.62060547	8.80795001984
1167.90991211	18.6340866089
1168.19934082	12.9908971786
1168.48876953	47.0034675598
1168.77807617	40.486831665
1169.06750488	25.459854126
1169.35693359	50.0636634827
1169.6463623	35.9917945862
1169.93566895	23.5234107971
1170.22509766	25.2059345245
1170.51452637	-10.1198425293
1170.80383301	19.2145080566
1171.09326172	40.6177368164
1171.38269043	60.418422699
1171.67199707	36.2137107849
1171.96142578	15.6584434509
1172.25085449	8.87709999084
1172.54016113	8.97121715546
1172.82958984	27.2914352417
1173.11901855	24.3406581879
1173.4083252	26.7643661499
1173.69775391	23.6871242523
1173.98718262	26.192401886
1174.27648926	28.1454048157
1174.56591797	61.5774421692
1174.85534668	60.1530303955
1175.14465332	29.5293750763
1175.43408203	13.1948080063
1175.72351074	25.6478404999
1176.01281738	46.0998687744
1176.30224609	74.8385467529
1176.5916748	37.7686271667
1176.88098145	28.6410636902
1177.17041016	52.4861831665
1177.45983887	13.3230047226
1177.74914551	35.7423171997
1178.03857422	74.9092178345
1178.32800293	7.01166200638
1178.61730957	-0.731623649597
1178.90673828	33.3097877502
1179.19616699	11.7730722427
1179.48547363	43.681640625
1179.77490234	47.1180725098
1180.06433105	50.684387207
1180.3536377	37.0983276367
1180.64306641	30.9639549255
1180.93249512	28.5996055603
1181.22192383	22.9320316315
1181.51123047	31.5168704987
1181.80065918	23.2770309448
1182.09008789	38.9244003296
1182.37939453	39.290977478
1182.66882324	49.5858039856
1182.95825195	39.9607124329
1183.24755859	29.7330513
1183.5369873	10.0210437775
1183.82641602	40.5541534424
1184.11572266	67.6170196533
1184.40515137	54.4665374756
1184.69458008	30.8780632019
1184.98388672	26.8320446014
1185.27331543	25.0326347351
1185.56274414	24.2063694
1185.85205078	46.3961906433
1186.14147949	54.5962905884
1186.4309082	54.7109451294
1186.72021484	61.4193191528
1187.00964355	75.5305557251
1187.29907227	68.977722168
1187.58837891	61.3267250061
1187.87780762	29.0566120148
1188.16723633	31.2401123047
1188.45654297	23.7800312042
1188.74597168	23.0187072754
1189.03540039	19.8809185028
1189.32470703	52.8842163086
1189.61413574	68.1194763184
1189.90356445	56.7580528259
1190.19287109	60.8052940369
1190.4822998	36.3164291382
1190.77172852	36.7186813354
1191.06103516	37.3191452026
1191.35046387	59.6173934937
1191.63989258	55.5025520325
1191.92932129	87.7236480713
1192.21862793	70.8670806885
1192.50805664	76.2961883545
1192.79748535	42.4542999268
1193.08679199	35.0327911377
1193.3762207	77.41746521
1193.66564941	70.2611236572
1193.95495605	65.4279937744
1194.24438477	71.6608047485
1194.53381348	66.9429397583
1194.82312012	57.642036438
1195.11254883	65.9393081665
1195.40197754	56.2580604553
1195.69128418	51.871711731
1195.98071289	42.0137062073
1196.2701416	50.1937904358
1196.55944824	82.893371582
1196.84887695	64.7380065918
1197.13830566	60.0230712891
1197.4276123	39.2275390625
1197.71704102	52.8778381348
1198.00646973	51.3005943298
1198.29577637	90.4474487305
1198.58520508	41.138759613
1198.87463379	63.4829025269
1199.16394043	44.9251670837
1199.45336914	52.5671615601
1199.74279785	56.0822067261
1200.03210449	50.9981002808
1200.3215332	63.6884346008
1200.61096191	79.5442962646
1200.90026855	73.6921310425
1201.18969727	68.3580474854
1201.47912598	61.1396942139
1201.76843262	66.7411346436
1202.05786133	72.0037384033
1202.34729004	95.7414398193
1202.63659668	34.6685600281
1202.92602539	62.1132926941
1203.2154541	65.0965957642
1203.50488281	47.2654495239
1203.79418945	45.1852493286
1204.08361816	80.0904312134
1204.37304688	59.7270545959
1204.66235352	67.4002761841
1204.95178223	75.240020752
1205.24121094	57.7399330139
1205.53051758	56.1987953186
1205.81994629	81.5102233887
1206.109375	66.0482177734
1206.39868164	85.3264160156
1206.68811035	82.7569885254
1206.97753906	81.0791549683
1207.2668457	86.9999389648
1207.55627441	84.2317733765
1207.84570313	75.1535568237
1208.13500977	63.1309738159
1208.42443848	39.8613510132
1208.71386719	70.1107711792
1209.00317383	70.8489303589
1209.29260254	79.3146591187
1209.58203125	71.0552825928
1209.87133789	85.4785003662
1210.1607666	87.676651001
1210.45019531	67.8523406982
1210.73950195	56.9498748779
1211.02893066	62.4292755127
1211.31835938	80.8788909912
1211.60766602	47.9163627625
1211.89709473	64.56275177
1212.18652344	79.9342422485
1212.47583008	68.3232803345
1212.76525879	87.8578567505
1213.0546875	82.0511245728
1213.34399414	76.1091079712
1213.63342285	90.717414856
1213.92285156	84.6924133301
1214.2121582	65.8968811035
1214.50158691	62.8201293945
1214.79101563	89.8503112793
1215.08044434	92.9512939453
1215.36975098	88.2568359375
1215.65917969	76.7562561035
1215.9486084	78.0618209839
1216.23791504	91.2594528198
1216.52734375	88.0826034546
1216.81677246	97.7372970581
1217.1060791	100.189811707
1217.39550781	96.9021224976
1217.68493652	81.7443161011
1217.97424316	105.044487
1218.26367188	105.065383911
1218.55310059	68.5550384521
1218.84240723	67.4543304443
1219.13183594	100.010391235
1219.42126465	74.3144989014
1219.71057129	105.196212769
1220	106.479324341
1220.28942871	96.2077407837
1220.57873535	92.0626068115
1220.86816406	88.4243240356
1221.15759277	105.343666077
1221.44689941	75.3611221313
1221.73632813	89.4904251099
1222.02575684	91.2144546509
1222.31506348	97.5258560181
1222.60449219	98.4632644653
1222.8939209	83.202911377
1223.18322754	94.0123596191
1223.47265625	102.955627441
1223.76208496	109.725067139
1224.0513916	113.892913818
1224.34082031	109.119873047
1224.63024902	86.9610900879
1224.91955566	98.6357727051
1225.20898438	92.2699508667
1225.49841309	85.0755233765
1225.7878418	107.599357605
1226.07714844	98.4390792847
1226.36657715	116.702659607
1226.65600586	106.239189148
1226.9453125	88.1565475464
1227.23474121	96.4835968018
1227.52416992	118.38243103
1227.81347656	111.51512146
1228.10290527	113.023330688
1228.39233398	108.287887573
1228.68164063	105.90788269
1228.97106934	123.336502075
1229.26049805	112.290504456
1229.54980469	100.553565979
1229.8392334	99.5730056763
1230.12866211	115.283851624
1230.41796875	104.950233459
1230.70739746	109.888130188
1230.99682617	116.485206604
1231.28613281	119.789772034
1231.57556152	97.6041259766
1231.86499023	107.146514893
1232.15429688	95.657623291
1232.44372559	127.162414551
1232.7331543	103.095916748
1233.02246094	147.584564209
1233.31188965	147.155761719
1233.60131836	146.667388916
1233.890625	143.105743408
1234.18005371	124.855644226
1234.46948242	124.64315033
1234.75878906	123.370079041
1235.04821777	143.28453064
1235.33764648	138.606704712
1235.62695313	134.596817017
1235.91638184	111.5522995
1236.20581055	146.729446411
1236.49511719	152.467605591
1236.7845459	123.013900757
1237.07397461	134.380020142
1237.36340332	145.179733276
1237.65270996	166.324142456
1237.94213867	148.088699341
1238.23156738	131.501693726
1238.52087402	152.87071228
1238.81030273	135.454605103
1239.09973145	140.968170166
1239.38903809	145.396270752
1239.6784668	152.937194824
1239.96789551	149.122161865
1240.25720215	149.997528076
1240.54663086	167.346557617
1240.83605957	134.766387939
1241.12536621	147.152008057
1241.41479492	150.015197754
1241.70422363	167.017059326
1241.99353027	157.004241943
1242.28295898	177.486083984
1242.5723877	161.179840088
1242.86169434	166.479034424
1243.15112305	161.233825684
1243.44055176	146.912918091
1243.7298584	159.604705811
1244.01928711	162.91368103
1244.30871582	162.23097229
1244.59802246	178.641494751
1244.88745117	174.542282104
1245.17687988	169.747756958
1245.46618652	173.8697052
1245.75561523	155.273910522
1246.04504395	186.356338501
1246.33435059	195.520767212
1246.6237793	180.248703003
1246.91320801	173.599685669
1247.20251465	180.77192688
1247.49194336	173.990585327
1247.78137207	188.285415649
1248.07067871	205.183731079
1248.36010742	207.773468018
1248.64953613	199.026306152
1248.93896484	184.219573975
1249.22827148	181.948944092
1249.5177002	202.783813477
1249.80712891	227.389678955
1250.09643555	210.060943604
1250.38586426	209.841125488
1250.67529297	200.217987061
1250.96459961	215.651947021
1251.25402832	208.711425781
1251.54345703	206.613189697
1251.83276367	219.823516846
1252.12219238	206.895202637
1252.41162109	225.460525513
1252.70092773	211.563919067
1252.99035645	233.892440796
1253.27978516	236.879165649
1253.5690918	221.467910767
1253.85852051	212.650436401
1254.14794922	233.358840942
1254.43725586	249.518875122
1254.72668457	243.228256226
1255.01611328	272.883422852
1255.30541992	250.732925415
1255.59484863	289.29385376
1255.88427734	259.330383301
1256.17358398	218.353713989
1256.4630127	247.308700562
1256.75244141	243.176757813
1257.04174805	281.162475586
1257.33117676	274.268341064
1257.62060547	267.188171387
1257.90991211	255.45904541
1258.19934082	259.625457764
1258.48876953	260.975952148
1258.77807617	290.922607422
1259.06750488	300.547515869
1259.35693359	309.357971191
1259.6463623	290.073699951
1259.93566895	288.174163818
1260.22509766	329.246826172
1260.51452637	321.092926025
1260.80383301	328.712921143
1261.09326172	310.346618652
1261.38269043	306.128753662
1261.67199707	323.891326904
1261.96142578	350.375610352
1262.25085449	319.525909424
1262.54016113	336.200592041
1262.82958984	330.761047363
1263.11901855	353.784393311
1263.4083252	341.305755615
1263.69775391	340.386199951
1263.98718262	367.693725586
1264.27648926	371.861572266
1264.56591797	353.1769104
1264.85534668	332.876525879
1265.14465332	365.120544434
1265.43408203	356.222991943
1265.72351074	362.035400391
1266.01281738	379.218383789
1266.30224609	376.796417236
1266.5916748	367.625915527
1266.88098145	381.760559082
1267.17041016	369.798065186
1267.45983887	406.909790039
1267.74914551	408.054199219
1268.03857422	409.681549072
1268.32800293	385.81427002
1268.61730957	419.444519043
1268.90673828	420.09677124
1269.19616699	413.3046875
1269.48547363	430.354370117
1269.77490234	436.459747314
1270.06433105	430.432800293
1270.3536377	434.915588379
1270.64306641	446.480438232
1270.93249512	476.327026367
1271.22192383	449.527130127
1271.51123047	433.570465088
1271.80065918	452.751525879
1272.09008789	467.276306152
1272.37939453	491.392883301
1272.66882324	441.567108154
1272.95825195	502.690063477
1273.24755859	460.837402344
1273.5369873	495.927154541
1273.82641602	509.114562988
1274.11572266	502.428894043
1274.40515137	498.608001709
1274.69458008	506.258789063
1274.98388672	509.360229492
1275.27331543	484.458770752
1275.56274414	512.656921387
1275.85205078	545.072814941
1276.14147949	565.322265625
1276.4309082	566.586791992
1276.72021484	554.010498047
1277.00964355	562.338500977
1277.29907227	552.434143066
1277.58837891	593.015075684
1277.87780762	584.434387207
1278.16723633	617.996337891
1278.45654297	574.426391602
1278.74597168	609.390625
1279.03540039	627.428161621
1279.32470703	638.120422363
1279.61413574	629.472839355
1279.90356445	615.712036133
1280.19287109	628.701660156
1280.4822998	622.822631836
1280.77172852	654.073059082
1281.06103516	675.799499512
1281.35046387	654.125061035
1281.63989258	638.1875
1281.92932129	643.684448242
1282.21862793	680.569091797
1282.50805664	705.065124512
1282.79748535	693.860900879
1283.08679199	703.31829834
1283.3762207	661.739624023
1283.66564941	673.497802734
1283.95495605	704.835083008
1284.24438477	722.698303223
1284.53381348	724.994567871
1284.82312012	722.52520752
1285.11254883	739.100341797
1285.40197754	762.391235352
1285.69128418	796.767578125
1285.98071289	806.580932617
1286.2701416	763.731750488
1286.55944824	763.506530762
1286.84887695	806.979064941
1287.13830566	777.34765625
1287.4276123	826.064331055
1287.71704102	868.688720703
1288.00646973	824.285827637
1288.29577637	858.483459473
1288.58520508	849.553649902
1288.87463379	805.177612305
1289.16394043	871.249267578
1289.45336914	867.231567383
1289.74279785	843.363342285
1290.03210449	869.650817871
1290.3215332	904.418273926
1290.61096191	906.717529297
1290.90026855	892.019165039
1291.18969727	884.636230469
1291.47912598	930.718688965
1291.76843262	942.315246582
1292.05786133	963.929870605
1292.34729004	977.027954102
1292.63659668	954.993652344
1292.92602539	942.031616211
1293.2154541	960.841125488
1293.50488281	976.257995605
1293.79418945	1005.70367432
1294.08361816	997.237304688
1294.37304688	1018.92858887
1294.66235352	1022.81665039
1294.95178223	1002.96838379
1295.24121094	1002.56158447
1295.53051758	1023.1161499
1295.81994629	1032.54675293
1296.109375	1036.29760742
1296.39868164	1057.53186035
1296.68811035	1067.82226563
1296.97753906	1058.95935059
1297.2668457	1111.38598633
1297.55627441	1051.03198242
1297.84570313	1090.85900879
1298.13500977	1084.76806641
1298.42443848	1094.75183105
1298.71386719	1127.85424805
1299.00317383	1103.36242676
1299.29260254	1106.04650879
1299.58203125	1110.40136719
1299.87133789	1127.36413574
1300.1607666	1119.64526367
1300.45019531	1113.37854004
1300.73950195	1140.36621094
1301.02893066	1133.32763672
1301.31835938	1145.78991699
1301.60766602	1139.80688477
1301.89709473	1163.20471191
1302.18652344	1207.1953125
1302.47583008	1181.29089355
1302.76525879	1159.92028809
1303.0546875	1136.83374023
1303.34399414	1186.40930176
1303.63342285	1173.36376953
1303.92285156	1163.80456543
1304.2121582	1188.69018555
1304.50158691	1184.1505127
1304.79101563	1188.99377441
1305.08044434	1201.02636719
1305.36975098	1207.62487793
1305.65917969	1145.82348633
1305.9486084	1157.61242676
1306.23791504	1176.76855469
1306.52734375	1163.0625
1306.81677246	1142.24890137
1307.1060791	1177.23168945
1307.39550781	1182.45959473
1307.68493652	1187.45605469
1307.97424316	1168.44226074
1308.26367188	1135.78601074
1308.55310059	1118.29907227
1308.84240723	1120.8873291
1309.13183594	1121.13623047
1309.42126465	1142.95056152
1309.71057129	1139.91235352
1310	1129.04711914
1310.28942871	1147.10949707
1310.57873535	1106.02490234
1310.86816406	1146.71911621
1311.15759277	1096.81665039
1311.44689941	1096.5826416
1311.73632813	1052.72229004
1312.02575684	1085.34472656
1312.31506348	1058.01062012
1312.60449219	1051.9284668
1312.8939209	1042.14367676
1313.18322754	1017.46533203
1313.47265625	1004.12200928
1313.76208496	1015.75030518
1314.0513916	995.137878418
1314.34082031	1010.19299316
1314.63024902	969.786621094
1314.91955566	947.132202148
1315.20898438	961.746398926
1315.49841309	946.941589355
1315.7878418	938.733520508
1316.07714844	913.741210938
1316.36657715	909.348022461
1316.65600586	889.856262207
1316.9453125	875.273620605
1317.23474121	888.245178223
1317.52416992	864.639648438
1317.81347656	871.801147461
1318.10290527	882.106689453
1318.39233398	884.765319824
1318.68164063	882.663146973
1318.97106934	820.735290527
1319.26049805	841.817260742
1319.54980469	795.627685547
1319.8392334	833.985961914
1320.12866211	781.960021973
1320.41796875	798.853942871
1320.70739746	792.424133301
1320.99682617	772.469421387
1321.28613281	772.458557129
1321.57556152	740.505371094
1321.86499023	755.681518555
1322.15429688	751.089111328
1322.44372559	733.609069824
1322.7331543	738.325256348
1323.02246094	733.325134277
1323.31188965	724.46472168
1323.60131836	729.551513672
1323.890625	670.834106445
1324.18005371	665.008361816
1324.46948242	683.326599121
1324.75878906	693.406555176
1325.04821777	653.285888672
1325.33764648	670.071411133
1325.62695313	650.20703125
1325.91638184	658.817321777
1326.20581055	628.591125488
1326.49511719	617.074401855
1326.7845459	640.243286133
1327.07397461	654.115234375
1327.36340332	617.786560059
1327.65270996	598.073547363
1327.94213867	610.20916748
1328.23156738	616.776000977
1328.52087402	556.691894531
1328.81030273	567.315795898
1329.09973145	564.791809082
1329.38903809	559.699890137
1329.6784668	567.057189941
1329.96789551	570.738220215
1330.25720215	551.279602051
1330.54663086	559.291748047
1330.83605957	528.05480957
1331.12536621	521.807617188
1331.41479492	540.219665527
1331.70422363	497.70980835
1331.99353027	505.112518311
1332.28295898	514.178344727
1332.5723877	513.329589844
1332.86169434	526.457397461
1333.15112305	507.603820801
1333.44055176	490.337127686
1333.7298584	493.494232178
1334.01928711	483.936981201
1334.30871582	484.35144043
1334.59802246	500.061279297
1334.88745117	454.160797119
1335.17687988	455.383361816
1335.46618652	471.640075684
1335.75561523	440.555023193
1336.04504395	439.065185547
1336.33435059	424.11340332
1336.6237793	448.555206299
1336.91320801	466.640075684
1337.20251465	466.337219238
1337.49194336	428.321502686
1337.78137207	425.224243164
1338.07067871	425.033203125
1338.36010742	409.471099854
1338.64953613	386.871398926
1338.93896484	376.282440186
1339.22827148	407.091888428
1339.5177002	370.038574219
1339.80712891	368.542877197
1340.09643555	365.188262939
1340.38586426	380.921081543
1340.67529297	376.920501709
1340.96459961	366.786102295
1341.25402832	369.984741211
1341.54345703	344.738067627
1341.83276367	330.8409729
1342.12219238	331.088439941
1342.41162109	318.495574951
1342.70092773	304.728851318
1342.99035645	326.115447998
1343.27978516	379.489868164
1343.5690918	350.400390625
1343.85852051	318.237701416
1344.14794922	287.616027832
1344.43725586	346.83807373
1344.72668457	292.215911865
1345.01611328	310.01171875
1345.30541992	313.868041992
1345.59484863	271.773223877
1345.88427734	243.798034668
1346.17358398	257.292053223
1346.4630127	251.677703857
1346.75244141	272.73425293
1347.04174805	284.834228516
1347.33117676	250.685699463
1347.62060547	261.72467041
1347.90991211	219.436462402
1348.19934082	239.005706787
1348.48876953	198.283935547
1348.77807617	227.399047852
1349.06750488	234.580108643
1349.35693359	212.982345581
1349.6463623	208.168777466
1349.93566895	202.370315552
1350.22509766	206.592391968
1350.51452637	205.763687134
1350.80383301	202.91444397
1351.09326172	244.231246948
1351.38269043	170.707229614
1351.67199707	157.201248169
1351.96142578	174.89012146
1352.25085449	164.998916626
1352.54016113	159.769790649
1352.82958984	171.191574097
1353.11901855	152.998123169
1353.4083252	142.360794067
1353.69775391	140.244476318
1353.98718262	128.378662109
1354.27648926	131.916137695
1354.56591797	130.066925049
1354.85534668	127.171813965
1355.14465332	54.4959144592
1355.43408203	89.2536315918
1355.72351074	86.0660400391
1356.01281738	74.6489257813
1356.30224609	93.9178771973
1356.5916748	110.699523926
1356.88098145	116.889831543
1357.17041016	112.114341736
1357.45983887	103.514152527
1357.74914551	79.8065109253
1358.03857422	107.23122406
1358.32800293	100.637870789
1358.61730957	79.0879440308
1358.90673828	86.095664978
1359.19616699	91.4290618896
1359.48547363	59.0563850403
1359.77490234	68.0948638916
1360.06433105	48.3144989014
1360.3536377	59.8666229248
1360.64306641	77.4173126221
1360.93249512	67.8097991943
1361.22192383	39.6954460144
1361.51123047	60.5278434753
1361.80065918	34.2992362976
1362.09008789	56.6135940552
1362.37939453	81.3161087036
1362.66882324	36.4781265259
1362.95825195	31.7797908783
1363.24755859	56.8646278381
1363.5369873	59.7781105042
1363.82641602	46.7194252014
1364.11572266	43.3799476624
1364.40515137	40.5653991699
1364.69458008	48.6243896484
1364.98388672	68.6877441406
1365.27331543	45.7604026794
1365.56274414	28.374080658
1365.85205078	36.6073570251
1366.14147949	15.4563856125
1366.4309082	36.5339279175
1366.72021484	35.0533370972
1367.00964355	0.264182716608
1367.29907227	10.9969997406
1367.58837891	29.7219753265
1367.87780762	26.0045967102
1368.16723633	24.9883899689
1368.45654297	19.8710823059
1368.74597168	-10.0254964828
1369.03540039	35.1672821045
1369.32470703	1.6652071476
1369.61413574	5.46833658218
1369.90356445	-38.9316596985
1370.19287109	4.32066059113
1370.4822998	5.77369260788
1370.77172852	12.0104150772
1371.06103516	10.3428134918
1371.35046387	24.6347122192
1371.63989258	12.9720211029
1371.92932129	4.85474061966
1372.21862793	4.73987293243
1372.50805664	-7.65621614456
1372.79748535	6.99261617661
1373.08679199	6.33770942688
1373.3762207	-7.0735168457
1373.66564941	-7.22693014145
1373.95495605	-25.0502948761
1374.24438477	-19.9815387726
1374.53381348	-17.0465736389
1374.82312012	-33.003238678
1375.11254883	-7.55850791931
1375.40197754	-0.342292636633
1375.69128418	-25.9776687622
1375.98071289	-0.00461681606248
1376.2701416	27.8702907562
1376.55944824	-37.7196769714
1376.84887695	-49.7783622742
1377.13830566	-26.2452526093
1377.4276123	-19.1389293671
1377.71704102	-31.4710540771
1378.00646973	4.20609951019
1378.29577637	1.22502088547
1378.58520508	-18.976732254
1378.87463379	0.998271763325
1379.16394043	1.77451741695
1379.45336914	-3.30125951767
1379.74279785	33.1942520142
1380.03210449	-2.97627902031
1380.3215332	8.44892024994
1380.61096191	-8.51601600647
1380.90026855	10.147436142
1381.18969727	-5.09337949753
1381.47912598	-6.30734014511
1381.76843262	-10.9148836136
1382.05786133	2.273011446
1382.34729004	-15.8930978775
1382.63659668	8.07455444336
1382.92602539	-18.109621048
1383.2154541	-14.3626441956
1383.50488281	-32.9555091858
1383.79418945	7.29583263397
1384.08361816	22.6966190338
1384.37304688	-12.2556238174
1384.66235352	-15.3172683716
1384.95178223	21.5927944183
1385.24121094	-2.78425192833
1385.53051758	-19.9665031433
1385.81994629	-15.2029237747
1386.109375	-6.4159078598
1386.39868164	-10.8530406952
1386.68811035	9.33583068848
1386.97753906	-20.0192432404
1387.2668457	27.4205760956
1387.55627441	33.2036857605
1387.84570313	1.14792919159
1388.13500977	31.8934135437
1388.42443848	13.7478122711
1388.71386719	-6.01790618896
1389.00317383	-3.03316450119
1389.29260254	-2.23247647285
1389.58203125	33.4734840393
1389.87133789	25.5485591888
1390.1607666	-6.89782381058
1390.45019531	21.7754230499
1390.73950195	21.7469806671
1391.02893066	-13.727232933
1391.31835938	9.51095485687
1391.60766602	23.641204834
1391.89709473	22.6357402802
1392.18652344	27.8568382263
1392.47583008	4.78884506226
1392.76525879	-6.77911901474
1393.0546875	6.12752580643
1393.34399414	28.8759403229
1393.63342285	23.2640304565
1393.92285156	-8.92454051971
1394.2121582	56.1061019897
1394.50158691	27.4790534973
1394.79101563	6.60103082657
1395.08044434	13.8733978271
1395.36975098	37.0539398193
1395.65917969	37.5553131104
1395.9486084	10.6040468216
1396.23791504	62.0902519226
1396.52734375	35.4011955261
1396.81677246	29.2092075348
1397.1060791	13.6158246994
1397.39550781	8.00782108307
1397.68493652	19.4989395142
1397.97424316	27.2375869751
1398.26367188	54.3200111389
1398.55310059	53.2452125549
1398.84240723	35.0746803284
1399.13183594	54.1580848694
1399.42126465	69.0940246582
1399.71057129	56.8941955566
1400	34.6885375977
